0	-0.000112442
9.62917e-012	-0.000117755
1.92583e-011	-0.000123153
2.88875e-011	-0.000128622
3.85167e-011	-0.000134144
4.81458e-011	-0.000139699
5.7775e-011	-0.000145266
6.74042e-011	-0.00015082
7.70333e-011	-0.000156332
8.66625e-011	-0.000161773
9.62917e-011	-0.000167109
1.05921e-010	-0.000172303
1.1555e-010	-0.000177314
1.25179e-010	-0.000182098
1.34808e-010	-0.000186608
1.44437e-010	-0.00019079
1.54067e-010	-0.000194588
1.63696e-010	-0.000197942
1.73325e-010	-0.000200784
1.82954e-010	-0.000203043
1.92583e-010	-0.000204644
2.02212e-010	-0.000205505
2.11842e-010	-0.000205537
2.21471e-010	-0.000204647
2.311e-010	-0.000202736
2.40729e-010	-0.000199697
2.50358e-010	-0.000195417
2.59987e-010	-0.000189776
2.69617e-010	-0.000182649
2.79246e-010	-0.0001739
2.88875e-010	-0.000163389
2.98504e-010	-0.000150965
3.08133e-010	-0.000136473
3.17762e-010	-0.000119748
3.27392e-010	-0.000100615
3.37021e-010	-7.88946e-005
3.4665e-010	-5.43963e-005
3.56279e-010	-2.69223e-005
3.65908e-010	3.73394e-006
3.75537e-010	3.77875e-005
3.85167e-010	7.54619e-005
3.94796e-010	0.000116989
4.04425e-010	0.000162609
4.14054e-010	0.000212572
4.23683e-010	0.000267133
4.33312e-010	0.000326558
4.42942e-010	0.000391119
4.52571e-010	0.000461097
4.622e-010	0.000536778
4.71829e-010	0.000618457
4.81458e-010	0.000706434
4.91087e-010	0.000801015
5.00717e-010	0.000902512
5.10346e-010	0.00101124
5.19975e-010	0.00112752
5.29604e-010	0.00125168
5.39233e-010	0.00138403
5.48862e-010	0.00152492
5.58492e-010	0.00167466
5.68121e-010	0.00183358
5.7775e-010	0.00200202
5.87379e-010	0.00218028
5.97008e-010	0.00236869
6.06637e-010	0.00256756
6.16267e-010	0.00277719
6.25896e-010	0.00299788
6.35525e-010	0.00322993
6.45154e-010	0.00347358
6.54783e-010	0.00372912
6.64412e-010	0.00399678
6.74042e-010	0.00427678
6.83671e-010	0.00456933
6.933e-010	0.0048746
7.02929e-010	0.00519275
7.12558e-010	0.00552392
7.22187e-010	0.00586819
7.31817e-010	0.00622563
7.41446e-010	0.00659627
7.51075e-010	0.00698009
7.60704e-010	0.00737705
7.70333e-010	0.00778705
7.79962e-010	0.00820994
7.89592e-010	0.00864553
7.99221e-010	0.00909358
8.0885e-010	0.00955376
8.18479e-010	0.0100257
8.28108e-010	0.010509
8.37737e-010	0.0110032
8.47367e-010	0.0115076
8.56996e-010	0.0120217
8.66625e-010	0.0125447
8.76254e-010	0.0130758
8.85883e-010	0.0136141
8.95512e-010	0.0141587
9.05142e-010	0.0147085
9.14771e-010	0.0152624
9.244e-010	0.015819
9.34029e-010	0.016377
9.43658e-010	0.0169351
9.53287e-010	0.0174915
9.62917e-010	0.0180447
9.72546e-010	0.0185928
9.82175e-010	0.019134
9.91804e-010	0.0196663
1.00143e-009	0.0201874
1.01106e-009	0.0206952
1.02069e-009	0.0211874
1.03032e-009	0.0216613
1.03995e-009	0.0221145
1.04958e-009	0.0225441
1.05921e-009	0.0229473
1.06884e-009	0.0233212
1.07847e-009	0.0236626
1.0881e-009	0.0239682
1.09772e-009	0.0242349
1.10735e-009	0.024459
1.11698e-009	0.024637
1.12661e-009	0.0247653
1.13624e-009	0.0248399
1.14587e-009	0.0248571
1.1555e-009	0.0248128
1.16513e-009	0.0247028
1.17476e-009	0.0245231
1.18439e-009	0.0242692
1.19402e-009	0.0239369
1.20365e-009	0.0235216
1.21327e-009	0.023019
1.2229e-009	0.0224244
1.23253e-009	0.0217332
1.24216e-009	0.0209408
1.25179e-009	0.0200425
1.26142e-009	0.0190335
1.27105e-009	0.0179093
1.28068e-009	0.0166652
1.29031e-009	0.0152963
1.29994e-009	0.0137982
1.30957e-009	0.0121661
1.3192e-009	0.0103957
1.32882e-009	0.00848233
1.33845e-009	0.0064217
1.34808e-009	0.00420955
1.35771e-009	0.00184172
1.36734e-009	-0.000685797
1.37697e-009	-0.00337684
1.3866e-009	-0.00623508
1.39623e-009	-0.00926401
1.40586e-009	-0.0124669
1.41549e-009	-0.0158468
1.42512e-009	-0.0194064
1.43475e-009	-0.0231484
1.44437e-009	-0.0270749
1.454e-009	-0.0311879
1.46363e-009	-0.035489
1.47326e-009	-0.0399794
1.48289e-009	-0.04466
1.49252e-009	-0.0495314
1.50215e-009	-0.0545936
1.51178e-009	-0.0598464
1.52141e-009	-0.065289
1.53104e-009	-0.0709201
1.54067e-009	-0.0767381
1.5503e-009	-0.0827408
1.55992e-009	-0.0889256
1.56955e-009	-0.0952891
1.57918e-009	-0.101828
1.58881e-009	-0.108537
1.59844e-009	-0.115412
1.60807e-009	-0.122448
1.6177e-009	-0.129637
1.62733e-009	-0.136975
1.63696e-009	-0.144453
1.64659e-009	-0.152064
1.65622e-009	-0.159798
1.66585e-009	-0.167648
1.67547e-009	-0.175603
1.6851e-009	-0.183653
1.69473e-009	-0.191786
1.70436e-009	-0.199992
1.71399e-009	-0.208258
1.72362e-009	-0.21657
1.73325e-009	-0.224917
1.74288e-009	-0.233282
1.75251e-009	-0.241653
1.76214e-009	-0.250012
1.77177e-009	-0.258346
1.7814e-009	-0.266636
1.79102e-009	-0.274867
1.80065e-009	-0.283021
1.81028e-009	-0.29108
1.81991e-009	-0.299025
1.82954e-009	-0.306838
1.83917e-009	-0.3145
1.8488e-009	-0.321991
1.85843e-009	-0.32929
1.86806e-009	-0.336379
1.87769e-009	-0.343236
1.88732e-009	-0.349841
1.89695e-009	-0.356172
1.90657e-009	-0.36221
1.9162e-009	-0.367932
1.92583e-009	-0.373317
1.93546e-009	-0.378345
1.94509e-009	-0.382994
1.95472e-009	-0.387243
1.96435e-009	-0.391071
1.97398e-009	-0.394458
1.98361e-009	-0.397383
1.99324e-009	-0.399826
2.00287e-009	-0.401767
2.0125e-009	-0.403186
2.02212e-009	-0.404066
2.03175e-009	-0.404388
2.04138e-009	-0.404133
2.05101e-009	-0.403285
2.06064e-009	-0.401828
2.07027e-009	-0.399745
2.0799e-009	-0.397022
2.08953e-009	-0.393645
2.09916e-009	-0.3896
2.10879e-009	-0.384877
2.11842e-009	-0.379463
2.12805e-009	-0.373349
2.13767e-009	-0.366526
2.1473e-009	-0.358986
2.15693e-009	-0.350722
2.16656e-009	-0.34173
2.17619e-009	-0.332006
2.18582e-009	-0.321547
2.19545e-009	-0.310352
2.20508e-009	-0.298421
2.21471e-009	-0.285755
2.22434e-009	-0.272359
2.23397e-009	-0.258235
2.2436e-009	-0.243392
2.25322e-009	-0.227835
2.26285e-009	-0.211575
2.27248e-009	-0.194622
2.28211e-009	-0.176988
2.29174e-009	-0.158687
2.30137e-009	-0.139735
2.311e-009	-0.120148
2.32063e-009	-0.0999447
2.33026e-009	-0.0791455
2.33989e-009	-0.0577717
2.34952e-009	-0.0358462
2.35915e-009	-0.0133934
2.36877e-009	0.00956071
2.3784e-009	0.0329889
2.38803e-009	0.0568627
2.39766e-009	0.081152
2.40729e-009	0.105826
2.41692e-009	0.130851
2.42655e-009	0.156195
2.43618e-009	0.181823
2.44581e-009	0.207699
2.45544e-009	0.233786
2.46507e-009	0.260046
2.4747e-009	0.286442
2.48432e-009	0.312934
2.49395e-009	0.339481
2.50358e-009	0.366045
2.51321e-009	0.392582
2.52284e-009	0.419053
2.53247e-009	0.445414
2.5421e-009	0.471625
2.55173e-009	0.497642
2.56136e-009	0.523423
2.57099e-009	0.548927
2.58062e-009	0.574109
2.59025e-009	0.598929
2.59987e-009	0.623345
2.6095e-009	0.647315
2.61913e-009	0.670797
2.62876e-009	0.693753
2.63839e-009	0.716142
2.64802e-009	0.737924
2.65765e-009	0.759062
2.66728e-009	0.779519
2.67691e-009	0.799259
2.68654e-009	0.818245
2.69617e-009	0.836445
2.7058e-009	0.853826
2.71542e-009	0.870356
2.72505e-009	0.886005
2.73468e-009	0.900746
2.74431e-009	0.914551
2.75394e-009	0.927395
2.76357e-009	0.939255
2.7732e-009	0.950108
2.78283e-009	0.959936
2.79246e-009	0.96872
2.80209e-009	0.976443
2.81172e-009	0.983091
2.82135e-009	0.988653
2.83097e-009	0.993117
2.8406e-009	0.996476
2.85023e-009	0.998723
2.85986e-009	0.999854
2.86949e-009	0.999867
2.87912e-009	0.998762
2.88875e-009	0.996541
2.89838e-009	0.993208
2.90801e-009	0.988769
2.91764e-009	0.983233
2.92727e-009	0.97661
2.9369e-009	0.968911
2.94652e-009	0.960152
2.95615e-009	0.950349
2.96578e-009	0.939519
2.97541e-009	0.927682
2.98504e-009	0.914861
2.99467e-009	0.901078
3.0043e-009	0.886359
3.01393e-009	0.87073
3.02356e-009	0.85422
3.03319e-009	0.836859
3.04282e-009	0.818678
3.05245e-009	0.799709
3.06207e-009	0.779987
3.0717e-009	0.759546
3.08133e-009	0.738424
3.09096e-009	0.716656
3.10059e-009	0.694281
3.11022e-009	0.671338
3.11985e-009	0.647867
3.12948e-009	0.623908
3.13911e-009	0.599502
3.14874e-009	0.574691
3.15837e-009	0.549516
3.168e-009	0.52402
3.17762e-009	0.498245
3.18725e-009	0.472233
3.19688e-009	0.446026
3.20651e-009	0.419668
3.21614e-009	0.393199
3.22577e-009	0.366663
3.2354e-009	0.3401
3.24503e-009	0.313551
3.25466e-009	0.287058
3.26429e-009	0.260659
3.27392e-009	0.234395
3.28355e-009	0.208304
3.29317e-009	0.182423
3.3028e-009	0.156789
3.31243e-009	0.131438
3.32206e-009	0.106404
3.33169e-009	0.081722
3.34132e-009	0.0574234
3.35095e-009	0.0335397
3.36058e-009	0.0101007
3.37021e-009	-0.0128648
3.37984e-009	-0.0353295
3.38947e-009	-0.0572676
3.3991e-009	-0.0786545
3.40872e-009	-0.0994673
3.41835e-009	-0.119684
3.42798e-009	-0.139286
3.43761e-009	-0.158253
3.44724e-009	-0.176569
3.45687e-009	-0.194219
3.4665e-009	-0.211188
3.47613e-009	-0.227465
3.48576e-009	-0.243038
3.49539e-009	-0.257898
3.50502e-009	-0.272038
3.51465e-009	-0.285452
3.52427e-009	-0.298134
3.5339e-009	-0.310083
3.54353e-009	-0.321295
3.55316e-009	-0.331771
3.56279e-009	-0.341513
3.57242e-009	-0.350521
3.58205e-009	-0.358801
3.59168e-009	-0.366358
3.60131e-009	-0.373198
3.61094e-009	-0.379329
3.62057e-009	-0.384759
3.6302e-009	-0.389498
3.63982e-009	-0.393558
3.64945e-009	-0.396951
3.65908e-009	-0.399689
3.66871e-009	-0.401786
3.67834e-009	-0.403258
3.68797e-009	-0.40412
3.6976e-009	-0.404388
3.70723e-009	-0.40408
3.71686e-009	-0.403213
3.72649e-009	-0.401806
3.73612e-009	-0.399877
3.74575e-009	-0.397445
3.75537e-009	-0.394531
3.765e-009	-0.391155
3.77463e-009	-0.387337
3.78426e-009	-0.383097
3.79389e-009	-0.378457
3.80352e-009	-0.373438
3.81315e-009	-0.368061
3.82278e-009	-0.362347
3.83241e-009	-0.356316
3.84204e-009	-0.349991
3.85167e-009	-0.343393
3.8613e-009	-0.336541
3.87092e-009	-0.329458
3.88055e-009	-0.322163
3.89018e-009	-0.314676
3.89981e-009	-0.307018
3.90944e-009	-0.299208
3.91907e-009	-0.291266
3.9287e-009	-0.28321
3.93833e-009	-0.275058
3.94796e-009	-0.266829
3.95759e-009	-0.258539
3.96722e-009	-0.250207
3.97685e-009	-0.241847
3.98647e-009	-0.233477
3.9961e-009	-0.225111
4.00573e-009	-0.216764
4.01536e-009	-0.208451
4.02499e-009	-0.200184
4.03462e-009	-0.191976
4.04425e-009	-0.183841
4.05388e-009	-0.175789
4.06351e-009	-0.167832
4.07314e-009	-0.15998
4.08277e-009	-0.152242
4.0924e-009	-0.144629
4.10202e-009	-0.137148
4.11165e-009	-0.129807
4.12128e-009	-0.122613
4.13091e-009	-0.115574
4.14054e-009	-0.108695
4.15017e-009	-0.101982
4.1598e-009	-0.0954393
4.16943e-009	-0.0890717
4.17906e-009	-0.0828827
4.18869e-009	-0.0768758
4.19832e-009	-0.0710534
4.20795e-009	-0.0654179
4.21757e-009	-0.0599709
4.2272e-009	-0.0547137
4.23683e-009	-0.0496471
4.24646e-009	-0.0447712
4.25609e-009	-0.0400861
4.26572e-009	-0.0355913
4.27535e-009	-0.0312858
4.28498e-009	-0.0271685
4.29461e-009	-0.0232377
4.30424e-009	-0.0194914
4.31387e-009	-0.0159276
4.3235e-009	-0.0125435
4.33312e-009	-0.00933656
4.34275e-009	-0.00630362
4.35238e-009	-0.00344145
4.36201e-009	-0.000746556
4.37164e-009	0.00178472
4.38127e-009	0.00415622
4.3909e-009	0.00637195
4.40053e-009	0.00843606
4.41016e-009	0.0103528
4.41979e-009	0.0121265
4.42942e-009	0.0137617
4.43905e-009	0.0152629
4.44867e-009	0.0166347
4.4583e-009	0.0178818
4.46793e-009	0.0190087
4.47756e-009	0.0200202
4.48719e-009	0.0209211
4.49682e-009	0.0217159
4.50645e-009	0.0224094
4.51608e-009	0.0230062
4.52571e-009	0.023511
4.53534e-009	0.0239282
4.54497e-009	0.0242624
4.5546e-009	0.024518
4.56422e-009	0.0246995
4.57385e-009	0.024811
4.58348e-009	0.0248568
4.59311e-009	0.024841
4.60274e-009	0.0247676
4.61237e-009	0.0246406
4.622e-009	0.0244637
4.63163e-009	0.0242406
4.64126e-009	0.0239749
4.65089e-009	0.0236701
4.66052e-009	0.0233295
4.67015e-009	0.0229564
4.67977e-009	0.0225538
4.6894e-009	0.0221248
4.69903e-009	0.0216721
4.70866e-009	0.0211986
4.71829e-009	0.0207069
4.72792e-009	0.0201994
4.73755e-009	0.0196785
4.74718e-009	0.0191465
4.75681e-009	0.0186055
4.76644e-009	0.0180575
4.77607e-009	0.0175044
4.7857e-009	0.016948
4.79532e-009	0.01639
4.80495e-009	0.015832
4.81458e-009	0.0152753
4.82421e-009	0.0147214
4.83384e-009	0.0141715
4.84347e-009	0.0136267
4.8531e-009	0.0130883
4.86273e-009	0.012557
4.87236e-009	0.0120338
4.88199e-009	0.0115195
4.89162e-009	0.0110148
4.90125e-009	0.0105204
4.91087e-009	0.0100368
4.9205e-009	0.00956461
4.93013e-009	0.00910415
4.93976e-009	0.00865582
4.94939e-009	0.00821994
4.95902e-009	0.00779675
4.96865e-009	0.00738645
4.97828e-009	0.00698918
4.98791e-009	0.00660505
4.99754e-009	0.0062341
5.00717e-009	0.00587636
5.0168e-009	0.00553178
5.02642e-009	0.00520031
5.03605e-009	0.00488186
5.04568e-009	0.00457628
5.05531e-009	0.00428344
5.06494e-009	0.00400315
5.07457e-009	0.00373521
5.0842e-009	0.0034794
5.09383e-009	0.00323546
5.10346e-009	0.00300316
5.11309e-009	0.0027822
5.12272e-009	0.00257231
5.13235e-009	0.00237319
5.14197e-009	0.00218455
5.1516e-009	0.00200605
5.16123e-009	0.00183739
5.17086e-009	0.00167825
5.18049e-009	0.0015283
5.19012e-009	0.00138722
5.19975e-009	0.00125466
5.20938e-009	0.00113032
5.21901e-009	0.00101386
5.22864e-009	0.000904959
5.23827e-009	0.000803298
5.2479e-009	0.000708559
5.25752e-009	0.000620432
5.26715e-009	0.00053861
5.27678e-009	0.000462792
5.28641e-009	0.000392685
5.29604e-009	0.000328001
5.30567e-009	0.00026846
5.3153e-009	0.000213788
5.32493e-009	0.000163722
5.33456e-009	0.000118003
5.34419e-009	7.63837e-005
5.35382e-009	3.86223e-005
5.36345e-009	4.48706e-006
5.37307e-009	-2.62458e-005
5.3827e-009	-5.37915e-005
5.39233e-009	-7.83568e-005
5.40196e-009	-0.00010014
5.41159e-009	-0.00011933
5.42122e-009	-0.00013611
5.43085e-009	-0.000150652
5.44048e-009	-0.000163122
5.45011e-009	-0.000173676
5.45974e-009	-0.000182464
5.46937e-009	-0.000189628
5.479e-009	-0.000195301
5.48862e-009	-0.000199611
5.49825e-009	-0.000202678
5.50788e-009	-0.000204615
5.51751e-009	-0.000205527
5.52714e-009	-0.000205515
5.53677e-009	-0.000204673
5.5464e-009	-0.000203089
5.55603e-009	-0.000200843
5.56566e-009	-0.000198014
5.57529e-009	-0.000194672
5.58492e-009	-0.000190883
5.59455e-009	-0.000186709
5.60417e-009	-0.000182206
5.6138e-009	-0.000177428
5.62343e-009	-0.000172421
5.63306e-009	-0.000167231
5.64269e-009	-0.000161899
5.65232e-009	-0.00015646
5.66195e-009	-0.000150949
5.67158e-009	-0.000145396
5.68121e-009	-0.000139829
5.69084e-009	-0.000134273
5.70047e-009	-0.00012875
5.7101e-009	-0.000123279
5.71972e-009	-0.000117879
5.72935e-009	-0.000112565
