4.81458e-012	-0.000115087
1.44437e-011	-0.000120444
2.40729e-011	-0.000125879
3.37021e-011	-0.000131377
4.33312e-011	-0.000136919
5.29604e-011	-0.000142483
6.25896e-011	-0.000148046
7.22187e-011	-0.000153583
8.18479e-011	-0.000159064
9.14771e-011	-0.000164456
1.01106e-010	-0.000169726
1.10735e-010	-0.000174834
1.20365e-010	-0.000179737
1.29994e-010	-0.00018439
1.39623e-010	-0.000188743
1.49252e-010	-0.000192741
1.58881e-010	-0.000196325
1.6851e-010	-0.000199431
1.7814e-010	-0.000201991
1.87769e-010	-0.000203931
1.97398e-010	-0.000205173
2.07027e-010	-0.00020563
2.16656e-010	-0.000205213
2.26285e-010	-0.000203826
2.35915e-010	-0.000201364
2.45544e-010	-0.000197719
2.55173e-010	-0.000192774
2.64802e-010	-0.000186407
2.74431e-010	-0.000178486
2.8406e-010	-0.000168874
2.9369e-010	-0.000157426
3.03319e-010	-0.000143988
3.12948e-010	-0.0001284
3.22577e-010	-0.000110493
3.32206e-010	-9.00901e-005
3.41835e-010	-6.70049e-005
3.51465e-010	-4.1044e-005
3.61094e-010	-1.20052e-005
3.70723e-010	2.03223e-005
3.80352e-010	5.61578e-005
3.89981e-010	9.5729e-005
3.9961e-010	0.000139272
4.0924e-010	0.000187032
4.18869e-010	0.000239261
4.28498e-010	0.000296221
4.38127e-010	0.000358179
4.47756e-010	0.000425413
4.57385e-010	0.000498206
4.67015e-010	0.000576849
4.76644e-010	0.000661639
4.86273e-010	0.00075288
4.95902e-010	0.000850879
5.05531e-010	0.000955953
5.1516e-010	0.00106842
5.2479e-010	0.00118859
5.34419e-010	0.00131681
5.44048e-010	0.00145339
5.53677e-010	0.00159866
5.63306e-010	0.00175295
5.72935e-010	0.00191659
5.82565e-010	0.0020899
5.92194e-010	0.00227319
6.01823e-010	0.00246679
6.11452e-010	0.00267101
6.21081e-010	0.00288614
6.3071e-010	0.00311247
6.4034e-010	0.00335029
6.49969e-010	0.00359985
6.59598e-010	0.00386142
6.69227e-010	0.00413522
6.78856e-010	0.00442147
6.88485e-010	0.00472036
6.98115e-010	0.00503206
7.07744e-010	0.0053567
7.17373e-010	0.00569441
7.27002e-010	0.00604526
7.36631e-010	0.0064093
7.4626e-010	0.00678653
7.5589e-010	0.00717693
7.65519e-010	0.00758043
7.75148e-010	0.0079969
7.84777e-010	0.00842617
7.94406e-010	0.00886802
8.04035e-010	0.00932217
8.13665e-010	0.0097883
8.23294e-010	0.010266
8.32923e-010	0.0107548
8.42552e-010	0.0112542
8.52181e-010	0.0117635
8.6181e-010	0.0122821
8.7144e-010	0.0128093
8.81069e-010	0.0133441
8.90698e-010	0.0138857
9.00327e-010	0.0144331
9.09956e-010	0.014985
9.19585e-010	0.0155404
9.29215e-010	0.0160979
9.38844e-010	0.0166562
9.48473e-010	0.0172136
9.58102e-010	0.0177686
9.67731e-010	0.0183195
9.7736e-010	0.0188644
9.8699e-010	0.0194014
9.96619e-010	0.0199284
1.00625e-009	0.0204431
1.01588e-009	0.0209434
1.02551e-009	0.0214268
1.03514e-009	0.0218907
1.04476e-009	0.0223324
1.05439e-009	0.0227492
1.06402e-009	0.0231381
1.07365e-009	0.0234961
1.08328e-009	0.0238201
1.09291e-009	0.0241066
1.10254e-009	0.0243525
1.11217e-009	0.024554
1.1218e-009	0.0247076
1.13143e-009	0.0248095
1.14106e-009	0.024856
1.15069e-009	0.0248429
1.16031e-009	0.0247663
1.16994e-009	0.0246219
1.17957e-009	0.0244057
1.1892e-009	0.0241131
1.19883e-009	0.0237399
1.20846e-009	0.0232815
1.21809e-009	0.0227335
1.22772e-009	0.0220912
1.23735e-009	0.0213499
1.24698e-009	0.0205051
1.25661e-009	0.0195521
1.26624e-009	0.0184861
1.27586e-009	0.0173025
1.28549e-009	0.0159966
1.29512e-009	0.0145637
1.30475e-009	0.0129992
1.31438e-009	0.0112985
1.32401e-009	0.00945714
1.33364e-009	0.00747069
1.34327e-009	0.00533483
1.3529e-009	0.00304534
1.36253e-009	0.000598164
1.37216e-009	-0.00201064
1.38179e-009	-0.00478484
1.39141e-009	-0.007728
1.40104e-009	-0.0108435
1.41067e-009	-0.0141345
1.4203e-009	-0.0176039
1.42993e-009	-0.0212545
1.43956e-009	-0.0250884
1.44919e-009	-0.029108
1.45882e-009	-0.0333148
1.46845e-009	-0.0377104
1.47808e-009	-0.0422959
1.48771e-009	-0.0470718
1.49734e-009	-0.0520387
1.50696e-009	-0.0571963
1.51659e-009	-0.062544
1.52622e-009	-0.0680811
1.53585e-009	-0.0738059
1.54548e-009	-0.0797166
1.55511e-009	-0.0858106
1.56474e-009	-0.0920852
1.57437e-009	-0.0985367
1.584e-009	-0.105161
1.59363e-009	-0.111954
1.60326e-009	-0.11891
1.61289e-009	-0.126024
1.62251e-009	-0.133288
1.63214e-009	-0.140697
1.64177e-009	-0.148242
1.6514e-009	-0.155916
1.66103e-009	-0.163709
1.67066e-009	-0.171613
1.68029e-009	-0.179617
1.68992e-009	-0.18771
1.69955e-009	-0.195881
1.70918e-009	-0.204118
1.71881e-009	-0.212409
1.72844e-009	-0.22074
1.73806e-009	-0.229098
1.74769e-009	-0.237468
1.75732e-009	-0.245835
1.76695e-009	-0.254183
1.77658e-009	-0.262497
1.78621e-009	-0.27076
1.79584e-009	-0.278955
1.80547e-009	-0.287063
1.8151e-009	-0.295068
1.82473e-009	-0.302949
1.83436e-009	-0.310689
1.84399e-009	-0.318268
1.85361e-009	-0.325666
1.86324e-009	-0.332862
1.87287e-009	-0.339838
1.8825e-009	-0.346571
1.89213e-009	-0.353042
1.90176e-009	-0.359229
1.91139e-009	-0.365111
1.92102e-009	-0.370668
1.93065e-009	-0.375877
1.94028e-009	-0.380718
1.94991e-009	-0.38517
1.95954e-009	-0.389211
1.96916e-009	-0.392821
1.97879e-009	-0.395979
1.98842e-009	-0.398666
1.99805e-009	-0.40086
2.00768e-009	-0.402543
2.01731e-009	-0.403695
2.02694e-009	-0.404298
2.03657e-009	-0.404334
2.0462e-009	-0.403784
2.05583e-009	-0.402634
2.06546e-009	-0.400865
2.07509e-009	-0.398464
2.08471e-009	-0.395416
2.09434e-009	-0.391707
2.10397e-009	-0.387324
2.1136e-009	-0.382257
2.12323e-009	-0.376494
2.13286e-009	-0.370026
2.14249e-009	-0.362846
2.15212e-009	-0.354945
2.16175e-009	-0.346318
2.17138e-009	-0.33696
2.18101e-009	-0.326869
2.19064e-009	-0.316042
2.20026e-009	-0.304478
2.20989e-009	-0.29218
2.21952e-009	-0.279148
2.22915e-009	-0.265388
2.23878e-009	-0.250903
2.24841e-009	-0.235702
2.25804e-009	-0.219792
2.26767e-009	-0.203184
2.2773e-009	-0.185889
2.28693e-009	-0.16792
2.29656e-009	-0.149291
2.30619e-009	-0.130019
2.31581e-009	-0.110122
2.32544e-009	-0.0896183
2.33507e-009	-0.068529
2.3447e-009	-0.0468764
2.35433e-009	-0.0246841
2.36396e-009	-0.00197736
2.37359e-009	0.0212173
2.38322e-009	0.044872
2.39285e-009	0.0689573
2.40248e-009	0.0934428
2.41211e-009	0.118297
2.42174e-009	0.143486
2.43136e-009	0.168976
2.44099e-009	0.194732
2.45062e-009	0.220718
2.46025e-009	0.246897
2.46988e-009	0.27323
2.47951e-009	0.299678
2.48914e-009	0.326203
2.49877e-009	0.352764
2.5084e-009	0.379319
2.51803e-009	0.405829
2.52766e-009	0.43225
2.53729e-009	0.458541
2.54691e-009	0.48466
2.55654e-009	0.510565
2.56617e-009	0.536212
2.5758e-009	0.561561
2.58543e-009	0.586567
2.59506e-009	0.61119
2.60469e-009	0.635388
2.61432e-009	0.659119
2.62395e-009	0.682344
2.63358e-009	0.705021
2.64321e-009	0.727111
2.65284e-009	0.748576
2.66246e-009	0.769378
2.67209e-009	0.789481
2.68172e-009	0.808848
2.69135e-009	0.827445
2.70098e-009	0.84524
2.71061e-009	0.862199
2.72024e-009	0.878292
2.72987e-009	0.893491
2.7395e-009	0.907767
2.74913e-009	0.921094
2.75876e-009	0.933449
2.76839e-009	0.944809
2.77801e-009	0.955152
2.78764e-009	0.964459
2.79727e-009	0.972715
2.8069e-009	0.979902
2.81653e-009	0.986008
2.82616e-009	0.991022
2.83579e-009	0.994935
2.84542e-009	0.997738
2.85505e-009	0.999428
2.86468e-009	1
2.87431e-009	0.999454
2.88394e-009	0.99779
2.89356e-009	0.995013
2.90319e-009	0.991126
2.91282e-009	0.986138
2.92245e-009	0.980056
2.93208e-009	0.972894
2.94171e-009	0.964664
2.95134e-009	0.95538
2.96097e-009	0.945061
2.9706e-009	0.933725
2.98023e-009	0.921393
2.98986e-009	0.908088
2.99949e-009	0.893834
3.00911e-009	0.878656
3.01874e-009	0.862583
3.02837e-009	0.845644
3.038e-009	0.827869
3.04763e-009	0.80929
3.05726e-009	0.78994
3.06689e-009	0.769854
3.07652e-009	0.749068
3.08615e-009	0.727618
3.09578e-009	0.705542
3.10541e-009	0.682878
3.11504e-009	0.659666
3.12466e-009	0.635946
3.13429e-009	0.611758
3.14392e-009	0.587145
3.15355e-009	0.562147
3.16318e-009	0.536806
3.17281e-009	0.511165
3.18244e-009	0.485266
3.19207e-009	0.459151
3.2017e-009	0.432863
3.21133e-009	0.406445
3.22096e-009	0.379937
3.23059e-009	0.353382
3.24021e-009	0.326821
3.24984e-009	0.300295
3.25947e-009	0.273844
3.2691e-009	0.247508
3.27873e-009	0.221325
3.28836e-009	0.195335
3.29799e-009	0.169573
3.30762e-009	0.144076
3.31725e-009	0.118879
3.32688e-009	0.0940172
3.33651e-009	0.0695228
3.34614e-009	0.0454278
3.35576e-009	0.0217628
3.36539e-009	-0.00144295
3.37502e-009	-0.0241614
3.38465e-009	-0.0463659
3.39428e-009	-0.0680314
3.40391e-009	-0.0891341
3.41354e-009	-0.109652
3.42317e-009	-0.129563
3.4328e-009	-0.14885
3.44243e-009	-0.167494
3.45206e-009	-0.185478
3.46169e-009	-0.202789
3.47131e-009	-0.219414
3.48094e-009	-0.23534
3.49057e-009	-0.250558
3.5002e-009	-0.265059
3.50983e-009	-0.278836
3.51946e-009	-0.291885
3.52909e-009	-0.3042
3.53872e-009	-0.315781
3.54835e-009	-0.326625
3.55798e-009	-0.336734
3.56761e-009	-0.346108
3.57724e-009	-0.354752
3.58686e-009	-0.36267
3.59649e-009	-0.369867
3.60612e-009	-0.376352
3.61575e-009	-0.382131
3.62538e-009	-0.387214
3.63501e-009	-0.391612
3.64464e-009	-0.395337
3.65427e-009	-0.398401
3.6639e-009	-0.400817
3.67353e-009	-0.402599
3.68316e-009	-0.403764
3.69279e-009	-0.404327
3.70241e-009	-0.404305
3.71204e-009	-0.403715
3.72167e-009	-0.402576
3.7313e-009	-0.400905
3.74093e-009	-0.398722
3.75056e-009	-0.396047
3.76019e-009	-0.3929
3.76982e-009	-0.3893
3.77945e-009	-0.385268
3.78908e-009	-0.380826
3.79871e-009	-0.375994
3.80834e-009	-0.370793
3.81796e-009	-0.365245
3.82759e-009	-0.35937
3.83722e-009	-0.353189
3.84685e-009	-0.346725
3.85648e-009	-0.339997
3.86611e-009	-0.333027
3.87574e-009	-0.325835
3.88537e-009	-0.318442
3.895e-009	-0.310867
3.90463e-009	-0.303131
3.91426e-009	-0.295253
3.92389e-009	-0.287251
3.93351e-009	-0.279145
3.94314e-009	-0.270952
3.95277e-009	-0.26269
3.9624e-009	-0.254377
3.97203e-009	-0.246029
3.98166e-009	-0.237663
3.99129e-009	-0.229293
4.00092e-009	-0.220934
4.01055e-009	-0.212602
4.02018e-009	-0.204311
4.02981e-009	-0.196072
4.03944e-009	-0.187899
4.04906e-009	-0.179804
4.05869e-009	-0.171798
4.06832e-009	-0.163892
4.07795e-009	-0.156096
4.08758e-009	-0.148419
4.09721e-009	-0.140871
4.10684e-009	-0.133459
4.11647e-009	-0.126191
4.1261e-009	-0.119074
4.13573e-009	-0.112114
4.14536e-009	-0.105317
4.15499e-009	-0.098689
4.16461e-009	-0.0922334
4.17424e-009	-0.0859546
4.18387e-009	-0.0798563
4.1935e-009	-0.0739414
4.20313e-009	-0.0682122
4.21276e-009	-0.0626708
4.22239e-009	-0.0573186
4.23202e-009	-0.0521565
4.24165e-009	-0.0471853
4.25128e-009	-0.0424049
4.26091e-009	-0.037815
4.27054e-009	-0.033415
4.28016e-009	-0.0292037
4.28979e-009	-0.0251799
4.29942e-009	-0.0213416
4.30905e-009	-0.0176868
4.31868e-009	-0.0142132
4.32831e-009	-0.0109181
4.33794e-009	-0.00779854
4.34757e-009	-0.0048514
4.3572e-009	-0.00207332
4.36683e-009	0.000539297
4.37646e-009	0.0029902
4.38609e-009	0.0052833
4.39571e-009	0.0074227
4.40534e-009	0.00941258
4.41497e-009	0.0112573
4.4246e-009	0.0129612
4.43423e-009	0.0145288
4.44386e-009	0.0159647
4.45349e-009	0.0172736
4.46312e-009	0.01846
4.47275e-009	0.0195286
4.48238e-009	0.0204842
4.49201e-009	0.0213315
4.50164e-009	0.022075
4.51126e-009	0.0227196
4.52089e-009	0.0232698
4.53052e-009	0.0237302
4.54015e-009	0.0241054
4.54978e-009	0.0243997
4.55941e-009	0.0246177
4.56904e-009	0.0247637
4.57867e-009	0.0248418
4.5883e-009	0.0248563
4.59793e-009	0.0248113
4.60756e-009	0.0247106
4.61719e-009	0.0245581
4.62681e-009	0.0243577
4.63644e-009	0.0241128
4.64607e-009	0.0238272
4.6557e-009	0.0235041
4.66533e-009	0.0231468
4.67496e-009	0.0227586
4.68459e-009	0.0223424
4.69422e-009	0.0219012
4.70385e-009	0.0214378
4.71348e-009	0.0209549
4.72311e-009	0.020455
4.73274e-009	0.0199405
4.74236e-009	0.0194138
4.75199e-009	0.018877
4.76162e-009	0.0183323
4.77125e-009	0.0177815
4.78088e-009	0.0172265
4.79051e-009	0.0166691
4.80014e-009	0.0161109
4.80977e-009	0.0155534
4.8194e-009	0.0149979
4.82903e-009	0.0144459
4.83866e-009	0.0138984
4.84829e-009	0.0133567
4.85791e-009	0.0128216
4.86754e-009	0.0122943
4.87717e-009	0.0117755
4.8868e-009	0.0112659
4.89643e-009	0.0107663
4.90606e-009	0.0102772
4.91569e-009	0.00979928
4.92532e-009	0.00933289
4.93495e-009	0.00887845
4.94458e-009	0.00843631
4.95421e-009	0.00800674
4.96384e-009	0.00758997
4.97346e-009	0.00718618
4.98309e-009	0.00679547
4.99272e-009	0.00641793
5.00235e-009	0.00605358
5.01198e-009	0.00570243
5.02161e-009	0.00536441
5.03124e-009	0.00503947
5.04087e-009	0.00472747
5.0505e-009	0.00442828
5.06013e-009	0.00414174
5.06976e-009	0.00386765
5.07939e-009	0.0036058
5.08901e-009	0.00335596
5.09864e-009	0.00311787
5.10827e-009	0.00289128
5.1179e-009	0.00267589
5.12753e-009	0.00247143
5.13716e-009	0.00227758
5.14679e-009	0.00209405
5.15642e-009	0.00192051
5.16605e-009	0.00175666
5.17568e-009	0.00160215
5.18531e-009	0.00145667
5.19494e-009	0.00131989
5.20456e-009	0.00119149
5.21419e-009	0.00107113
5.22382e-009	0.000958485
5.23345e-009	0.000853243
5.24308e-009	0.000755083
5.25271e-009	0.000663688
5.26234e-009	0.000578751
5.27197e-009	0.000499969
5.2816e-009	0.000427043
5.29123e-009	0.000359683
5.30086e-009	0.000297605
5.31049e-009	0.000240532
5.32011e-009	0.000188196
5.32974e-009	0.000140335
5.33937e-009	9.66964e-005
5.349e-009	5.70354e-005
5.35863e-009	2.11156e-005
5.36826e-009	-1.1291e-005
5.37789e-009	-4.04039e-005
5.38752e-009	-6.64341e-005
5.39715e-009	-8.9584e-005
5.40678e-009	-0.000110048
5.41641e-009	-0.000128011
5.42604e-009	-0.00014365
5.43566e-009	-0.000157136
5.44529e-009	-0.000168629
5.45492e-009	-0.000178282
5.46455e-009	-0.00018624
5.47418e-009	-0.000192643
5.48381e-009	-0.000197619
5.49344e-009	-0.000201293
5.50307e-009	-0.000203781
5.5127e-009	-0.000205192
5.52233e-009	-0.000205631
5.53196e-009	-0.000205192
5.54159e-009	-0.000203968
5.55121e-009	-0.000202044
5.56084e-009	-0.000199497
5.57047e-009	-0.000196403
5.5801e-009	-0.000192829
5.58973e-009	-0.00018884
5.59936e-009	-0.000184495
5.60899e-009	-0.000179849
5.61862e-009	-0.00017495
5.62825e-009	-0.000169847
5.63788e-009	-0.00016458
5.64751e-009	-0.00015919
5.65714e-009	-0.000153711
5.66676e-009	-0.000148176
5.67639e-009	-0.000142612
5.68602e-009	-0.000137048
5.69565e-009	-0.000131506
5.70528e-009	-0.000126007
5.71491e-009	-0.000120569
5.72454e-009	-0.00011521
5.73417e-009	-0.000109944
