% time-domain voltage integration by openEMS v0.0.35 @Sun Apr 12 21:57:14 2020
% start-coordinates: (0.1,0,0.755) m -> [68,48,151]
% stop-coordinates: (0.23,0,0.755) m -> [94,48,151]
% t/s	voltage
0	0
1.15549993312e-010	0
2.31099986624e-010	0
3.46649979937e-010	0
4.62199973249e-010	0
5.77749966561e-010	0
6.93299959873e-010	0
8.08849953185e-010	0
9.24399946497e-010	0
1.03994993981e-009	0
1.15549993312e-009	0
1.27104992643e-009	0
1.38659991975e-009	0
1.50214991306e-009	0
1.61769990637e-009	0
1.73324989968e-009	-1.9589117617e-033
1.84879989299e-009	-4.79135891645e-026
1.96434988631e-009	-4.50708907373e-020
2.07989987962e-009	-2.66060913566e-015
2.19544987293e-009	-1.17018896743e-011
2.31099986624e-009	-3.5869969911e-009
2.42654985956e-009	-5.98834177801e-008
2.54209985287e-009	-1.63237884543e-007
2.65764984618e-009	-1.40934603987e-007
2.77319983949e-009	3.26814590945e-008
2.8887498328e-009	5.93971337892e-007
3.00429982612e-009	1.86970585503e-006
3.11984981943e-009	4.26504718121e-006
3.23539981274e-009	7.99107415617e-006
3.35094980605e-009	1.27019328602e-005
3.46649979937e-009	1.69326861794e-005
3.58204979268e-009	1.76500062139e-005
3.69759978599e-009	1.01136544117e-005
3.8131497793e-009	-1.13309209837e-005
3.92869977261e-009	-5.12630940648e-005
4.04424976593e-009	-0.000110254226911
4.15979975924e-009	-0.000181703133876
4.27534975255e-009	-0.000250063983003
4.39089974586e-009	-0.00029216864823
4.50644973917e-009	-0.000282496883756
4.62199973249e-009	-0.000201768370516
4.7375497258e-009	-4.62367154341e-005
4.85309971911e-009	0.000166299130342
4.96864971242e-009	0.000397250631067
5.08419970574e-009	0.000595974697717
5.19974969905e-009	0.000714394420356
5.31529969236e-009	0.000722339682397
5.43084968567e-009	0.000617661955403
5.54639967898e-009	0.000426973214417
5.6619496723e-009	0.000196703811071
5.77749966561e-009	-2.18290485918e-005
5.89304965892e-009	-0.000187490608823
6.00859965223e-009	-0.000279151701307
6.12414964555e-009	-0.000297597120152
6.23969963886e-009	-0.000260335058556
6.35524963217e-009	-0.000192591122413
6.47079962548e-009	-0.000118442928851
6.58634961879e-009	-5.49769055169e-005
6.70189961211e-009	-1.04143734916e-005
6.81744960542e-009	1.45628090138e-005
6.93299959873e-009	2.38980451854e-005
7.04854959204e-009	2.31905634109e-005
7.16409958535e-009	1.75881550035e-005
7.27964957867e-009	1.07779009397e-005
7.39519957198e-009	4.86424806923e-006
7.51074956529e-009	7.02198123648e-007
7.6262995586e-009	-1.65724710044e-006
7.74184955192e-009	-2.58050459934e-006
7.85739954523e-009	-2.54897226171e-006
7.97294953854e-009	-2.00253895599e-006
8.08849953185e-009	-1.29147709771e-006
8.20404952516e-009	-6.68887590649e-007
8.31959951848e-009	-2.45827971312e-007
8.43514951179e-009	6.54369153308e-009
8.5506995051e-009	9.51423715367e-008
8.66624949841e-009	7.46767772064e-008
8.78179949173e-009	1.70215107287e-008
8.89734948504e-009	-2.44807510652e-008
9.01289947835e-009	-4.72843153521e-008
9.12844947166e-009	-5.27653549742e-008
9.24399946497e-009	-4.9341789321e-008
9.35954945829e-009	-5.40292449669e-008
9.4750994516e-009	-7.68758980918e-008
9.59064944491e-009	-1.01552887433e-007
9.70619943822e-009	-1.08732255644e-007
9.82174943153e-009	-1.03858837974e-007
9.93729942485e-009	-8.9776176937e-008
1.00528494182e-008	-6.52662426326e-008
1.01683994115e-008	-5.07883421985e-008
