% time-domain current integration by openEMS v0.0.35 @Sun Apr 12 21:57:14 2020
% start-coordinates: (-0.12,-0.12,0.245) m -> [24,24,49]
% stop-coordinates: (0.115,0.115,0.245) m -> [71,71,49]
% t/s	current
4.81458305467e-012	0
1.20364576367e-010	0
2.35914569679e-010	0
3.51464562991e-010	0
4.67014556303e-010	-4.648821217e-019
5.82564549616e-010	-2.67518429284e-012
6.98114542928e-010	-1.46005996182e-009
8.1366453624e-010	-3.04269343054e-009
9.29214529552e-010	-2.7123780999e-009
1.04476452286e-009	2.71330985457e-010
1.16031451618e-009	1.06522684007e-008
1.27586450949e-009	3.51563258505e-008
1.3914145028e-009	8.13231721963e-008
1.50696449611e-009	1.54052045787e-007
1.62251448943e-009	2.47558745059e-007
1.73806448274e-009	3.34406593083e-007
1.85361447605e-009	3.55487486559e-007
1.96916446936e-009	2.17771500388e-007
2.08471446267e-009	-1.90968876268e-007
2.20026445599e-009	-9.64708078754e-007
2.3158144493e-009	-2.12056374949e-006
2.43136444261e-009	-3.53554014509e-006
2.54691443592e-009	-4.90870615977e-006
2.66246442923e-009	-5.78435083298e-006
2.77801442255e-009	-5.65363870919e-006
2.89356441586e-009	-4.12297777075e-006
3.00911440917e-009	-1.10015264454e-006
3.12466440248e-009	3.0809180771e-006
3.2402143958e-009	7.66908578953e-006
3.35576438911e-009	1.16638593681e-005
3.47131438242e-009	1.41020191222e-005
3.58686437573e-009	1.43647548612e-005
3.70241436904e-009	1.23850095406e-005
3.81796436236e-009	8.6695772552e-006
3.93351435567e-009	4.12834833696e-006
4.04906434898e-009	-2.19681751901e-007
4.16461434229e-009	-3.54823146154e-006
4.28016433561e-009	-5.42377802049e-006
4.39571432892e-009	-5.8489613366e-006
4.51126432223e-009	-5.16328464073e-006
4.62681431554e-009	-3.86450574297e-006
4.74236430885e-009	-2.43060844696e-006
4.85791430217e-009	-1.20132722259e-006
4.97346429548e-009	-3.38469902772e-007
5.08901428879e-009	1.47768162151e-007
5.2045642821e-009	3.38523449273e-007
5.32011427541e-009	3.45656786749e-007
5.43566426873e-009	2.6850639756e-007
5.55121426204e-009	1.73814498794e-007
5.66676425535e-009	9.5615654061e-008
5.78231424866e-009	4.3918042536e-008
5.89786424198e-009	1.52625911909e-008
6.01341423529e-009	2.16721796065e-009
6.1289642286e-009	-2.24789498127e-009
6.24451422191e-009	-2.99994629138e-009
6.36006421522e-009	-2.55938581439e-009
6.47561420854e-009	-2.36338926207e-009
6.59116420185e-009	-2.92215940334e-009
6.70671419516e-009	-3.56677931634e-009
6.82226418847e-009	-4.28045154877e-009
6.93781418179e-009	-4.80061324026e-009
7.0533641751e-009	-4.06477340675e-009
7.16891416841e-009	-8.66936078481e-010
7.28446416172e-009	5.43855804835e-009
7.40001415503e-009	1.54571733191e-008
7.51556414835e-009	2.81512644307e-008
7.63111414166e-009	4.06968183597e-008
7.74666413497e-009	4.93930905066e-008
7.86221412828e-009	4.95665126721e-008
7.97776412159e-009	3.72871156173e-008
8.09331411491e-009	1.17287903834e-008
8.20886410822e-009	-2.4689823519e-008
8.32441410153e-009	-6.58094450046e-008
8.43996409484e-009	-1.02384703382e-007
8.55551408816e-009	-1.25727638078e-007
8.67106408147e-009	-1.29948162453e-007
8.78661407478e-009	-1.13556943404e-007
8.90216406809e-009	-8.09960809534e-008
9.0177140614e-009	-4.04011402111e-008
9.13326405472e-009	-8.39574243461e-010
9.24881404803e-009	2.95865483224e-008
9.36436404134e-009	4.67424037254e-008
9.47991403465e-009	5.07846351638e-008
9.59546402797e-009	4.44684609135e-008
9.71101402128e-009	3.265703441e-008
9.82656401459e-009	1.99633660714e-008
9.9421140079e-009	9.12161102207e-009
1.00576640012e-008	1.80065851119e-009
1.01732139945e-008	-2.07776573724e-009
