% time-domain voltage integration by openEMS v0.0.35 @Sun Apr 12 21:57:14 2020
% start-coordinates: (0.1,0,0.25) m -> [68,48,50]
% stop-coordinates: (0.23,0,0.25) m -> [94,48,50]
% t/s	voltage
0	0
1.15549993312e-010	0
2.31099986624e-010	0
3.46649979937e-010	0
4.62199973249e-010	-2.17922092055e-018
5.77749966561e-010	-4.09613809885e-011
6.93299959873e-010	-5.67915003913e-008
8.08849953185e-010	-1.60798232063e-007
9.24399946497e-010	-1.26560834923e-007
1.03994993981e-009	-1.70870896876e-008
1.15549993312e-009	4.45888934664e-007
1.27104992643e-009	1.58727226562e-006
1.38659991975e-009	3.77599027956e-006
1.50214991306e-009	7.29213360273e-006
1.61769990637e-009	1.19258656355e-005
1.73324989968e-009	1.64484639811e-005
1.84879989299e-009	1.80891727268e-005
1.96434988631e-009	1.2339162339e-005
2.07989987962e-009	-6.4369876327e-006
2.19544987293e-009	-4.32138473343e-005
2.31099986624e-009	-9.94477293261e-005
2.42654985956e-009	-0.00016987897834
2.54209985287e-009	-0.000240395246237
2.65764984618e-009	-0.000288720119897
2.77319983949e-009	-0.000289109144433
2.8887498328e-009	-0.000220597406042
3.00429982612e-009	-7.63924724652e-005
3.11984981943e-009	0.000129293308191
3.23539981274e-009	0.000360716553587
3.35094980605e-009	0.000568207709875
3.46649979937e-009	0.000702197032297
3.58204979268e-009	0.000728823531972
3.69759978599e-009	0.000641230100882
3.8131497793e-009	0.000461917700704
3.92869977261e-009	0.000235099908878
4.04424976593e-009	1.23180969638e-005
4.15979975924e-009	-0.000162996517247
4.27534975255e-009	-0.00026643580668
4.39089974586e-009	-0.000295739014291
4.50644973917e-009	-0.000266460907369
4.62199973249e-009	-0.000203259194677
4.7375497258e-009	-0.000130722603444
4.85309971911e-009	-6.69446585562e-005
4.96864971242e-009	-2.11188415165e-005
5.08419970574e-009	5.47350491331e-006
5.19974969905e-009	1.65620591304e-005
5.31529969236e-009	1.77159431871e-005
5.43084968567e-009	1.40858889779e-005
5.54639967898e-009	9.27944012119e-006
5.6619496723e-009	5.18290983109e-006
5.77749966561e-009	2.41868536932e-006
5.89304965892e-009	8.85026636865e-007
6.00859965223e-009	1.79686296065e-007
6.12414964555e-009	-7.17149646334e-008
6.23969963886e-009	-1.15354709562e-007
6.35524963217e-009	-1.02017685633e-007
6.47079962548e-009	-8.46643024577e-008
6.58634961879e-009	-5.21693708233e-008
6.70189961211e-009	4.76586115711e-009
6.81744960542e-009	7.19447719177e-008
6.93299959873e-009	1.14033150478e-007
7.04854959204e-009	6.12316433113e-008
7.16409958535e-009	-1.23879549063e-007
7.27964957867e-009	-4.68554578248e-007
7.39519957198e-009	-9.96028195033e-007
7.51074956529e-009	-1.62698666628e-006
7.6262995586e-009	-2.23666106081e-006
7.74184955192e-009	-2.65333046201e-006
7.85739954523e-009	-2.6293351425e-006
7.97294953854e-009	-1.99486774477e-006
8.08849953185e-009	-7.04809480112e-007
8.20404952516e-009	1.13666965973e-006
8.31959951848e-009	3.20117378294e-006
8.43514951179e-009	5.0315482838e-006
8.5506995051e-009	6.20081476654e-006
8.66624949841e-009	6.38937531505e-006
8.78179949173e-009	5.53468437658e-006
8.89734948504e-009	3.87228390508e-006
9.01289947835e-009	1.79792567678e-006
9.12844947166e-009	-2.08668180957e-007
9.24399946497e-009	-1.73703545414e-006
9.35954945829e-009	-2.59551462989e-006
9.4750994516e-009	-2.77519131942e-006
9.59064944491e-009	-2.42695371355e-006
9.70619943822e-009	-1.80881868417e-006
9.82174943153e-009	-1.1374121307e-006
9.93729942485e-009	-5.64077677012e-007
1.00528494182e-008	-1.77587477612e-007
1.01683994115e-008	3.82612319605e-008
