% time-domain voltage integration by openEMS v0.0.35 @Sun Apr 12 21:57:14 2020
% start-coordinates: (0.1,0,0.75) m -> [68,48,150]
% stop-coordinates: (0.23,0,0.75) m -> [94,48,150]
% t/s	voltage
0	0
1.15549993312e-010	0
2.31099986624e-010	0
3.46649979937e-010	0
4.62199973249e-010	0
5.77749966561e-010	0
6.93299959873e-010	0
8.08849953185e-010	0
9.24399946497e-010	0
1.03994993981e-009	0
1.15549993312e-009	0
1.27104992643e-009	0
1.38659991975e-009	0
1.50214991306e-009	0
1.61769990637e-009	0
1.73324989968e-009	-2.23005876062e-032
1.84879989299e-009	-3.49365224952e-025
1.96434988631e-009	-2.33813615211e-019
2.07989987962e-009	-9.9534814368e-015
2.19544987293e-009	-3.11824971226e-011
2.31099986624e-009	-6.48947608151e-009
2.42654985956e-009	-7.36592373762e-008
2.54209985287e-009	-1.59024862167e-007
2.65764984618e-009	-1.1872936212e-007
2.77319983949e-009	8.41933771589e-008
2.8887498328e-009	7.21531648651e-007
3.00429982612e-009	2.15006048165e-006
3.11984981943e-009	4.72916192962e-006
3.23539981274e-009	8.63232473591e-006
3.35094980605e-009	1.34066893622e-005
3.46649979937e-009	1.73647597705e-005
3.58204979268e-009	1.71982087807e-005
3.69759978599e-009	7.97504108618e-006
3.8131497793e-009	-1.59605801571e-005
3.92869977261e-009	-5.88020811847e-005
4.04424976593e-009	-0.000120242186313
4.15979975924e-009	-0.000192429121853
4.27534975255e-009	-0.000258522556578
4.39089974586e-009	-0.000294574588224
4.50644973917e-009	-0.000275395060726
4.62199973249e-009	-0.0001834388313
4.7375497258e-009	-1.78724065449e-005
4.85309971911e-009	0.00020020689999
4.96864971242e-009	0.00042970767845
5.08419970574e-009	0.000619375337919
5.19974969905e-009	0.000722869326637
5.31529969236e-009	0.000713700133929
5.43084968567e-009	0.000594148577875
5.54639967898e-009	0.000394489059545
5.6619496723e-009	0.000162866065693
5.77749966561e-009	-5.00456901591e-005
5.89304965892e-009	-0.000205630394248
6.00859965223e-009	-0.000286074806354
6.12414964555e-009	-0.000295094396279
6.23969963886e-009	-0.000251915666468
6.35524963217e-009	-0.000182046854206
6.47079962548e-009	-0.0001087426308
6.58634961879e-009	-4.77658098816e-005
6.70189961211e-009	-6.06970885997e-006
6.81744960542e-009	1.65311382432e-005
6.93299959873e-009	2.43430764613e-005
7.04854959204e-009	2.29171797628e-005
7.16409958535e-009	1.71426011946e-005
7.27964957867e-009	1.04315808755e-005
7.39519957198e-009	4.68548191179e-006
7.51074956529e-009	6.3919218185e-007
7.6262995586e-009	-1.69247426385e-006
7.74184955192e-009	-2.63155239821e-006
7.85739954523e-009	-2.61844160576e-006
7.97294953854e-009	-2.08756003772e-006
8.08849953185e-009	-1.38569415853e-006
8.20404952516e-009	-7.49998427807e-007
8.31959951848e-009	-2.89435128309e-007
8.43514951179e-009	-1.46169700233e-008
8.5506995051e-009	8.00841002402e-008
8.66624949841e-009	7.78125248679e-008
8.78179949173e-009	3.01276332215e-008
8.89734948504e-009	-1.98827583842e-008
9.01289947835e-009	-4.77602460913e-008
9.12844947166e-009	-4.63557610075e-008
9.24399946497e-009	-4.49044640916e-008
9.35954945829e-009	-5.86366220579e-008
9.4750994516e-009	-7.70939404537e-008
9.59064944491e-009	-9.72179989844e-008
9.70619943822e-009	-1.13350709929e-007
9.82174943153e-009	-1.07509079639e-007
9.93729942485e-009	-8.26607839954e-008
1.00528494182e-008	-6.19722063666e-008
1.01683994115e-008	-5.57318809435e-008
