% time-domain current integration by openEMS v0.0.35 @Sun Apr 12 21:57:14 2020
% start-coordinates: (-0.12,-0.12,0.25) m -> [24,24,50]
% stop-coordinates: (0.115,0.115,0.25) m -> [71,71,50]
% t/s	current
4.81458305467e-012	0
1.20364576367e-010	0
2.35914569679e-010	0
3.51464562991e-010	0
4.67014556303e-010	-2.75884864502e-020
5.82564549616e-010	-5.87517285256e-013
6.98114542928e-010	-9.74847202961e-010
8.1366453624e-010	-3.00937319508e-009
9.29214529552e-010	-2.57217536159e-009
1.04476452286e-009	-5.67658309247e-010
1.16031451618e-009	8.36127433956e-009
1.27586450949e-009	3.03812832669e-008
1.3914145028e-009	7.2968639131e-008
1.50696449611e-009	1.41867303682e-007
1.62251448943e-009	2.33359941149e-007
1.73806448274e-009	3.23850684936e-007
1.85361447605e-009	3.59587460252e-007
1.96916446936e-009	2.52216352692e-007
2.08471446267e-009	-1.09703805151e-007
2.20026445599e-009	-8.26309587865e-007
2.3158144493e-009	-1.92979791791e-006
2.43136444261e-009	-3.32097079081e-006
2.54691443592e-009	-4.72593455925e-006
2.66246442923e-009	-5.70708243686e-006
2.77801442255e-009	-5.75353124077e-006
2.89356441586e-009	-4.44323086413e-006
3.00911440917e-009	-1.62979802099e-006
3.12466440248e-009	2.41928319156e-006
3.2402143958e-009	7.00729242453e-006
3.35576438911e-009	1.11539384307e-005
3.47131438242e-009	1.38706800499e-005
3.58686437573e-009	1.44717732837e-005
3.70241436904e-009	1.28023784782e-005
3.81796436236e-009	9.29163252295e-006
3.93351435567e-009	4.80700327898e-006
4.04906434898e-009	3.71287598e-007
4.16461434229e-009	-3.14493559017e-006
4.28016433561e-009	-5.24369170307e-006
4.39571432892e-009	-5.86704663874e-006
4.51126432223e-009	-5.31504201717e-006
4.62681431554e-009	-4.07410607295e-006
4.74236430885e-009	-2.63466904471e-006
4.85791430217e-009	-1.36088817726e-006
4.97346429548e-009	-4.40391744405e-007
5.08901428879e-009	9.74069038762e-008
5.2045642821e-009	3.24713511191e-007
5.32011427541e-009	3.52034732032e-007
5.43566426873e-009	2.82054116951e-007
5.55121426204e-009	1.87165539955e-007
5.66676425535e-009	1.055756087e-007
5.78231424866e-009	4.98499126422e-008
5.89786424198e-009	1.83216322114e-008
6.01341423529e-009	3.48883122392e-009
6.1289642286e-009	-2.03233607721e-009
6.24451422191e-009	-3.0567173237e-009
6.36006421522e-009	-2.65990895976e-009
6.47561420854e-009	-2.56061949422e-009
6.59116420185e-009	-3.02349167924e-009
6.70671419516e-009	-3.62289154232e-009
6.82226418847e-009	-4.47991643782e-009
6.93781418179e-009	-4.70551020371e-009
7.0533641751e-009	-3.69006603052e-009
7.16891416841e-009	-2.72543959623e-010
7.28446416172e-009	6.72329703022e-009
7.40001415503e-009	1.72060072856e-008
7.51556414835e-009	2.99640063872e-008
7.63111414166e-009	4.24163388857e-008
7.74666413497e-009	5.00858838848e-008
7.86221412828e-009	4.85332734002e-008
7.97776412159e-009	3.44761339477e-008
8.09331411491e-009	6.92132529068e-009
8.20886410822e-009	-3.07722061166e-008
8.32441410153e-009	-7.16026278269e-008
8.43996409484e-009	-1.06857811488e-007
8.55551408816e-009	-1.27693027707e-007
8.67106408147e-009	-1.2862730614e-007
8.78661407478e-009	-1.09652781077e-007
8.90216406809e-009	-7.53511102403e-008
9.0177140614e-009	-3.4198411214e-008
9.13326405472e-009	4.25462509668e-009
9.24881404803e-009	3.29621521189e-008
9.36436404134e-009	4.8229821914e-008
9.47991403465e-009	5.02906694066e-008
9.59546402797e-009	4.29582058814e-008
9.71101402128e-009	3.07710514846e-008
9.82656401459e-009	1.79608008466e-008
9.9421140079e-009	7.74362884925e-009
1.00576640012e-008	9.52300238666e-010
1.01732139945e-008	-2.60974153399e-009
