% time-domain current integration by openEMS v0.0.35 @Sun Apr 12 21:57:14 2020
% start-coordinates: (-0.12,-0.12,0.75) m -> [24,24,150]
% stop-coordinates: (0.115,0.115,0.75) m -> [71,71,150]
% t/s	current
4.81458305467e-012	0
1.20364576367e-010	0
2.35914569679e-010	0
3.51464562991e-010	0
4.67014556303e-010	0
5.82564549616e-010	0
6.98114542928e-010	0
8.1366453624e-010	0
9.29214529552e-010	0
1.04476452286e-009	0
1.16031451618e-009	0
1.27586450949e-009	0
1.3914145028e-009	0
1.50696449611e-009	0
1.62251448943e-009	0
1.73806448274e-009	-2.80028399428e-034
1.85361447605e-009	-4.52243171756e-027
1.96916446936e-009	-3.13345850922e-021
2.08471446267e-009	-1.39660062893e-016
2.20026445599e-009	-4.67155068969e-013
2.3158144493e-009	-1.08609815586e-010
2.43136444261e-009	-1.43748268844e-009
2.54691443592e-009	-3.16791681776e-009
2.66246442923e-009	-2.3417414674e-009
2.77801442255e-009	1.35923461375e-009
2.89356441586e-009	1.37793021437e-008
3.00911440917e-009	4.12798470961e-008
3.12466440248e-009	9.16705715781e-008
3.2402143958e-009	1.68295088088e-007
3.35576438911e-009	2.62789313865e-007
3.47131438242e-009	3.42632404227e-007
3.58686437573e-009	3.43511317169e-007
3.70241436904e-009	1.68413762935e-007
3.81796436236e-009	-2.94991423289e-007
3.93351435567e-009	-1.131723252e-006
4.04906434898e-009	-2.33968080465e-006
4.16461434229e-009	-3.76867251362e-006
4.28016433561e-009	-5.09044093633e-006
4.39571432892e-009	-5.83318251302e-006
4.51126432223e-009	-5.49538708583e-006
4.62681431554e-009	-3.72127124137e-006
4.74236430885e-009	-4.81467623104e-007
4.85791430217e-009	3.8197822505e-006
4.97346429548e-009	8.37782590679e-006
5.08901428879e-009	1.21784414659e-005
5.2045642821e-009	1.42951821545e-005
5.32011427541e-009	1.41879436342e-005
5.43566426873e-009	1.18849047794e-005
5.55121426204e-009	7.9731362348e-006
5.66676425535e-009	3.40185442838e-006
5.78231424866e-009	-8.2167622395e-007
5.89786424198e-009	-3.92481115341e-006
6.01341423529e-009	-5.54745429326e-006
6.1289642286e-009	-5.76038655709e-006
6.24451422191e-009	-4.9463283176e-006
6.36006421522e-009	-3.61430807061e-006
6.47561420854e-009	-2.22591233978e-006
6.59116420185e-009	-1.08791209641e-006
6.70671419516e-009	-3.26068800405e-007
6.82226418847e-009	7.82429481205e-008
6.93781418179e-009	2.22821583407e-007
7.0533641751e-009	2.22434067609e-007
7.16891416841e-009	1.68505991383e-007
7.28446416172e-009	1.14576195642e-007
7.40001415503e-009	8.04553224043e-008
7.51556414835e-009	6.48730562602e-008
7.63111414166e-009	5.8542600101e-008
7.74666413497e-009	5.31748298727e-008
7.86221412828e-009	4.49642065803e-008
7.97776412159e-009	3.39008749961e-008
8.09331411491e-009	2.18688427367e-008
8.20886410822e-009	1.07573914221e-008
8.32441410153e-009	2.25464646952e-009
8.43996409484e-009	-2.65761568308e-009
8.55551408816e-009	-5.02696728688e-009
8.67106408147e-009	-5.27174215392e-009
8.78661407478e-009	-4.34198454968e-009
8.90216406809e-009	-3.10817704907e-009
9.0177140614e-009	-2.26699459205e-009
9.13326405472e-009	-1.79242809484e-009
9.24881404803e-009	-1.70640379604e-009
9.36436404134e-009	-1.92884974659e-009
9.47991403465e-009	-1.99021665814e-009
9.59546402797e-009	-1.75372816269e-009
9.71101402128e-009	-1.49574430619e-009
9.82656401459e-009	-1.34566358057e-009
9.9421140079e-009	-1.29471988686e-009
1.00576640012e-008	-1.48444190273e-009
1.01732139945e-008	-1.83165282941e-009
