% time-domain voltage integration by openEMS v0.0.35 @Sun Apr 12 21:57:14 2020
% start-coordinates: (0.1,0,0.255) m -> [68,48,51]
% stop-coordinates: (0.23,0,0.255) m -> [94,48,51]
% t/s	voltage
0	0
1.15549993312e-010	0
2.31099986624e-010	0
3.46649979937e-010	0
4.62199973249e-010	-1.08489620045e-019
5.77749966561e-010	-8.02197132506e-012
6.93299959873e-010	-3.32256094859e-008
8.08849953185e-010	-1.36390019945e-007
9.24399946497e-010	-1.36505814652e-007
1.03994993981e-009	-6.68228482548e-008
1.15549993312e-009	3.35675474972e-007
1.27104992643e-009	1.35360955511e-006
1.38659991975e-009	3.3624200384e-006
1.50214991306e-009	6.68947623694e-006
1.61769990637e-009	1.12146080085e-005
1.73324989968e-009	1.58868967333e-005
1.84879989299e-009	1.81855213555e-005
1.96434988631e-009	1.3853852721e-005
2.07989987962e-009	-2.64864321053e-006
2.19544987293e-009	-3.65632474768e-005
2.31099986624e-009	-9.00820680272e-005
2.42654985956e-009	-0.00015909361764
2.54209985287e-009	-0.000230816800467
2.65764984618e-009	-0.000284007588562
2.77319983949e-009	-0.000292986482236
2.8887498328e-009	-0.000235454454469
3.00429982612e-009	-0.000102012376146
3.11984981943e-009	9.64003374975e-005
3.23539981274e-009	0.000326945894813
3.35094980605e-009	0.000541252454241
3.46649979937e-009	0.000688694324708
3.58204979268e-009	0.000732237003831
3.69759978599e-009	0.00066068583692
3.8131497793e-009	0.000492459866109
3.92869977261e-009	0.000269381714588
4.04424976593e-009	4.29408862601e-005
4.15979975924e-009	-0.00014141177985
4.27534975255e-009	-0.000256070980413
4.39089974586e-009	-0.000295631637528
4.50644973917e-009	-0.000273528055004
4.62199973249e-009	-0.000213674821225
4.7375497258e-009	-0.000141163992112
4.85309971911e-009	-7.53091906063e-005
4.96864971242e-009	-2.66000226361e-005
5.08419970574e-009	2.67216601912e-006
5.19974969905e-009	1.56905128108e-005
5.31529969236e-009	1.79516097774e-005
5.43084968567e-009	1.47609724195e-005
5.54639967898e-009	9.96231014483e-006
5.6619496723e-009	5.70454933779e-006
5.77749966561e-009	2.74912618181e-006
5.89304965892e-009	1.04700350612e-006
6.00859965223e-009	2.48697361371e-007
6.12414964555e-009	-4.50449578887e-008
6.23969963886e-009	-1.21971972744e-007
6.35524963217e-009	-1.04433549142e-007
6.47079962548e-009	-7.37925005545e-008
6.58634961879e-009	-5.59516796228e-008
6.70189961211e-009	1.39836568158e-008
6.81744960542e-009	8.13105778263e-008
6.93299959873e-009	1.04357610553e-007
7.04854959204e-009	5.02735223451e-008
7.16409958535e-009	-1.55755752074e-007
7.27964957867e-009	-5.39894717377e-007
7.39519957198e-009	-1.07832982366e-006
7.51074956529e-009	-1.72219276351e-006
7.6262995586e-009	-2.3274692964e-006
7.74184955192e-009	-2.67724025349e-006
7.85739954523e-009	-2.57895550959e-006
7.97294953854e-009	-1.85138129538e-006
8.08849953185e-009	-4.52179256705e-007
8.20404952516e-009	1.43795478991e-006
8.31959951848e-009	3.49147100565e-006
8.43514951179e-009	5.2599225171e-006
8.5506995051e-009	6.2879656042e-006
8.66624949841e-009	6.31924075378e-006
8.78179949173e-009	5.33951322268e-006
8.89734948504e-009	3.57951729058e-006
9.01289947835e-009	1.49063080457e-006
9.12844947166e-009	-4.58922555069e-007
9.24399946497e-009	-1.90965359081e-006
9.35954945829e-009	-2.66014998829e-006
9.4750994516e-009	-2.74723985427e-006
9.59064944491e-009	-2.35578924901e-006
9.70619943822e-009	-1.70954075784e-006
9.82174943153e-009	-1.04312895211e-006
9.93729942485e-009	-5.04196820295e-007
1.00528494182e-008	-1.34438693955e-007
1.01683994115e-008	5.91826377905e-008
