% time-domain voltage integration by openEMS v0.0.35 @Sun Apr 12 21:57:14 2020
% start-coordinates: (0.1,0,0.245) m -> [68,48,49]
% stop-coordinates: (0.23,0,0.245) m -> [94,48,49]
% t/s	voltage
0	0
1.15549993312e-010	0
2.31099986624e-010	0
3.46649979937e-010	0
4.62199973249e-010	-3.62085231284e-017
5.77749966561e-010	-1.8341759795e-010
6.93299959873e-010	-8.09566964577e-008
8.08849953185e-010	-1.59061199101e-007
9.24399946497e-010	-1.37995352922e-007
1.03994993981e-009	2.37442716045e-008
1.15549993312e-009	5.61895070916e-007
1.27104992643e-009	1.82638452628e-006
1.38659991975e-009	4.1997078597e-006
1.50214991306e-009	7.91190529981e-006
1.61769990637e-009	1.26460553247e-005
1.73324989968e-009	1.6970360349e-005
1.84879989299e-009	1.78429341986e-005
1.96434988631e-009	1.05323995285e-005
2.07989987962e-009	-1.06241051014e-005
2.19544987293e-009	-5.02879418036e-005
2.31099986624e-009	-0.000109140815994
2.42654985956e-009	-0.000180695634299
2.54209985287e-009	-0.000249492080457
2.65764984618e-009	-0.000292375356366
2.77319983949e-009	-0.000283733983451
2.8887498328e-009	-0.000204076700811
3.00429982612e-009	-4.93874313179e-005
3.11984981943e-009	0.000162768802511
3.23539981274e-009	0.000393955419895
3.35094980605e-009	0.000593557157117
3.46649979937e-009	0.00071333885171
3.58204979268e-009	0.000722878667148
3.69759978599e-009	0.000619758426183
3.8131497793e-009	0.000430340676758
3.92869977261e-009	0.000200914942525
4.04424976593e-009	-1.7240525068e-005
4.15979975924e-009	-0.000182988108918
4.27534975255e-009	-0.000275170466011
4.39089974586e-009	-0.000294560443763
4.50644973917e-009	-0.000258666355421
4.62199973249e-009	-0.000192658781543
4.7375497258e-009	-0.000120480710393
4.85309971911e-009	-5.89886859643e-005
4.96864971242e-009	-1.60652386114e-005
5.08419970574e-009	7.94791333192e-006
5.19974969905e-009	1.72134750187e-005
5.31529969236e-009	1.73774872678e-005
5.43084968567e-009	1.34004964707e-005
5.54639967898e-009	8.60496963639e-006
5.6619496723e-009	4.68854639735e-006
5.77749966561e-009	2.12781485232e-006
5.89304965892e-009	7.31239639506e-007
6.00859965223e-009	1.18231998414e-007
6.12414964555e-009	-7.88703815591e-008
6.23969963886e-009	-1.20345648114e-007
6.35524963217e-009	-9.92809199296e-008
6.47079962548e-009	-8.04601261173e-008
6.58634961879e-009	-6.46656213021e-008
6.70189961211e-009	7.51768286511e-010
6.81744960542e-009	7.32336212783e-008
6.93299959873e-009	1.07917456971e-007
7.04854959204e-009	7.53810045495e-008
7.16409958535e-009	-8.39278551101e-008
7.27964957867e-009	-4.18417076986e-007
7.39519957198e-009	-9.08755223961e-007
7.51074956529e-009	-1.52471905679e-006
7.6262995586e-009	-2.16019770605e-006
7.74184955192e-009	-2.60446768863e-006
7.85739954523e-009	-2.66325073994e-006
7.97294953854e-009	-2.13914432123e-006
8.08849953185e-009	-9.31947441885e-007
8.20404952516e-009	8.40873326524e-007
8.31959951848e-009	2.89427217837e-006
8.43514951179e-009	4.80324143837e-006
8.5506995051e-009	6.08814143277e-006
8.66624949841e-009	6.42502945425e-006
8.78179949173e-009	5.72563017442e-006
8.89734948504e-009	4.14764298995e-006
9.01289947835e-009	2.10141303114e-006
9.12844947166e-009	6.67166144552e-008
9.24399946497e-009	-1.55868187335e-006
9.35954945829e-009	-2.5151178491e-006
9.4750994516e-009	-2.77761220957e-006
9.59064944491e-009	-2.50181508221e-006
9.70619943822e-009	-1.90254153409e-006
9.82174943153e-009	-1.22229776878e-006
9.93729942485e-009	-6.39087117449e-007
1.00528494182e-008	-2.17199297214e-007
1.01683994115e-008	2.34474322458e-008
