% time-domain voltage integration by openEMS v0.0.35 @Sun Apr 12 21:57:14 2020
% start-coordinates: (0.1,0,0.745) m -> [68,48,149]
% stop-coordinates: (0.23,0,0.745) m -> [94,48,149]
% t/s	voltage
0	0
1.15549993312e-010	0
2.31099986624e-010	0
3.46649979937e-010	0
4.62199973249e-010	0
5.77749966561e-010	0
6.93299959873e-010	0
8.08849953185e-010	0
9.24399946497e-010	0
1.03994993981e-009	0
1.15549993312e-009	0
1.27104992643e-009	0
1.38659991975e-009	0
1.50214991306e-009	0
1.61769990637e-009	0
1.73324989968e-009	-2.28797629758e-031
1.84879989299e-009	-2.44685508748e-024
1.96434988631e-009	-1.16564641114e-018
2.07989987962e-009	-3.57018114989e-014
2.19544987293e-009	-7.91679050875e-011
2.31099986624e-009	-1.10507913653e-008
2.42654985956e-009	-8.87455136045e-008
2.54209985287e-009	-1.47654457994e-007
2.65764984618e-009	-9.26138097324e-008
2.77319983949e-009	1.34330710111e-007
2.8887498328e-009	8.76636685021e-007
3.00429982612e-009	2.44259880589e-006
3.11984981943e-009	5.22859893692e-006
3.23539981274e-009	9.30482838157e-006
3.35094980605e-009	1.40882071662e-005
3.46649979937e-009	1.76992458023e-005
3.58204979268e-009	1.65489168467e-005
3.69759978599e-009	5.51695818274e-006
3.8131497793e-009	-2.10005011922e-005
3.92869977261e-009	-6.67473005933e-005
4.04424976593e-009	-0.000130469504484
4.15979975924e-009	-0.000203027598673
4.27534975255e-009	-0.000266328737325
4.39089974586e-009	-0.00029577276382
4.50644973917e-009	-0.000266694136371
4.62199973249e-009	-0.000163484841778
4.7375497258e-009	1.16532962693e-005
4.85309971911e-009	0.000234373664625
4.96864971242e-009	0.000461297991933
5.08419970574e-009	0.000640889893475
5.19974969905e-009	0.000728871256797
5.31529969236e-009	0.000702633929905
5.43084968567e-009	0.000568867986658
5.54639967898e-009	0.000361297863492
5.6619496723e-009	0.000129448315874
5.77749966561e-009	-7.69785385728e-005
5.89304965892e-009	-0.00022209688268
6.00859965223e-009	-0.000291428154014
6.12414964555e-009	-0.000291463765279
6.23969963886e-009	-0.000242929810611
6.35524963217e-009	-0.000171439036421
6.47079962548e-009	-9.93249566363e-005
6.58634961879e-009	-4.09908922165e-005
6.70189961211e-009	-2.14529385545e-006
6.81744960542e-009	1.81863163107e-005
6.93299959873e-009	2.45926951834e-005
7.04854959204e-009	2.25450592097e-005
7.16409958535e-009	1.66781508142e-005
7.27964957867e-009	1.01169623292e-005
7.39519957198e-009	4.54423988572e-006
7.51074956529e-009	5.99216349428e-007
7.6262995586e-009	-1.69791852755e-006
7.74184955192e-009	-2.65196743499e-006
7.85739954523e-009	-2.68127686809e-006
7.97294953854e-009	-2.1800236496e-006
8.08849953185e-009	-1.47347740409e-006
8.20404952516e-009	-8.21548821861e-007
8.31959951848e-009	-3.43571314509e-007
8.43514951179e-009	-4.88199072279e-008
8.5506995051e-009	7.18375039455e-008
8.66624949841e-009	8.01543262874e-008
8.78179949173e-009	2.87429061108e-008
8.89734948504e-009	-1.3349019095e-008
9.01289947835e-009	-3.25037312621e-008
9.12844947166e-009	-4.25329861331e-008
9.24399946497e-009	-4.84421925351e-008
9.35954945829e-009	-5.68666128076e-008
9.4750994516e-009	-7.72419492812e-008
9.59064944491e-009	-1.03159105258e-007
9.70619943822e-009	-1.11906909961e-007
9.82174943153e-009	-1.02277298408e-007
9.93729942485e-009	-8.58887287958e-008
1.00528494182e-008	-6.4948791012e-008
1.01683994115e-008	-5.08203125693e-008
