% time-domain current integration by openEMS v0.0.35 @Sun Apr 12 21:57:14 2020
% start-coordinates: (-0.12,-0.12,0.745) m -> [24,24,149]
% stop-coordinates: (0.115,0.115,0.745) m -> [71,71,149]
% t/s	current
4.81458305467e-012	0
1.20364576367e-010	0
2.35914569679e-010	0
3.51464562991e-010	0
4.67014556303e-010	0
5.82564549616e-010	0
6.98114542928e-010	0
8.1366453624e-010	0
9.29214529552e-010	0
1.04476452286e-009	0
1.16031451618e-009	0
1.27586450949e-009	0
1.3914145028e-009	0
1.50696449611e-009	0
1.62251448943e-009	0
1.73806448274e-009	-2.89153977887e-033
1.85361447605e-009	-3.17973899602e-026
1.96916446936e-009	-1.57034665518e-020
2.08471446267e-009	-5.04614425552e-016
2.20026445599e-009	-1.19981119224e-012
2.3158144493e-009	-1.89063431577e-010
2.43136444261e-009	-1.72873637627e-009
2.54691443592e-009	-3.09686432054e-009
2.66246442923e-009	-1.90000926104e-009
2.77801442255e-009	2.34732699944e-009
2.89356441586e-009	1.66969726934e-008
3.00911440917e-009	4.70243399775e-008
3.12466440248e-009	1.01403280439e-007
3.2402143958e-009	1.81522750609e-007
3.35576438911e-009	2.76450748515e-007
3.47131438242e-009	3.49767873331e-007
3.58686437573e-009	3.31559448341e-007
3.70241436904e-009	1.2111816261e-007
3.81796436236e-009	-3.93087702832e-007
3.93351435567e-009	-1.28748945372e-006
4.04906434898e-009	-2.54153587775e-006
4.16461434229e-009	-3.97958092435e-006
4.28016433561e-009	-5.2482623687e-006
4.39571432892e-009	-5.86235501032e-006
4.51126432223e-009	-5.32986223334e-006
4.62681431554e-009	-3.33250318363e-006
4.74236430885e-009	9.93426567675e-008
4.85791430217e-009	4.49666913482e-006
4.97346429548e-009	9.00859504327e-006
5.08901428879e-009	1.26136628751e-005
5.2045642821e-009	1.44249843288e-005
5.32011427541e-009	1.39784297062e-005
5.43566426873e-009	1.1389744941e-005
5.55121426204e-009	7.31551335775e-006
5.66676425535e-009	2.73398040918e-006
5.78231424866e-009	-1.36520657179e-006
5.89786424198e-009	-4.262107268e-006
6.01341423529e-009	-5.66233484278e-006
6.1289642286e-009	-5.69234771319e-006
6.24451422191e-009	-4.76590093967e-006
6.36006421522e-009	-3.39566236107e-006
6.47561420854e-009	-2.02650699066e-006
6.59116420185e-009	-9.39513597586e-007
6.70671419516e-009	-2.36284606103e-007
6.82226418847e-009	1.18096039614e-007
6.93781418179e-009	2.2840877989e-007
7.0533641751e-009	2.09392553074e-007
7.16891416841e-009	1.48919085063e-007
7.28446416172e-009	9.60009955975e-008
7.40001415503e-009	6.6305219093e-008
7.51556414835e-009	5.58259571903e-008
7.63111414166e-009	5.40889466549e-008
7.74666413497e-009	5.22537284553e-008
7.86221412828e-009	4.61042866107e-008
7.97776412159e-009	3.58036622572e-008
8.09331411491e-009	2.38238495598e-008
8.20886410822e-009	1.23759935633e-008
8.32441410153e-009	3.31330496373e-009
8.43996409484e-009	-2.22413598649e-009
8.55551408816e-009	-4.89717644214e-009
8.67106408147e-009	-5.22562348948e-009
8.78661407478e-009	-4.5400310178e-009
8.90216406809e-009	-3.34384941958e-009
9.0177140614e-009	-2.26696061922e-009
9.13326405472e-009	-1.77011116875e-009
9.24881404803e-009	-1.82314152664e-009
9.36436404134e-009	-1.95424076921e-009
9.47991403465e-009	-1.94281235544e-009
9.59546402797e-009	-1.8231801624e-009
9.71101402128e-009	-1.53102319711e-009
9.82656401459e-009	-1.23088172987e-009
9.9421140079e-009	-1.30243038576e-009
1.00576640012e-008	-1.59750079831e-009
1.01732139945e-008	-1.81042281167e-009
