0	0.00012341
4.56197e-013	0.000127724
9.12394e-013	0.000132181
1.36859e-012	0.000136784
1.82479e-012	0.000141538
2.28098e-012	0.000146448
2.73718e-012	0.000151518
3.19338e-012	0.000156754
3.64958e-012	0.000162159
4.10577e-012	0.00016774
4.56197e-012	0.000173502
5.01817e-012	0.00017945
5.47436e-012	0.000185589
5.93056e-012	0.000191926
6.38676e-012	0.000198466
6.84295e-012	0.000205216
7.29915e-012	0.000212181
7.75535e-012	0.000219368
8.21154e-012	0.000226784
8.66774e-012	0.000234435
9.12394e-012	0.000242328
9.58014e-012	0.000250471
1.00363e-011	0.00025887
1.04925e-011	0.000267533
1.09487e-011	0.000276468
1.14049e-011	0.000285683
1.18611e-011	0.000295185
1.23173e-011	0.000304983
1.27735e-011	0.000315086
1.32297e-011	0.000325502
1.36859e-011	0.00033624
1.41421e-011	0.00034731
1.45983e-011	0.00035872
1.50545e-011	0.000370482
1.55107e-011	0.000382603
1.59669e-011	0.000395095
1.64231e-011	0.000407969
1.68793e-011	0.000421234
1.73355e-011	0.000434901
1.77917e-011	0.000448983
1.82479e-011	0.00046349
1.87041e-011	0.000478435
1.91603e-011	0.000493828
1.96165e-011	0.000509684
2.00727e-011	0.000526014
2.05289e-011	0.000542832
2.09851e-011	0.000560151
2.14413e-011	0.000577984
2.18975e-011	0.000596346
2.23536e-011	0.00061525
2.28098e-011	0.000634712
2.3266e-011	0.000654747
2.37222e-011	0.00067537
2.41784e-011	0.000696596
2.46346e-011	0.000718443
2.50908e-011	0.000740925
2.5547e-011	0.000764062
2.60032e-011	0.000787869
2.64594e-011	0.000812364
2.69156e-011	0.000837566
2.73718e-011	0.000863493
2.7828e-011	0.000890163
2.82842e-011	0.000917598
2.87404e-011	0.000945816
2.91966e-011	0.000974837
2.96528e-011	0.00100468
3.0109e-011	0.00103537
3.05652e-011	0.00106693
3.10214e-011	0.00109938
3.14776e-011	0.00113274
3.19338e-011	0.00116704
3.239e-011	0.0012023
3.28462e-011	0.00123854
3.33024e-011	0.00127578
3.37586e-011	0.00131407
3.42148e-011	0.00135341
3.4671e-011	0.00139384
3.51272e-011	0.00143538
3.55834e-011	0.00147806
3.60396e-011	0.00152191
3.64958e-011	0.00156696
3.6952e-011	0.00161324
3.74081e-011	0.00166077
3.78643e-011	0.0017096
3.83205e-011	0.00175974
3.87767e-011	0.00181123
3.92329e-011	0.00186411
3.96891e-011	0.00191841
4.01453e-011	0.00197416
4.06015e-011	0.00203139
4.10577e-011	0.00209015
4.15139e-011	0.00215046
4.19701e-011	0.00221237
4.24263e-011	0.00227591
4.28825e-011	0.00234112
4.33387e-011	0.00240805
4.37949e-011	0.00247672
4.42511e-011	0.00254719
4.47073e-011	0.00261948
4.51635e-011	0.00269366
4.56197e-011	0.00276975
4.60759e-011	0.0028478
4.65321e-011	0.00292786
4.69883e-011	0.00300997
4.74445e-011	0.00309418
4.79007e-011	0.00318054
4.83569e-011	0.0032691
4.88131e-011	0.0033599
4.92693e-011	0.00345299
4.97255e-011	0.00354843
5.01817e-011	0.00364627
5.06379e-011	0.00374656
5.10941e-011	0.00384936
5.15503e-011	0.00395471
5.20064e-011	0.00406269
5.24626e-011	0.00417333
5.29188e-011	0.00428671
5.3375e-011	0.00440288
5.38312e-011	0.0045219
5.42874e-011	0.00464383
5.47436e-011	0.00476874
5.51998e-011	0.00489668
5.5656e-011	0.00502773
5.61122e-011	0.00516194
5.65684e-011	0.00529939
5.70246e-011	0.00544014
5.74808e-011	0.00558426
5.7937e-011	0.00573183
5.83932e-011	0.0058829
5.88494e-011	0.00603756
5.93056e-011	0.00619589
5.97618e-011	0.00635794
6.0218e-011	0.0065238
6.06742e-011	0.00669355
6.11304e-011	0.00686727
6.15866e-011	0.00704503
6.20428e-011	0.00722692
6.2499e-011	0.00741301
6.29552e-011	0.0076034
6.34114e-011	0.00779817
6.38676e-011	0.0079974
6.43238e-011	0.00820118
6.478e-011	0.0084096
6.52362e-011	0.00862275
6.56924e-011	0.00884072
6.61486e-011	0.0090636
6.66047e-011	0.0092915
6.70609e-011	0.00952449
6.75171e-011	0.00976269
6.79733e-011	0.0100062
6.84295e-011	0.0102551
6.88857e-011	0.0105095
6.93419e-011	0.0107695
6.97981e-011	0.0110352
7.02543e-011	0.0113067
7.07105e-011	0.0115842
7.11667e-011	0.0118676
7.16229e-011	0.0121572
7.20791e-011	0.0124531
7.25353e-011	0.0127553
7.29915e-011	0.013064
7.34477e-011	0.0133793
7.39039e-011	0.0137013
7.43601e-011	0.0140301
7.48163e-011	0.0143658
7.52725e-011	0.0147087
7.57287e-011	0.0150587
7.61849e-011	0.015416
7.66411e-011	0.0157808
7.70973e-011	0.0161532
7.75535e-011	0.0165332
7.80097e-011	0.0169211
7.84659e-011	0.0173169
7.89221e-011	0.0177209
7.93783e-011	0.018133
7.98345e-011	0.0185536
8.02907e-011	0.0189826
8.07469e-011	0.0194203
8.12031e-011	0.0198668
8.16592e-011	0.0203222
8.21154e-011	0.0207866
8.25716e-011	0.0212603
8.30278e-011	0.0217434
8.3484e-011	0.022236
8.39402e-011	0.0227382
8.43964e-011	0.0232502
8.48526e-011	0.0237723
8.53088e-011	0.0243044
8.5765e-011	0.0248468
8.62212e-011	0.0253997
8.66774e-011	0.0259631
8.71336e-011	0.0265373
8.75898e-011	0.0271224
8.8046e-011	0.0277186
8.85022e-011	0.0283261
8.89584e-011	0.0289449
8.94146e-011	0.0295754
8.98708e-011	0.0302175
9.0327e-011	0.0308716
9.07832e-011	0.0315378
9.12394e-011	0.0322162
9.16956e-011	0.0329071
9.21518e-011	0.0336106
9.2608e-011	0.0343268
9.30642e-011	0.035056
9.35204e-011	0.0357984
9.39766e-011	0.036554
9.44328e-011	0.0373232
9.4889e-011	0.038106
9.53452e-011	0.0389028
9.58014e-011	0.0397135
9.62575e-011	0.0405385
9.67137e-011	0.0413779
9.71699e-011	0.0422319
9.76261e-011	0.0431007
9.80823e-011	0.0439845
9.85385e-011	0.0448834
9.89947e-011	0.0457978
9.94509e-011	0.0467276
9.99071e-011	0.0476732
1.00363e-010	0.0486348
1.0082e-010	0.0496125
1.01276e-010	0.0506065
1.01732e-010	0.051617
1.02188e-010	0.0526443
1.02644e-010	0.0536885
1.03101e-010	0.0547498
1.03557e-010	0.0558284
1.04013e-010	0.0569245
1.04469e-010	0.0580383
1.04925e-010	0.05917
1.05381e-010	0.0603198
1.05838e-010	0.0614879
1.06294e-010	0.0626745
1.0675e-010	0.0638798
1.07206e-010	0.0651041
1.07662e-010	0.0663474
1.08119e-010	0.06761
1.08575e-010	0.0688921
1.09031e-010	0.0701939
1.09487e-010	0.0715157
1.09943e-010	0.0728575
1.104e-010	0.0742196
1.10856e-010	0.0756022
1.11312e-010	0.0770055
1.11768e-010	0.0784297
1.12224e-010	0.079875
1.12681e-010	0.0813416
1.13137e-010	0.0828296
1.13593e-010	0.0843393
1.14049e-010	0.085871
1.14505e-010	0.0874246
1.14962e-010	0.0890006
1.15418e-010	0.090599
1.15874e-010	0.09222
1.1633e-010	0.0938639
1.16786e-010	0.0955308
1.17243e-010	0.0972209
1.17699e-010	0.0989344
1.18155e-010	0.100671
1.18611e-010	0.102432
1.19067e-010	0.104217
1.19524e-010	0.106026
1.1998e-010	0.107859
1.20436e-010	0.109717
1.20892e-010	0.111599
1.21348e-010	0.113507
1.21805e-010	0.115439
1.22261e-010	0.117396
1.22717e-010	0.119379
1.23173e-010	0.121387
1.23629e-010	0.123421
1.24086e-010	0.125481
1.24542e-010	0.127567
1.24998e-010	0.129679
1.25454e-010	0.131817
1.2591e-010	0.133981
1.26367e-010	0.136173
1.26823e-010	0.138391
1.27279e-010	0.140635
1.27735e-010	0.142907
1.28191e-010	0.145206
1.28648e-010	0.147533
1.29104e-010	0.149886
1.2956e-010	0.152268
1.30016e-010	0.154677
1.30472e-010	0.157113
1.30929e-010	0.159578
1.31385e-010	0.162071
1.31841e-010	0.164591
1.32297e-010	0.16714
1.32753e-010	0.169718
1.33209e-010	0.172323
1.33666e-010	0.174958
1.34122e-010	0.17762
1.34578e-010	0.180312
1.35034e-010	0.183032
1.3549e-010	0.185781
1.35947e-010	0.188559
1.36403e-010	0.191366
1.36859e-010	0.194202
1.37315e-010	0.197067
1.37771e-010	0.199961
1.38228e-010	0.202885
1.38684e-010	0.205837
1.3914e-010	0.208819
1.39596e-010	0.21183
1.40052e-010	0.21487
1.40509e-010	0.21794
1.40965e-010	0.221039
1.41421e-010	0.224167
1.41877e-010	0.227325
1.42333e-010	0.230512
1.4279e-010	0.233728
1.43246e-010	0.236973
1.43702e-010	0.240248
1.44158e-010	0.243552
1.44614e-010	0.246886
1.45071e-010	0.250248
1.45527e-010	0.25364
1.45983e-010	0.25706
1.46439e-010	0.26051
1.46895e-010	0.263989
1.47352e-010	0.267496
1.47808e-010	0.271032
1.48264e-010	0.274597
1.4872e-010	0.278191
1.49176e-010	0.281813
1.49633e-010	0.285463
1.50089e-010	0.289142
1.50545e-010	0.292849
1.51001e-010	0.296584
1.51457e-010	0.300347
1.51914e-010	0.304137
1.5237e-010	0.307955
1.52826e-010	0.311801
1.53282e-010	0.315674
1.53738e-010	0.319574
1.54195e-010	0.323501
1.54651e-010	0.327454
1.55107e-010	0.331435
1.55563e-010	0.335441
1.56019e-010	0.339474
1.56476e-010	0.343532
1.56932e-010	0.347616
1.57388e-010	0.351726
1.57844e-010	0.355861
1.583e-010	0.360021
1.58757e-010	0.364205
1.59213e-010	0.368414
1.59669e-010	0.372647
1.60125e-010	0.376904
1.60581e-010	0.381184
1.61038e-010	0.385488
1.61494e-010	0.389815
1.6195e-010	0.394164
1.62406e-010	0.398536
1.62862e-010	0.402929
1.63318e-010	0.407345
1.63775e-010	0.411781
1.64231e-010	0.416239
1.64687e-010	0.420717
1.65143e-010	0.425215
1.65599e-010	0.429734
1.66056e-010	0.434271
1.66512e-010	0.438828
1.66968e-010	0.443404
1.67424e-010	0.447998
1.6788e-010	0.452609
1.68337e-010	0.457238
1.68793e-010	0.461884
1.69249e-010	0.466547
1.69705e-010	0.471225
1.70161e-010	0.47592
1.70618e-010	0.480629
1.71074e-010	0.485353
1.7153e-010	0.490091
1.71986e-010	0.494844
1.72442e-010	0.499609
1.72899e-010	0.504387
1.73355e-010	0.509177
1.73811e-010	0.513979
1.74267e-010	0.518792
1.74723e-010	0.523616
1.7518e-010	0.52845
1.75636e-010	0.533294
1.76092e-010	0.538146
1.76548e-010	0.543007
1.77004e-010	0.547876
1.77461e-010	0.552752
1.77917e-010	0.557635
1.78373e-010	0.562525
1.78829e-010	0.567419
1.79285e-010	0.572319
1.79742e-010	0.577223
1.80198e-010	0.582131
1.80654e-010	0.587042
1.8111e-010	0.591955
1.81566e-010	0.596871
1.82023e-010	0.601787
1.82479e-010	0.606704
1.82935e-010	0.611622
1.83391e-010	0.616538
1.83847e-010	0.621453
1.84304e-010	0.626367
1.8476e-010	0.631277
1.85216e-010	0.636185
1.85672e-010	0.641088
1.86128e-010	0.645986
1.86585e-010	0.65088
1.87041e-010	0.655767
1.87497e-010	0.660647
1.87953e-010	0.66552
1.88409e-010	0.670385
1.88866e-010	0.675241
1.89322e-010	0.680088
1.89778e-010	0.684924
1.90234e-010	0.68975
1.9069e-010	0.694564
1.91147e-010	0.699365
1.91603e-010	0.704153
1.92059e-010	0.708928
1.92515e-010	0.713688
1.92971e-010	0.718432
1.93427e-010	0.723161
1.93884e-010	0.727873
1.9434e-010	0.732567
1.94796e-010	0.737244
1.95252e-010	0.741901
1.95708e-010	0.746539
1.96165e-010	0.751156
1.96621e-010	0.755753
1.97077e-010	0.760327
1.97533e-010	0.764879
1.97989e-010	0.769407
1.98446e-010	0.773912
1.98902e-010	0.778391
1.99358e-010	0.782845
1.99814e-010	0.787273
2.0027e-010	0.791674
2.00727e-010	0.796047
2.01183e-010	0.800392
2.01639e-010	0.804708
2.02095e-010	0.808993
2.02551e-010	0.813248
2.03008e-010	0.817472
2.03464e-010	0.821663
2.0392e-010	0.825822
2.04376e-010	0.829947
2.04832e-010	0.834038
2.05289e-010	0.838094
2.05745e-010	0.842115
2.06201e-010	0.846099
2.06657e-010	0.850046
2.07113e-010	0.853956
2.0757e-010	0.857827
2.08026e-010	0.861659
2.08482e-010	0.865451
2.08938e-010	0.869202
2.09394e-010	0.872913
2.09851e-010	0.876582
2.10307e-010	0.880208
2.10763e-010	0.883791
2.11219e-010	0.887331
2.11675e-010	0.890826
2.12132e-010	0.894276
2.12588e-010	0.897681
2.13044e-010	0.901039
2.135e-010	0.90435
2.13956e-010	0.907614
2.14413e-010	0.91083
2.14869e-010	0.913997
2.15325e-010	0.917115
2.15781e-010	0.920183
2.16237e-010	0.923201
2.16694e-010	0.926167
2.1715e-010	0.929082
2.17606e-010	0.931945
2.18062e-010	0.934755
2.18518e-010	0.937513
2.18975e-010	0.940216
2.19431e-010	0.942865
2.19887e-010	0.94546
2.20343e-010	0.948
2.20799e-010	0.950484
2.21256e-010	0.952911
2.21712e-010	0.955282
2.22168e-010	0.957596
2.22624e-010	0.959853
2.2308e-010	0.962052
2.23536e-010	0.964192
2.23993e-010	0.966274
2.24449e-010	0.968296
2.24905e-010	0.970259
2.25361e-010	0.972162
2.25817e-010	0.974005
2.26274e-010	0.975787
2.2673e-010	0.977508
2.27186e-010	0.979167
2.27642e-010	0.980765
2.28098e-010	0.982301
2.28555e-010	0.983775
2.29011e-010	0.985187
2.29467e-010	0.986535
2.29923e-010	0.98782
2.30379e-010	0.989043
2.30836e-010	0.990201
2.31292e-010	0.991296
2.31748e-010	0.992326
2.32204e-010	0.993293
2.3266e-010	0.994195
2.33117e-010	0.995032
2.33573e-010	0.995805
2.34029e-010	0.996513
2.34485e-010	0.997155
2.34941e-010	0.997733
2.35398e-010	0.998245
2.35854e-010	0.998692
2.3631e-010	0.999074
2.36766e-010	0.99939
2.37222e-010	0.99964
2.37679e-010	0.999825
2.38135e-010	0.999944
2.38591e-010	0.999997
2.39047e-010	0.999984
2.39503e-010	0.999906
2.3996e-010	0.999762
2.40416e-010	0.999553
2.40872e-010	0.999277
2.41328e-010	0.998937
2.41784e-010	0.99853
2.42241e-010	0.998058
2.42697e-010	0.997521
2.43153e-010	0.996919
2.43609e-010	0.996251
2.44065e-010	0.995519
2.44522e-010	0.994722
2.44978e-010	0.99386
2.45434e-010	0.992933
2.4589e-010	0.991942
2.46346e-010	0.990887
2.46803e-010	0.989768
2.47259e-010	0.988586
2.47715e-010	0.987339
2.48171e-010	0.98603
2.48627e-010	0.984658
2.49084e-010	0.983223
2.4954e-010	0.981725
2.49996e-010	0.980165
2.50452e-010	0.978544
2.50908e-010	0.976861
2.51365e-010	0.975117
2.51821e-010	0.973311
2.52277e-010	0.971446
2.52733e-010	0.96952
2.53189e-010	0.967535
2.53645e-010	0.96549
2.54102e-010	0.963386
2.54558e-010	0.961223
2.55014e-010	0.959002
2.5547e-010	0.956724
2.55926e-010	0.954388
2.56383e-010	0.951995
2.56839e-010	0.949546
2.57295e-010	0.947041
2.57751e-010	0.944481
2.58207e-010	0.941865
2.58664e-010	0.939195
2.5912e-010	0.936471
2.59576e-010	0.933694
2.60032e-010	0.930863
2.60488e-010	0.927981
2.60945e-010	0.925046
2.61401e-010	0.92206
2.61857e-010	0.919023
2.62313e-010	0.915936
2.62769e-010	0.9128
2.63226e-010	0.909614
2.63682e-010	0.90638
2.64138e-010	0.903098
2.64594e-010	0.899768
2.6505e-010	0.896393
2.65507e-010	0.892971
2.65963e-010	0.889503
2.66419e-010	0.885991
2.66875e-010	0.882435
2.67331e-010	0.878835
2.67788e-010	0.875193
2.68244e-010	0.871508
2.687e-010	0.867782
2.69156e-010	0.864014
2.69612e-010	0.860207
2.70069e-010	0.85636
2.70525e-010	0.852475
2.70981e-010	0.848551
2.71437e-010	0.844589
2.71893e-010	0.840591
2.7235e-010	0.836557
2.72806e-010	0.832488
2.73262e-010	0.828384
2.73718e-010	0.824246
2.74174e-010	0.820074
2.74631e-010	0.815871
2.75087e-010	0.811635
2.75543e-010	0.807368
2.75999e-010	0.803071
2.76455e-010	0.798745
2.76912e-010	0.794389
2.77368e-010	0.790005
2.77824e-010	0.785594
2.7828e-010	0.781156
2.78736e-010	0.776692
2.79193e-010	0.772203
2.79649e-010	0.767689
2.80105e-010	0.763152
2.80561e-010	0.758591
2.81017e-010	0.754009
2.81473e-010	0.749404
2.8193e-010	0.744779
2.82386e-010	0.740134
2.82842e-010	0.735469
2.83298e-010	0.730786
2.83754e-010	0.726085
2.84211e-010	0.721366
2.84667e-010	0.716631
2.85123e-010	0.711881
2.85579e-010	0.707115
2.86035e-010	0.702335
2.86492e-010	0.697542
2.86948e-010	0.692736
2.87404e-010	0.687918
2.8786e-010	0.683088
2.88316e-010	0.678248
2.88773e-010	0.673397
2.89229e-010	0.668538
2.89685e-010	0.66367
2.90141e-010	0.658794
2.90597e-010	0.653911
2.91054e-010	0.649021
2.9151e-010	0.644126
2.91966e-010	0.639225
2.92422e-010	0.63432
2.92878e-010	0.629412
2.93335e-010	0.6245
2.93791e-010	0.619586
2.94247e-010	0.61467
2.94703e-010	0.609753
2.95159e-010	0.604836
2.95616e-010	0.599919
2.96072e-010	0.595003
2.96528e-010	0.590088
2.96984e-010	0.585175
2.9744e-010	0.580266
2.97897e-010	0.575359
2.98353e-010	0.570457
2.98809e-010	0.565559
2.99265e-010	0.560666
2.99721e-010	0.555779
3.00178e-010	0.550899
3.00634e-010	0.546025
3.0109e-010	0.541159
3.01546e-010	0.536301
3.02002e-010	0.531452
3.02459e-010	0.526612
3.02915e-010	0.521782
3.03371e-010	0.516962
3.03827e-010	0.512153
3.04283e-010	0.507356
3.0474e-010	0.50257
3.05196e-010	0.497797
3.05652e-010	0.493036
3.06108e-010	0.488289
3.06564e-010	0.483556
3.07021e-010	0.478838
3.07477e-010	0.474134
3.07933e-010	0.469446
3.08389e-010	0.464773
3.08845e-010	0.460117
3.09302e-010	0.455477
3.09758e-010	0.450855
3.10214e-010	0.44625
3.1067e-010	0.441663
3.11126e-010	0.437095
3.11582e-010	0.432545
3.12039e-010	0.428015
3.12495e-010	0.423504
3.12951e-010	0.419013
3.13407e-010	0.414543
3.13863e-010	0.410093
3.1432e-010	0.405664
3.14776e-010	0.401257
3.15232e-010	0.396872
3.15688e-010	0.392509
3.16144e-010	0.388168
3.16601e-010	0.38385
3.17057e-010	0.379555
3.17513e-010	0.375283
3.17969e-010	0.371036
3.18425e-010	0.366812
3.18882e-010	0.362612
3.19338e-010	0.358437
3.19794e-010	0.354287
3.2025e-010	0.350161
3.20706e-010	0.346062
3.21163e-010	0.341987
3.21619e-010	0.337938
3.22075e-010	0.333916
3.22531e-010	0.329919
3.22987e-010	0.325949
3.23444e-010	0.322006
3.239e-010	0.318089
3.24356e-010	0.314199
3.24812e-010	0.310337
3.25268e-010	0.306501
3.25725e-010	0.302694
3.26181e-010	0.298914
3.26637e-010	0.295161
3.27093e-010	0.291437
3.27549e-010	0.287741
3.28006e-010	0.284073
3.28462e-010	0.280433
3.28918e-010	0.276822
3.29374e-010	0.273239
3.2983e-010	0.269685
3.30287e-010	0.26616
3.30743e-010	0.262663
3.31199e-010	0.259196
3.31655e-010	0.255757
3.32111e-010	0.252347
3.32568e-010	0.248967
3.33024e-010	0.245616
3.3348e-010	0.242293
3.33936e-010	0.239
3.34392e-010	0.235737
3.34849e-010	0.232502
3.35305e-010	0.229297
3.35761e-010	0.226121
3.36217e-010	0.222975
3.36673e-010	0.219858
3.3713e-010	0.21677
3.37586e-010	0.213711
3.38042e-010	0.210682
3.38498e-010	0.207682
3.38954e-010	0.204712
3.39411e-010	0.20177
3.39867e-010	0.198858
3.40323e-010	0.195975
3.40779e-010	0.193121
3.41235e-010	0.190296
3.41691e-010	0.1875
3.42148e-010	0.184733
3.42604e-010	0.181995
3.4306e-010	0.179286
3.43516e-010	0.176605
3.43972e-010	0.173953
3.44429e-010	0.17133
3.44885e-010	0.168735
3.45341e-010	0.166169
3.45797e-010	0.16363
3.46253e-010	0.16112
3.4671e-010	0.158638
3.47166e-010	0.156184
3.47622e-010	0.153758
3.48078e-010	0.15136
3.48534e-010	0.148989
3.48991e-010	0.146646
3.49447e-010	0.14433
3.49903e-010	0.142041
3.50359e-010	0.139779
3.50815e-010	0.137545
3.51272e-010	0.135337
3.51728e-010	0.133156
3.52184e-010	0.131001
3.5264e-010	0.128873
3.53096e-010	0.126771
3.53553e-010	0.124695
3.54009e-010	0.122645
3.54465e-010	0.120621
3.54921e-010	0.118623
3.55377e-010	0.116649
3.55834e-010	0.114702
3.5629e-010	0.112779
3.56746e-010	0.110881
3.57202e-010	0.109008
3.57658e-010	0.10716
3.58115e-010	0.105336
3.58571e-010	0.103536
3.59027e-010	0.10176
3.59483e-010	0.100009
3.59939e-010	0.0982805
3.60396e-010	0.0965759
3.60852e-010	0.0948947
3.61308e-010	0.0932365
3.61764e-010	0.0916014
3.6222e-010	0.089989
3.62677e-010	0.0883991
3.63133e-010	0.0868317
3.63589e-010	0.0852864
3.64045e-010	0.0837631
3.64501e-010	0.0822617
3.64958e-010	0.0807818
3.65414e-010	0.0793233
3.6587e-010	0.0778861
3.66326e-010	0.0764698
3.66782e-010	0.0750744
3.67239e-010	0.0736996
3.67695e-010	0.0723452
3.68151e-010	0.0710111
3.68607e-010	0.0696969
3.69063e-010	0.0684026
3.6952e-010	0.067128
3.69976e-010	0.0658727
3.70432e-010	0.0646367
3.70888e-010	0.0634196
3.71344e-010	0.0622214
3.718e-010	0.0610419
3.72257e-010	0.0598807
3.72713e-010	0.0587378
3.73169e-010	0.057613
3.73625e-010	0.0565059
3.74081e-010	0.0554165
3.74538e-010	0.0543445
3.74994e-010	0.0532897
3.7545e-010	0.052252
3.75906e-010	0.0512311
3.76362e-010	0.0502269
3.76819e-010	0.0492391
3.77275e-010	0.0482675
3.77731e-010	0.0473121
3.78187e-010	0.0463725
3.78643e-010	0.0454485
3.791e-010	0.0445401
3.79556e-010	0.0436469
3.80012e-010	0.0427688
3.80468e-010	0.0419057
3.80924e-010	0.0410572
3.81381e-010	0.0402233
3.81837e-010	0.0394038
3.82293e-010	0.0385984
3.82749e-010	0.037807
3.83205e-010	0.0370293
3.83662e-010	0.0362653
3.84118e-010	0.0355147
3.84574e-010	0.0347774
3.8503e-010	0.0340532
3.85486e-010	0.0333418
3.85943e-010	0.0326431
3.86399e-010	0.031957
3.86855e-010	0.0312832
3.87311e-010	0.0306217
3.87767e-010	0.0299721
3.88224e-010	0.0293345
3.8868e-010	0.0287084
3.89136e-010	0.0280939
3.89592e-010	0.0274908
3.90048e-010	0.0268988
3.90505e-010	0.0263179
3.90961e-010	0.0257478
3.91417e-010	0.0251884
3.91873e-010	0.0246395
3.92329e-010	0.024101
3.92786e-010	0.0235727
3.93242e-010	0.0230545
3.93698e-010	0.0225462
3.94154e-010	0.0220477
3.9461e-010	0.0215587
3.95067e-010	0.0210792
3.95523e-010	0.0206091
3.95979e-010	0.0201481
3.96435e-010	0.0196961
3.96891e-010	0.019253
3.97348e-010	0.0188186
3.97804e-010	0.0183928
3.9826e-010	0.0179755
3.98716e-010	0.0175664
3.99172e-010	0.0171656
3.99628e-010	0.0167728
4.00085e-010	0.0163879
4.00541e-010	0.0160108
4.00997e-010	0.0156413
4.01453e-010	0.0152794
4.01909e-010	0.0149248
4.02366e-010	0.0145776
4.02822e-010	0.0142374
4.03278e-010	0.0139043
4.03734e-010	0.0135781
4.0419e-010	0.0132587
4.04647e-010	0.0129459
4.05103e-010	0.0126397
4.05559e-010	0.0123399
4.06015e-010	0.0120465
4.06471e-010	0.0117592
4.06928e-010	0.011478
4.07384e-010	0.0112029
4.0784e-010	0.0109336
4.08296e-010	0.01067
4.08752e-010	0.0104122
4.09209e-010	0.0101599
4.09665e-010	0.00991304
4.10121e-010	0.00967157
4.10577e-010	0.00943535
4.11033e-010	0.00920431
4.1149e-010	0.00897833
4.11946e-010	0.00875732
4.12402e-010	0.00854119
4.12858e-010	0.00832985
4.13314e-010	0.00812321
4.13771e-010	0.00792116
4.14227e-010	0.00772364
4.14683e-010	0.00753055
4.15139e-010	0.0073418
4.15595e-010	0.00715731
4.16052e-010	0.006977
4.16508e-010	0.00680079
4.16964e-010	0.00662859
4.1742e-010	0.00646033
4.17876e-010	0.00629592
4.18333e-010	0.00613529
4.18789e-010	0.00597837
4.19245e-010	0.00582508
4.19701e-010	0.00567535
4.20157e-010	0.0055291
4.20614e-010	0.00538627
4.2107e-010	0.00524678
4.21526e-010	0.00511057
4.21982e-010	0.00497757
4.22438e-010	0.00484771
4.22895e-010	0.00472092
4.23351e-010	0.00459715
4.23807e-010	0.00447634
4.24263e-010	0.00435841
4.24719e-010	0.00424331
4.25176e-010	0.00413097
4.25632e-010	0.00402135
4.26088e-010	0.00391438
4.26544e-010	0.00381
4.27e-010	0.00370816
4.27457e-010	0.00360881
4.27913e-010	0.00351189
4.28369e-010	0.00341735
4.28825e-010	0.00332513
4.29281e-010	0.00323519
4.29737e-010	0.00314747
4.30194e-010	0.00306194
4.3065e-010	0.00297853
4.31106e-010	0.0028972
4.31562e-010	0.00281791
4.32018e-010	0.00274061
4.32475e-010	0.00266525
4.32931e-010	0.00259179
4.33387e-010	0.0025202
4.33843e-010	0.00245042
4.34299e-010	0.00238242
4.34756e-010	0.00231615
4.35212e-010	0.00225157
4.35668e-010	0.00218866
4.36124e-010	0.00212736
4.3658e-010	0.00206764
4.37037e-010	0.00200946
4.37493e-010	0.0019528
4.37949e-010	0.00189761
4.38405e-010	0.00184385
4.38861e-010	0.00179151
4.39318e-010	0.00174053
4.39774e-010	0.00169089
4.4023e-010	0.00164256
4.40686e-010	0.00159551
4.41142e-010	0.0015497
4.41599e-010	0.00150511
4.42055e-010	0.00146171
4.42511e-010	0.00141946
4.42967e-010	0.00137835
4.43423e-010	0.00133833
4.4388e-010	0.0012994
4.44336e-010	0.00126151
4.44792e-010	0.00122465
4.45248e-010	0.00118879
4.45704e-010	0.0011539
4.46161e-010	0.00111996
4.46617e-010	0.00108695
4.47073e-010	0.00105484
4.47529e-010	0.00102361
4.47985e-010	0.000993244
4.48442e-010	0.000963714
4.48898e-010	0.000935
4.49354e-010	0.000907082
4.4981e-010	0.00087994
4.50266e-010	0.000853555
4.50723e-010	0.000827905
4.51179e-010	0.000802974
4.51635e-010	0.000778743
4.52091e-010	0.000755193
4.52547e-010	0.000732307
4.53004e-010	0.000710068
4.5346e-010	0.000688459
4.53916e-010	0.000667463
4.54372e-010	0.000647066
4.54828e-010	0.000627251
4.55285e-010	0.000608002
4.55741e-010	0.000589305
4.56197e-010	0.000571146
4.56653e-010	0.00055351
4.57109e-010	0.000536384
4.57566e-010	0.000519753
4.58022e-010	0.000503604
4.58478e-010	0.000487926
4.58934e-010	0.000472704
4.5939e-010	0.000457927
4.59846e-010	0.000443583
4.60303e-010	0.00042966
4.60759e-010	0.000416146
4.61215e-010	0.000403032
4.61671e-010	0.000390304
4.62127e-010	0.000377954
4.62584e-010	0.000365971
4.6304e-010	0.000354344
4.63496e-010	0.000343064
4.63952e-010	0.000332121
4.64408e-010	0.000321507
4.64865e-010	0.000311211
4.65321e-010	0.000301225
4.65777e-010	0.00029154
4.66233e-010	0.000282148
4.66689e-010	0.000273041
4.67146e-010	0.00026421
4.67602e-010	0.000255648
4.68058e-010	0.000247347
4.68514e-010	0.0002393
4.6897e-010	0.0002315
4.69427e-010	0.000223939
4.69883e-010	0.000216611
4.70339e-010	0.000209509
4.70795e-010	0.000202626
4.71251e-010	0.000195957
4.71708e-010	0.000189495
4.72164e-010	0.000183233
4.7262e-010	0.000177167
4.73076e-010	0.000171291
4.73532e-010	0.000165599
4.73989e-010	0.000160085
4.74445e-010	0.000154745
4.74901e-010	0.000149573
4.75357e-010	0.000144564
4.75813e-010	0.000139714
4.7627e-010	0.000135018
4.76726e-010	0.000130471
4.77182e-010	0.000126068
