2.28098e-013	0.00012555
6.84295e-013	0.000129935
1.14049e-012	0.000134464
1.59669e-012	0.000139142
2.05289e-012	0.000143973
2.50908e-012	0.000148963
2.96528e-012	0.000154115
3.42148e-012	0.000159435
3.87767e-012	0.000164927
4.33387e-012	0.000170598
4.79007e-012	0.000176452
5.24626e-012	0.000182495
5.70246e-012	0.000188733
6.15866e-012	0.00019517
6.61486e-012	0.000201815
7.07105e-012	0.000208671
7.52725e-012	0.000215747
7.98345e-012	0.000223047
8.43964e-012	0.00023058
8.89584e-012	0.000238351
9.35204e-012	0.000246368
9.80823e-012	0.000254638
1.02644e-011	0.000263168
1.07206e-011	0.000271966
1.11768e-011	0.00028104
1.1633e-011	0.000290397
1.20892e-011	0.000300046
1.25454e-011	0.000309996
1.30016e-011	0.000320254
1.34578e-011	0.00033083
1.3914e-011	0.000341733
1.43702e-011	0.000352972
1.48264e-011	0.000364557
1.52826e-011	0.000376497
1.57388e-011	0.000388802
1.6195e-011	0.000401484
1.66512e-011	0.000414551
1.71074e-011	0.000428016
1.75636e-011	0.00044189
1.80198e-011	0.000456183
1.8476e-011	0.000470907
1.89322e-011	0.000486075
1.93884e-011	0.000501698
1.98446e-011	0.000517789
2.03008e-011	0.000534361
2.0757e-011	0.000551428
2.12132e-011	0.000569002
2.16694e-011	0.000587098
2.21256e-011	0.000605729
2.25817e-011	0.000624911
2.30379e-011	0.000644657
2.34941e-011	0.000664984
2.39503e-011	0.000685906
2.44065e-011	0.000707441
2.48627e-011	0.000729603
2.53189e-011	0.000752411
2.57751e-011	0.00077588
2.62313e-011	0.000800029
2.66875e-011	0.000824875
2.71437e-011	0.000850437
2.75999e-011	0.000876734
2.80561e-011	0.000903784
2.85123e-011	0.000931608
2.89685e-011	0.000960225
2.94247e-011	0.000989656
2.98809e-011	0.00101992
3.03371e-011	0.00105104
3.07933e-011	0.00108305
3.12495e-011	0.00111595
3.17057e-011	0.00114977
3.21619e-011	0.00118455
3.26181e-011	0.00122029
3.30743e-011	0.00125703
3.35305e-011	0.00129479
3.39867e-011	0.0013336
3.44429e-011	0.00137349
3.48991e-011	0.00141447
3.53553e-011	0.00145658
3.58115e-011	0.00149984
3.62677e-011	0.00154429
3.67239e-011	0.00158995
3.718e-011	0.00163685
3.76362e-011	0.00168502
3.80924e-011	0.0017345
3.85486e-011	0.00178531
3.90048e-011	0.0018375
3.9461e-011	0.00189108
3.99172e-011	0.0019461
4.03734e-011	0.00200258
4.08296e-011	0.00206058
4.12858e-011	0.00212011
4.1742e-011	0.00218121
4.21982e-011	0.00224393
4.26544e-011	0.00230831
4.31106e-011	0.00237437
4.35668e-011	0.00244216
4.4023e-011	0.00251173
4.44792e-011	0.0025831
4.49354e-011	0.00265633
4.53916e-011	0.00273146
4.58478e-011	0.00280853
4.6304e-011	0.00288758
4.67602e-011	0.00296866
4.72164e-011	0.00305181
4.76726e-011	0.00313709
4.81288e-011	0.00322454
4.8585e-011	0.00331421
4.90412e-011	0.00340616
4.94974e-011	0.00350042
4.99536e-011	0.00359705
5.04098e-011	0.00369611
5.0866e-011	0.00379764
5.13222e-011	0.00390171
5.17783e-011	0.00400837
5.22345e-011	0.00411767
5.26907e-011	0.00422968
5.31469e-011	0.00434444
5.36031e-011	0.00446203
5.40593e-011	0.0045825
5.45155e-011	0.00470591
5.49717e-011	0.00483233
5.54279e-011	0.00496181
5.58841e-011	0.00509444
5.63403e-011	0.00523026
5.67965e-011	0.00536935
5.72527e-011	0.00551178
5.77089e-011	0.00565761
5.81651e-011	0.00580692
5.86213e-011	0.00595978
5.90775e-011	0.00611626
5.95337e-011	0.00627644
5.99899e-011	0.00644039
6.04461e-011	0.00660819
6.09023e-011	0.00677991
6.13585e-011	0.00695564
6.18147e-011	0.00713545
6.22709e-011	0.00731943
6.27271e-011	0.00750767
6.31833e-011	0.00770023
6.36395e-011	0.00789722
6.40957e-011	0.00809871
6.45519e-011	0.0083048
6.50081e-011	0.00851557
6.54643e-011	0.00873112
6.59205e-011	0.00895154
6.63767e-011	0.00917692
6.68328e-011	0.00940735
6.7289e-011	0.00964294
6.77452e-011	0.00988377
6.82014e-011	0.01013
6.86576e-011	0.0103816
6.91138e-011	0.0106388
6.957e-011	0.0109016
7.00262e-011	0.0111702
7.04824e-011	0.0114447
7.09386e-011	0.0117251
7.13948e-011	0.0120116
7.1851e-011	0.0123044
7.23072e-011	0.0126034
7.27634e-011	0.0129088
7.32196e-011	0.0132208
7.36758e-011	0.0135394
7.4132e-011	0.0138648
7.45882e-011	0.0141971
7.50444e-011	0.0145364
7.55006e-011	0.0148828
7.59568e-011	0.0152364
7.6413e-011	0.0155975
7.68692e-011	0.015966
7.73254e-011	0.0163422
7.77816e-011	0.0167262
7.82378e-011	0.017118
7.8694e-011	0.0175179
7.91502e-011	0.0179259
7.96064e-011	0.0183423
8.00626e-011	0.018767
8.05188e-011	0.0192004
8.0975e-011	0.0196424
8.14311e-011	0.0200933
8.18873e-011	0.0205533
8.23435e-011	0.0210223
8.27997e-011	0.0215007
8.32559e-011	0.0219885
8.37121e-011	0.0224859
8.41683e-011	0.022993
8.46245e-011	0.02351
8.50807e-011	0.0240371
8.55369e-011	0.0245743
8.59931e-011	0.0251219
8.64493e-011	0.0256801
8.69055e-011	0.0262489
8.73617e-011	0.0268285
8.78179e-011	0.0274191
8.82741e-011	0.028021
8.87303e-011	0.0286341
8.91865e-011	0.0292587
8.96427e-011	0.029895
9.00989e-011	0.0305431
9.05551e-011	0.0312032
9.10113e-011	0.0318755
9.14675e-011	0.0325601
9.19237e-011	0.0332572
9.23799e-011	0.0339671
9.28361e-011	0.0346898
9.32923e-011	0.0354256
9.37485e-011	0.0361745
9.42047e-011	0.0369369
9.46609e-011	0.0377129
9.51171e-011	0.0385027
9.55733e-011	0.0393064
9.60295e-011	0.0401242
9.64856e-011	0.0409564
9.69418e-011	0.0418031
9.7398e-011	0.0426644
9.78542e-011	0.0435407
9.83104e-011	0.0444321
9.87666e-011	0.0453387
9.92228e-011	0.0462607
9.9679e-011	0.0471984
1.00135e-010	0.048152
1.00591e-010	0.0491216
1.01048e-010	0.0501074
1.01504e-010	0.0511097
1.0196e-010	0.0521286
1.02416e-010	0.0531643
1.02872e-010	0.054217
1.03329e-010	0.0552869
1.03785e-010	0.0563742
1.04241e-010	0.0574791
1.04697e-010	0.0586019
1.05153e-010	0.0597426
1.0561e-010	0.0609015
1.06066e-010	0.0620789
1.06522e-010	0.0632748
1.06978e-010	0.0644896
1.07434e-010	0.0657233
1.07891e-010	0.0669763
1.08347e-010	0.0682486
1.08803e-010	0.0695406
1.09259e-010	0.0708523
1.09715e-010	0.072184
1.10172e-010	0.073536
1.10628e-010	0.0749083
1.11084e-010	0.0763012
1.1154e-010	0.077715
1.11996e-010	0.0791497
1.12453e-010	0.0806056
1.12909e-010	0.0820829
1.13365e-010	0.0835818
1.13821e-010	0.0851024
1.14277e-010	0.086645
1.14734e-010	0.0882098
1.1519e-010	0.0897969
1.15646e-010	0.0914066
1.16102e-010	0.0930391
1.16558e-010	0.0946944
1.17015e-010	0.0963729
1.17471e-010	0.0980747
1.17927e-010	0.0997999
1.18383e-010	0.101549
1.18839e-010	0.103322
1.19295e-010	0.105119
1.19752e-010	0.10694
1.20208e-010	0.108785
1.20664e-010	0.110655
1.2112e-010	0.11255
1.21576e-010	0.11447
1.22033e-010	0.116414
1.22489e-010	0.118384
1.22945e-010	0.12038
1.23401e-010	0.122401
1.23857e-010	0.124448
1.24314e-010	0.126521
1.2477e-010	0.128619
1.25226e-010	0.130744
1.25682e-010	0.132896
1.26138e-010	0.135074
1.26595e-010	0.137278
1.27051e-010	0.13951
1.27507e-010	0.141768
1.27963e-010	0.144053
1.28419e-010	0.146366
1.28876e-010	0.148706
1.29332e-010	0.151074
1.29788e-010	0.153469
1.30244e-010	0.155892
1.307e-010	0.158342
1.31157e-010	0.160821
1.31613e-010	0.163328
1.32069e-010	0.165862
1.32525e-010	0.168426
1.32981e-010	0.171017
1.33438e-010	0.173637
1.33894e-010	0.176285
1.3435e-010	0.178963
1.34806e-010	0.181668
1.35262e-010	0.184403
1.35719e-010	0.187167
1.36175e-010	0.189959
1.36631e-010	0.19278
1.37087e-010	0.195631
1.37543e-010	0.198511
1.38e-010	0.201419
1.38456e-010	0.204357
1.38912e-010	0.207324
1.39368e-010	0.210321
1.39824e-010	0.213346
1.40281e-010	0.216401
1.40737e-010	0.219486
1.41193e-010	0.222599
1.41649e-010	0.225742
1.42105e-010	0.228914
1.42562e-010	0.232116
1.43018e-010	0.235347
1.43474e-010	0.238607
1.4393e-010	0.241897
1.44386e-010	0.245215
1.44843e-010	0.248563
1.45299e-010	0.25194
1.45755e-010	0.255346
1.46211e-010	0.258781
1.46667e-010	0.262246
1.47124e-010	0.265739
1.4758e-010	0.269261
1.48036e-010	0.272811
1.48492e-010	0.27639
1.48948e-010	0.279998
1.49404e-010	0.283635
1.49861e-010	0.287299
1.50317e-010	0.290992
1.50773e-010	0.294713
1.51229e-010	0.298462
1.51685e-010	0.302239
1.52142e-010	0.306043
1.52598e-010	0.309875
1.53054e-010	0.313734
1.5351e-010	0.317621
1.53966e-010	0.321534
1.54423e-010	0.325474
1.54879e-010	0.329441
1.55335e-010	0.333435
1.55791e-010	0.337454
1.56247e-010	0.3415
1.56704e-010	0.345571
1.5716e-010	0.349668
1.57616e-010	0.35379
1.58072e-010	0.357938
1.58528e-010	0.36211
1.58985e-010	0.366306
1.59441e-010	0.370527
1.59897e-010	0.374772
1.60353e-010	0.379041
1.60809e-010	0.383333
1.61266e-010	0.387648
1.61722e-010	0.391986
1.62178e-010	0.396347
1.62634e-010	0.40073
1.6309e-010	0.405134
1.63547e-010	0.40956
1.64003e-010	0.414007
1.64459e-010	0.418475
1.64915e-010	0.422964
1.65371e-010	0.427472
1.65828e-010	0.432
1.66284e-010	0.436547
1.6674e-010	0.441114
1.67196e-010	0.445698
1.67652e-010	0.450301
1.68109e-010	0.454921
1.68565e-010	0.459559
1.69021e-010	0.464213
1.69477e-010	0.468884
1.69933e-010	0.47357
1.7039e-010	0.478272
1.70846e-010	0.482989
1.71302e-010	0.487721
1.71758e-010	0.492466
1.72214e-010	0.497225
1.72671e-010	0.501996
1.73127e-010	0.506781
1.73583e-010	0.511577
1.74039e-010	0.516384
1.74495e-010	0.521203
1.74952e-010	0.526032
1.75408e-010	0.530871
1.75864e-010	0.535719
1.7632e-010	0.540576
1.76776e-010	0.545441
1.77233e-010	0.550313
1.77689e-010	0.555193
1.78145e-010	0.560079
1.78601e-010	0.564971
1.79057e-010	0.569869
1.79513e-010	0.57477
1.7997e-010	0.579676
1.80426e-010	0.584586
1.80882e-010	0.589498
1.81338e-010	0.594413
1.81794e-010	0.599329
1.82251e-010	0.604246
1.82707e-010	0.609163
1.83163e-010	0.61408
1.83619e-010	0.618996
1.84075e-010	0.62391
1.84532e-010	0.628822
1.84988e-010	0.633731
1.85444e-010	0.638637
1.859e-010	0.643538
1.86356e-010	0.648434
1.86813e-010	0.653324
1.87269e-010	0.658208
1.87725e-010	0.663085
1.88181e-010	0.667954
1.88637e-010	0.672814
1.89094e-010	0.677666
1.8955e-010	0.682508
1.90006e-010	0.687338
1.90462e-010	0.692158
1.90918e-010	0.696966
1.91375e-010	0.701761
1.91831e-010	0.706542
1.92287e-010	0.711309
1.92743e-010	0.716062
1.93199e-010	0.720799
1.93656e-010	0.725519
1.94112e-010	0.730222
1.94568e-010	0.734908
1.95024e-010	0.739575
1.9548e-010	0.744223
1.95937e-010	0.74885
1.96393e-010	0.753457
1.96849e-010	0.758043
1.97305e-010	0.762606
1.97761e-010	0.767146
1.98218e-010	0.771663
1.98674e-010	0.776155
1.9913e-010	0.780622
1.99586e-010	0.785063
2.00042e-010	0.789477
2.00499e-010	0.793864
2.00955e-010	0.798223
2.01411e-010	0.802553
2.01867e-010	0.806854
2.02323e-010	0.811125
2.0278e-010	0.815364
2.03236e-010	0.819572
2.03692e-010	0.823747
2.04148e-010	0.827889
2.04604e-010	0.831997
2.05061e-010	0.836071
2.05517e-010	0.840109
2.05973e-010	0.844112
2.06429e-010	0.848077
2.06885e-010	0.852006
2.07341e-010	0.855896
2.07798e-010	0.859747
2.08254e-010	0.86356
2.0871e-010	0.867332
2.09166e-010	0.871063
2.09622e-010	0.874753
2.10079e-010	0.8784
2.10535e-010	0.882005
2.10991e-010	0.885567
2.11447e-010	0.889084
2.11903e-010	0.892557
2.1236e-010	0.895984
2.12816e-010	0.899366
2.13272e-010	0.902701
2.13728e-010	0.905988
2.14184e-010	0.909228
2.14641e-010	0.91242
2.15097e-010	0.915562
2.15553e-010	0.918655
2.16009e-010	0.921698
2.16465e-010	0.92469
2.16922e-010	0.927631
2.17378e-010	0.93052
2.17834e-010	0.933357
2.1829e-010	0.936141
2.18746e-010	0.938871
2.19203e-010	0.941548
2.19659e-010	0.94417
2.20115e-010	0.946737
2.20571e-010	0.949249
2.21027e-010	0.951704
2.21484e-010	0.954104
2.2194e-010	0.956447
2.22396e-010	0.958732
2.22852e-010	0.96096
2.23308e-010	0.963129
2.23765e-010	0.96524
2.24221e-010	0.967292
2.24677e-010	0.969285
2.25133e-010	0.971218
2.25589e-010	0.973091
2.26046e-010	0.974903
2.26502e-010	0.976655
2.26958e-010	0.978345
2.27414e-010	0.979974
2.2787e-010	0.981541
2.28327e-010	0.983046
2.28783e-010	0.984489
2.29239e-010	0.985869
2.29695e-010	0.987186
2.30151e-010	0.988439
2.30608e-010	0.98963
2.31064e-010	0.990756
2.3152e-010	0.991819
2.31976e-010	0.992818
2.32432e-010	0.993752
2.32889e-010	0.994622
2.33345e-010	0.995427
2.33801e-010	0.996167
2.34257e-010	0.996842
2.34713e-010	0.997452
2.3517e-010	0.997997
2.35626e-010	0.998477
2.36082e-010	0.998891
2.36538e-010	0.99924
2.36994e-010	0.999523
2.3745e-010	0.999741
2.37907e-010	0.999892
2.38363e-010	0.999978
2.38819e-010	0.999999
2.39275e-010	0.999953
2.39731e-010	0.999842
2.40188e-010	0.999666
2.40644e-010	0.999423
2.411e-010	0.999115
2.41556e-010	0.998742
2.42012e-010	0.998303
2.42469e-010	0.997798
2.42925e-010	0.997228
2.43381e-010	0.996593
2.43837e-010	0.995893
2.44293e-010	0.995128
2.4475e-010	0.994299
2.45206e-010	0.993404
2.45662e-010	0.992446
2.46118e-010	0.991423
2.46574e-010	0.990336
2.47031e-010	0.989185
2.47487e-010	0.98797
2.47943e-010	0.986693
2.48399e-010	0.985352
2.48855e-010	0.983948
2.49312e-010	0.982482
2.49768e-010	0.980953
2.50224e-010	0.979362
2.5068e-010	0.97771
2.51136e-010	0.975996
2.51593e-010	0.974222
2.52049e-010	0.972386
2.52505e-010	0.97049
2.52961e-010	0.968535
2.53417e-010	0.966519
2.53874e-010	0.964445
2.5433e-010	0.962312
2.54786e-010	0.96012
2.55242e-010	0.95787
2.55698e-010	0.955563
2.56155e-010	0.953199
2.56611e-010	0.950778
2.57067e-010	0.948301
2.57523e-010	0.945768
2.57979e-010	0.94318
2.58436e-010	0.940537
2.58892e-010	0.93784
2.59348e-010	0.935089
2.59804e-010	0.932285
2.6026e-010	0.929429
2.60717e-010	0.92652
2.61173e-010	0.923559
2.61629e-010	0.920548
2.62085e-010	0.917486
2.62541e-010	0.914374
2.62998e-010	0.911213
2.63454e-010	0.908003
2.6391e-010	0.904745
2.64366e-010	0.901439
2.64822e-010	0.898086
2.65279e-010	0.894687
2.65735e-010	0.891243
2.66191e-010	0.887753
2.66647e-010	0.884219
2.67103e-010	0.880641
2.67559e-010	0.877019
2.68016e-010	0.873356
2.68472e-010	0.86965
2.68928e-010	0.865903
2.69384e-010	0.862116
2.6984e-010	0.858289
2.70297e-010	0.854422
2.70753e-010	0.850517
2.71209e-010	0.846575
2.71665e-010	0.842595
2.72121e-010	0.838579
2.72578e-010	0.834527
2.73034e-010	0.83044
2.7349e-010	0.826319
2.73946e-010	0.822164
2.74402e-010	0.817977
2.74859e-010	0.813757
2.75315e-010	0.809506
2.75771e-010	0.805224
2.76227e-010	0.800912
2.76683e-010	0.79657
2.7714e-010	0.792201
2.77596e-010	0.787803
2.78052e-010	0.783378
2.78508e-010	0.778927
2.78964e-010	0.774451
2.79421e-010	0.769949
2.79877e-010	0.765424
2.80333e-010	0.760875
2.80789e-010	0.756303
2.81245e-010	0.751709
2.81702e-010	0.747094
2.82158e-010	0.742459
2.82614e-010	0.737804
2.8307e-010	0.73313
2.83526e-010	0.728437
2.83983e-010	0.723727
2.84439e-010	0.719001
2.84895e-010	0.714258
2.85351e-010	0.7095
2.85807e-010	0.704727
2.86264e-010	0.69994
2.8672e-010	0.69514
2.87176e-010	0.690328
2.87632e-010	0.685504
2.88088e-010	0.680669
2.88545e-010	0.675824
2.89001e-010	0.670969
2.89457e-010	0.666105
2.89913e-010	0.661233
2.90369e-010	0.656353
2.90826e-010	0.651467
2.91282e-010	0.646574
2.91738e-010	0.641676
2.92194e-010	0.636773
2.9265e-010	0.631866
2.93107e-010	0.626956
2.93563e-010	0.622043
2.94019e-010	0.617128
2.94475e-010	0.612212
2.94931e-010	0.607295
2.95388e-010	0.602377
2.95844e-010	0.597461
2.963e-010	0.592545
2.96756e-010	0.587631
2.97212e-010	0.58272
2.97668e-010	0.577812
2.98125e-010	0.572907
2.98581e-010	0.568007
2.99037e-010	0.563112
2.99493e-010	0.558222
2.99949e-010	0.553338
3.00406e-010	0.548461
3.00862e-010	0.543591
3.01318e-010	0.538729
3.01774e-010	0.533876
3.0223e-010	0.529031
3.02687e-010	0.524196
3.03143e-010	0.519371
3.03599e-010	0.514556
3.04055e-010	0.509753
3.04511e-010	0.504961
3.04968e-010	0.500182
3.05424e-010	0.495415
3.0588e-010	0.490661
3.06336e-010	0.485921
3.06792e-010	0.481195
3.07249e-010	0.476484
3.07705e-010	0.471788
3.08161e-010	0.467107
3.08617e-010	0.462443
3.09073e-010	0.457795
3.0953e-010	0.453164
3.09986e-010	0.44855
3.10442e-010	0.443954
3.10898e-010	0.439376
3.11354e-010	0.434817
3.11811e-010	0.430277
3.12267e-010	0.425757
3.12723e-010	0.421256
3.13179e-010	0.416775
3.13635e-010	0.412315
3.14092e-010	0.407876
3.14548e-010	0.403458
3.15004e-010	0.399062
3.1546e-010	0.394687
3.15916e-010	0.390335
3.16373e-010	0.386006
3.16829e-010	0.3817
3.17285e-010	0.377416
3.17741e-010	0.373157
3.18197e-010	0.368921
3.18654e-010	0.364709
3.1911e-010	0.360522
3.19566e-010	0.356359
3.20022e-010	0.352221
3.20478e-010	0.348108
3.20935e-010	0.344021
3.21391e-010	0.33996
3.21847e-010	0.335924
3.22303e-010	0.331914
3.22759e-010	0.327931
3.23216e-010	0.323974
3.23672e-010	0.320044
3.24128e-010	0.316141
3.24584e-010	0.312265
3.2504e-010	0.308416
3.25496e-010	0.304594
3.25953e-010	0.3008
3.26409e-010	0.297034
3.26865e-010	0.293296
3.27321e-010	0.289586
3.27777e-010	0.285903
3.28234e-010	0.28225
3.2869e-010	0.278624
3.29146e-010	0.275027
3.29602e-010	0.271459
3.30058e-010	0.267919
3.30515e-010	0.264408
3.30971e-010	0.260926
3.31427e-010	0.257473
3.31883e-010	0.254049
3.32339e-010	0.250654
3.32796e-010	0.247288
3.33252e-010	0.243951
3.33708e-010	0.240643
3.34164e-010	0.237365
3.3462e-010	0.234116
3.35077e-010	0.230896
3.35533e-010	0.227706
3.35989e-010	0.224544
3.36445e-010	0.221413
3.36901e-010	0.21831
3.37358e-010	0.215237
3.37814e-010	0.212193
3.3827e-010	0.209179
3.38726e-010	0.206193
3.39182e-010	0.203237
3.39639e-010	0.200311
3.40095e-010	0.197413
3.40551e-010	0.194544
3.41007e-010	0.191705
3.41463e-010	0.188895
3.4192e-010	0.186113
3.42376e-010	0.183361
3.42832e-010	0.180637
3.43288e-010	0.177942
3.43744e-010	0.175276
3.44201e-010	0.172638
3.44657e-010	0.170029
3.45113e-010	0.167448
3.45569e-010	0.164896
3.46025e-010	0.162372
3.46482e-010	0.159876
3.46938e-010	0.157408
3.47394e-010	0.154968
3.4785e-010	0.152555
3.48306e-010	0.150171
3.48763e-010	0.147814
3.49219e-010	0.145484
3.49675e-010	0.143182
3.50131e-010	0.140907
3.50587e-010	0.138659
3.51044e-010	0.136437
3.515e-010	0.134243
3.51956e-010	0.132075
3.52412e-010	0.129934
3.52868e-010	0.127819
3.53325e-010	0.12573
3.53781e-010	0.123667
3.54237e-010	0.12163
3.54693e-010	0.119619
3.55149e-010	0.117633
3.55605e-010	0.115672
3.56062e-010	0.113737
3.56518e-010	0.111827
3.56974e-010	0.109942
3.5743e-010	0.108081
3.57886e-010	0.106245
3.58343e-010	0.104433
3.58799e-010	0.102645
3.59255e-010	0.100882
3.59711e-010	0.0991416
3.60167e-010	0.0974253
3.60624e-010	0.0957324
3.6108e-010	0.0940627
3.61536e-010	0.0924161
3.61992e-010	0.0907923
3.62448e-010	0.0891912
3.62905e-010	0.0876126
3.63361e-010	0.0860563
3.63817e-010	0.084522
3.64273e-010	0.0830097
3.64729e-010	0.081519
3.65186e-010	0.0800499
3.65642e-010	0.0786021
3.66098e-010	0.0771753
3.66554e-010	0.0757695
3.6701e-010	0.0743845
3.67467e-010	0.0730199
3.67923e-010	0.0716756
3.68379e-010	0.0703515
3.68835e-010	0.0690473
3.69291e-010	0.0677629
3.69748e-010	0.0664979
3.70204e-010	0.0652523
3.7066e-010	0.0640258
3.71116e-010	0.0628182
3.71572e-010	0.0616294
3.72029e-010	0.060459
3.72485e-010	0.059307
3.72941e-010	0.0581732
3.73397e-010	0.0570572
3.73853e-010	0.055959
3.7431e-010	0.0548783
3.74766e-010	0.053815
3.75222e-010	0.0527687
3.75678e-010	0.0517395
3.76134e-010	0.0507269
3.76591e-010	0.0497309
3.77047e-010	0.0487513
3.77503e-010	0.0477878
3.77959e-010	0.0468403
3.78415e-010	0.0459085
3.78872e-010	0.0449924
3.79328e-010	0.0440916
3.79784e-010	0.043206
3.8024e-010	0.0423354
3.80696e-010	0.0414796
3.81153e-010	0.0406385
3.81609e-010	0.0398118
3.82065e-010	0.0389993
3.82521e-010	0.0382009
3.82977e-010	0.0374164
3.83434e-010	0.0366456
3.8389e-010	0.0358884
3.84346e-010	0.0351444
3.84802e-010	0.0344137
3.85258e-010	0.0336959
3.85714e-010	0.0329909
3.86171e-010	0.0322985
3.86627e-010	0.0316186
3.87083e-010	0.030951
3.87539e-010	0.0302954
3.87995e-010	0.0296518
3.88452e-010	0.02902
3.88908e-010	0.0283998
3.89364e-010	0.027791
3.8982e-010	0.0271934
3.90276e-010	0.026607
3.90733e-010	0.0260315
3.91189e-010	0.0254667
3.91645e-010	0.0249126
3.92101e-010	0.024369
3.92557e-010	0.0238356
3.93014e-010	0.0233124
3.9347e-010	0.0227991
3.93926e-010	0.0222957
3.94382e-010	0.021802
3.94838e-010	0.0213178
3.95295e-010	0.020843
3.95751e-010	0.0203774
3.96207e-010	0.019921
3.96663e-010	0.0194734
3.97119e-010	0.0190347
3.97576e-010	0.0186046
3.98032e-010	0.0181831
3.98488e-010	0.0177699
3.98944e-010	0.017365
3.994e-010	0.0169682
3.99857e-010	0.0165794
4.00313e-010	0.0161984
4.00769e-010	0.0158251
4.01225e-010	0.0154594
4.01681e-010	0.0151012
4.02138e-010	0.0147503
4.02594e-010	0.0144066
4.0305e-010	0.01407
4.03506e-010	0.0137404
4.03962e-010	0.0134176
4.04419e-010	0.0131015
4.04875e-010	0.012792
4.05331e-010	0.012489
4.05787e-010	0.0121924
4.06243e-010	0.0119021
4.067e-010	0.0116179
4.07156e-010	0.0113397
4.07612e-010	0.0110675
4.08068e-010	0.0108011
4.08524e-010	0.0105404
4.08981e-010	0.0102853
4.09437e-010	0.0100358
4.09893e-010	0.00979164
4.10349e-010	0.00955281
4.10805e-010	0.00931919
4.11262e-010	0.00909069
4.11718e-010	0.00886721
4.12174e-010	0.00864865
4.1263e-010	0.00843493
4.13086e-010	0.00822595
4.13543e-010	0.00802161
4.13999e-010	0.00782184
4.14455e-010	0.00762655
4.14911e-010	0.00743564
4.15367e-010	0.00724903
4.15823e-010	0.00706664
4.1628e-010	0.00688839
4.16736e-010	0.00671419
4.17192e-010	0.00654397
4.17648e-010	0.00637764
4.18104e-010	0.00621514
4.18561e-010	0.00605637
4.19017e-010	0.00590128
4.19473e-010	0.00574977
4.19929e-010	0.00560179
4.20385e-010	0.00545726
4.20842e-010	0.00531611
4.21298e-010	0.00517827
4.21754e-010	0.00504367
4.2221e-010	0.00491225
4.22666e-010	0.00478393
4.23123e-010	0.00465867
4.23579e-010	0.00453638
4.24035e-010	0.00441701
4.24491e-010	0.00430051
4.24947e-010	0.0041868
4.25404e-010	0.00407583
4.2586e-010	0.00396754
4.26316e-010	0.00386187
4.26772e-010	0.00375877
4.27228e-010	0.00365818
4.27685e-010	0.00356005
4.28141e-010	0.00346432
4.28597e-010	0.00337095
4.29053e-010	0.00327988
4.29509e-010	0.00319106
4.29966e-010	0.00310444
4.30422e-010	0.00301997
4.30878e-010	0.00293761
4.31334e-010	0.0028573
4.3179e-010	0.00277901
4.32247e-010	0.00270269
4.32703e-010	0.00262829
4.33159e-010	0.00255577
4.33615e-010	0.00248508
4.34071e-010	0.0024162
4.34528e-010	0.00234907
4.34984e-010	0.00228365
4.3544e-010	0.00221991
4.35896e-010	0.00215781
4.36352e-010	0.0020973
4.36809e-010	0.00203836
4.37265e-010	0.00198095
4.37721e-010	0.00192502
4.38177e-010	0.00187055
4.38633e-010	0.00181751
4.3909e-010	0.00176585
4.39546e-010	0.00171554
4.40002e-010	0.00166657
4.40458e-010	0.00161888
4.40914e-010	0.00157245
4.41371e-010	0.00152726
4.41827e-010	0.00148326
4.42283e-010	0.00144044
4.42739e-010	0.00139876
4.43195e-010	0.0013582
4.43652e-010	0.00131873
4.44108e-010	0.00128032
4.44564e-010	0.00124295
4.4502e-010	0.00120659
4.45476e-010	0.00117122
4.45932e-010	0.00113681
4.46389e-010	0.00110334
4.46845e-010	0.00107078
4.47301e-010	0.00103912
4.47757e-010	0.00100832
4.48213e-010	0.000978376
4.4867e-010	0.000949256
4.49126e-010	0.000920943
4.49582e-010	0.000893416
4.50038e-010	0.000866654
4.50494e-010	0.000840639
4.50951e-010	0.000815351
4.51407e-010	0.000790772
4.51863e-010	0.000766883
4.52319e-010	0.000743668
4.52775e-010	0.000721107
4.53232e-010	0.000699185
4.53688e-010	0.000677885
4.54144e-010	0.000657191
4.546e-010	0.000637086
4.55056e-010	0.000617556
4.55513e-010	0.000598586
4.55969e-010	0.00058016
4.56425e-010	0.000562264
4.56881e-010	0.000544884
4.57337e-010	0.000528007
4.57794e-010	0.000511619
4.5825e-010	0.000495707
4.58706e-010	0.000480258
4.59162e-010	0.000465261
4.59618e-010	0.000450702
4.60075e-010	0.000436569
4.60531e-010	0.000422853
4.60987e-010	0.00040954
4.61443e-010	0.00039662
4.61899e-010	0.000384083
4.62356e-010	0.000371917
4.62812e-010	0.000360113
4.63268e-010	0.000348661
4.63724e-010	0.000337551
4.6418e-010	0.000326774
4.64637e-010	0.000316319
4.65093e-010	0.000306179
4.65549e-010	0.000296345
4.66005e-010	0.000286808
4.66461e-010	0.000277559
4.66918e-010	0.000268591
4.67374e-010	0.000259896
4.6783e-010	0.000251465
4.68286e-010	0.000243292
4.68742e-010	0.00023537
4.69199e-010	0.00022769
4.69655e-010	0.000220246
4.70111e-010	0.000213032
4.70567e-010	0.00020604
4.71023e-010	0.000199265
4.7148e-010	0.0001927
4.71936e-010	0.000186339
4.72392e-010	0.000180176
4.72848e-010	0.000174206
4.73304e-010	0.000168422
4.7376e-010	0.00016282
4.74217e-010	0.000157393
4.74673e-010	0.000152138
4.75129e-010	0.000147048
4.75585e-010	0.000142119
4.76041e-010	0.000137347
4.76498e-010	0.000132726
4.76954e-010	0.000128252
4.7741e-010	0.00012392
