% time-domain voltage integration by openEMS v0.0.35 @Wed Apr 01 23:02:51 2020
% start-coordinates: (0.06858,-0.064135,0) m -> [44,31,5]
% stop-coordinates: (0.06858,-0.064135,0.0015) m -> [44,31,11]
% t/s	voltage
0	0
2.05288611912e-011	-5.70695231094e-016
4.10577223824e-011	-6.40901767421e-011
6.15865835735e-011	-1.13182585526e-008
8.21154447647e-011	-1.05401401385e-007
1.02644305956e-010	-4.25816431004e-007
1.23173167147e-010	-1.4596531912e-006
1.43702028338e-010	-4.39910763816e-006
1.64230889529e-010	-1.1658947642e-005
1.84759750721e-010	-2.71529852398e-005
2.05288611912e-010	-5.55468986931e-005
2.25817473103e-010	-9.97559473035e-005
2.46346334294e-010	-0.000157100328579
2.66875195485e-010	-0.000216529500904
2.87404056677e-010	-0.000260215078015
3.07932917868e-010	-0.000270647058642
3.28461779059e-010	-0.000239802906435
3.4899064025e-010	-0.000174162776602
3.69519501441e-010	-9.18309779081e-005
3.90048362632e-010	-1.40467473102e-005
4.10577223824e-010	4.2878781187e-005
4.31106085015e-010	7.06984137651e-005
4.51634946206e-010	6.76092731737e-005
4.72163807397e-010	3.54109774889e-005
4.92692668588e-010	-2.1415153924e-005
5.13221529779e-010	-9.42183687584e-005
5.33750390971e-010	-0.000168806704096
5.54279252162e-010	-0.000227479482419
5.74808113353e-010	-0.000255445953371
5.95336974544e-010	-0.000248760588875
6.15865835735e-010	-0.000217860171688
6.36394696927e-010	-0.000182818053872
6.56923558118e-010	-0.000162344585988
6.77452419309e-010	-0.000163484546647
6.979812805e-010	-0.000178986369065
7.18510141691e-010	-0.000193796378881
7.39039002882e-010	-0.000195500513655
7.59567864074e-010	-0.000181170458745
7.80096725265e-010	-0.000156618252731
8.00625586456e-010	-0.000130418737172
8.21154447647e-010	-0.000108412104964
8.41683308838e-010	-9.22933013499e-005
8.6221217003e-010	-8.16940791992e-005
8.82741031221e-010	-7.6436859672e-005
9.03269892412e-010	-7.6750140579e-005
9.23798753603e-010	-8.21537432785e-005
9.44327614794e-010	-9.05749757294e-005
9.64856475985e-010	-9.8947344668e-005
9.85385337177e-010	-0.00010468704204
1.00591419837e-009	-0.000106443349068
1.02644305956e-009	-0.000103363367089
1.04697192075e-009	-9.40752306633e-005
1.06750078194e-009	-7.75213948145e-005
1.08802964313e-009	-5.57667171961e-005
1.10855850432e-009	-3.6143016132e-005
1.12908736551e-009	-2.98135764751e-005
1.14961622671e-009	-4.64516942884e-005
1.1701450879e-009	-8.79795725268e-005
1.19067394909e-009	-0.000145403098941
1.21120281028e-009	-0.000201053313504
1.23173167147e-009	-0.00023528463862
1.25226053266e-009	-0.000234310351516
1.27278939385e-009	-0.000195475327928
1.29331825504e-009	-0.000127935849378
1.31384711624e-009	-4.87962288389e-005
1.33437597743e-009	2.31126737162e-005
1.35490483862e-009	7.30854790163e-005
1.37543369981e-009	9.39372912399e-005
1.395962561e-009	8.62897459228e-005
1.41649142219e-009	5.63861831324e-005
1.43702028338e-009	1.30322357563e-005
1.45754914457e-009	-3.5262097299e-005
1.47807800576e-009	-8.19454526209e-005
1.49860686696e-009	-0.000122612549603
1.51913572815e-009	-0.000153837525431
1.53966458934e-009	-0.000171906323885
1.56019345053e-009	-0.000173012047526
1.58072231172e-009	-0.000155365798491
1.60125117291e-009	-0.000121733079141
1.6217800341e-009	-8.00760353741e-005
1.64230889529e-009	-4.11191999774e-005
1.66283775649e-009	-1.38418331517e-005
1.68336661768e-009	-1.60281800277e-006
1.70389547887e-009	-1.30659526576e-006
1.72442434006e-009	-6.04929698511e-006
1.74495320125e-009	-9.3764272151e-006
1.76548206244e-009	-8.4809165628e-006
1.78601092363e-009	-4.86685729584e-006
1.80653978482e-009	-2.8518574311e-006
1.82706864601e-009	-7.06923071903e-006
1.84759750721e-009	-1.98804564207e-005
1.8681263684e-009	-3.95189567826e-005
1.88865522959e-009	-6.01973006269e-005
1.90918409078e-009	-7.48626935092e-005
1.92971295197e-009	-7.92374776211e-005
1.95024181316e-009	-7.41474832466e-005
1.97077067435e-009	-6.43222037979e-005
1.99129953554e-009	-5.48975658603e-005
2.01182839674e-009	-4.84050760861e-005
2.03235725793e-009	-4.42242735517e-005
2.05288611912e-009	-4.00222133976e-005
2.07341498031e-009	-3.37891051458e-005
2.0939438415e-009	-2.54271712947e-005
2.11447270269e-009	-1.71162882907e-005
2.13500156388e-009	-1.20886832065e-005
2.15553042507e-009	-1.22808096421e-005
2.17605928626e-009	-1.65886217474e-005
2.19658814746e-009	-2.13911982883e-005
2.21711700865e-009	-2.31457443078e-005
2.23764586984e-009	-2.09652828289e-005
2.25817473103e-009	-1.69625914168e-005
2.27870359222e-009	-1.41751827414e-005
2.29923245341e-009	-1.40131487569e-005
2.3197613146e-009	-1.55600459948e-005
2.34029017579e-009	-1.70799867192e-005
2.36081903699e-009	-1.80269551038e-005
2.38134789818e-009	-1.96108064756e-005
2.40187675937e-009	-2.36861951635e-005
2.42240562056e-009	-3.12133743137e-005
2.44293448175e-009	-4.1415979922e-005
2.46346334294e-009	-5.18192928212e-005
2.48399220413e-009	-5.88630900893e-005
2.50452106532e-009	-5.90656218264e-005
2.52504992652e-009	-5.06529240738e-005
2.54557878771e-009	-3.47768905158e-005
2.5661076489e-009	-1.53332834998e-005
2.58663651009e-009	2.77670281434e-006
2.60716537128e-009	1.58374527928e-005
2.62769423247e-009	2.25124640565e-005
2.64822309366e-009	2.35294642152e-005
2.66875195485e-009	2.03704514661e-005
2.68928081604e-009	1.40441866279e-005
2.70980967724e-009	4.71247187761e-006
2.73033853843e-009	-7.68467464241e-006
2.75086739962e-009	-2.23535244004e-005
2.77139626081e-009	-3.69703611796e-005
2.791925122e-009	-4.80275102746e-005
2.81245398319e-009	-5.23128019267e-005
2.83298284438e-009	-4.86996077598e-005
2.85351170557e-009	-3.90692312067e-005
2.87404056677e-009	-2.74838748737e-005
2.89456942796e-009	-1.79512478553e-005
2.91509828915e-009	-1.22563753848e-005
2.93562715034e-009	-9.43459338032e-006
2.95615601153e-009	-7.16205488516e-006
2.97668487272e-009	-3.80145712597e-006
2.99721373391e-009	5.92836201463e-007
3.0177425951e-009	4.82052246298e-006
3.03827145629e-009	7.71981103753e-006
3.05880031749e-009	8.7052399067e-006
3.07932917868e-009	7.47526542e-006
3.09985803987e-009	3.68394802308e-006
3.12038690106e-009	-2.7480557776e-006
3.14091576225e-009	-1.09898448954e-005
3.16144462344e-009	-1.91474773601e-005
3.18197348463e-009	-2.49542467827e-005
3.20250234582e-009	-2.68749008683e-005
3.22303120702e-009	-2.48839792221e-005
3.24356006821e-009	-2.05077828923e-005
3.2640889294e-009	-1.60347763085e-005
3.28461779059e-009	-1.32276638851e-005
3.30514665178e-009	-1.22883741369e-005
3.32567551297e-009	-1.18364100672e-005
3.34620437416e-009	-1.00831856571e-005
3.36673323535e-009	-6.3683053213e-006
3.38726209654e-009	-1.81923590503e-006
3.40779095774e-009	1.4172017444e-006
3.42831981893e-009	1.75374287892e-006
3.44884868012e-009	-6.91207226566e-007
3.46937754131e-009	-4.18494823862e-006
3.4899064025e-009	-6.51995105727e-006
3.51043526369e-009	-6.33922513771e-006
3.53096412488e-009	-3.82075791094e-006
3.55149298607e-009	-4.80283304682e-007
3.57202184727e-009	1.65383008266e-006
3.59255070846e-009	1.01433046495e-006
3.61307956965e-009	-2.72602414952e-006
3.63360843084e-009	-8.39535368868e-006
3.65413729203e-009	-1.38004322707e-005
3.67466615322e-009	-1.68458514054e-005
3.69519501441e-009	-1.67194011738e-005
3.7157238756e-009	-1.43294764712e-005
3.73625273679e-009	-1.16054734463e-005
3.75678159799e-009	-1.01377470401e-005
3.77731045918e-009	-1.01061177702e-005
3.79783932037e-009	-1.02279961993e-005
3.81836818156e-009	-8.72383498063e-006
3.83889704275e-009	-4.64471094119e-006
3.85942590394e-009	1.31991890839e-006
3.87995476513e-009	7.09541745891e-006
3.90048362632e-009	1.04179017626e-005
3.92101248752e-009	1.01771468053e-005
3.94154134871e-009	6.96688505286e-006
3.9620702099e-009	2.5001598658e-006
3.98259907109e-009	-1.61041322144e-006
4.00312793228e-009	-4.76761545087e-006
4.02365679347e-009	-7.35694516152e-006
4.04418565466e-009	-9.91957449514e-006
4.06471451585e-009	-1.2354935734e-005
4.08524337704e-009	-1.38683797104e-005
4.10577223824e-009	-1.3678471305e-005
4.12630109943e-009	-1.17927359042e-005
4.14682996062e-009	-9.07613900836e-006
4.16735882181e-009	-6.57176303775e-006
4.187887683e-009	-4.74146071383e-006
4.20841654419e-009	-3.28921902337e-006
4.22894540538e-009	-1.63094634331e-006
4.24947426657e-009	4.86428021418e-007
4.27000312777e-009	2.7309361883e-006
4.29053198896e-009	4.40156338755e-006
4.31106085015e-009	4.88409614263e-006
4.33158971134e-009	4.04262470965e-006
4.35211857253e-009	2.28717075856e-006
4.37264743372e-009	2.73804165118e-007
4.39317629491e-009	-1.541166057e-006
4.4137051561e-009	-3.12347526688e-006
4.43423401729e-009	-4.66890895723e-006
4.45476287849e-009	-6.21376250365e-006
4.47529173968e-009	-7.46929970319e-006
4.49582060087e-009	-8.0333685446e-006
4.51634946206e-009	-7.72855480591e-006
4.53687832325e-009	-6.72431190196e-006
4.55740718444e-009	-5.3583532349e-006
4.57793604563e-009	-3.89999746631e-006
4.59846490682e-009	-2.48372089118e-006
4.61899376802e-009	-1.21629086891e-006
4.63952262921e-009	-2.6146626908e-007
4.6600514904e-009	2.21501920805e-007
4.68058035159e-009	2.31059615885e-007
4.70110921278e-009	-9.52429779488e-009
4.72163807397e-009	-1.83347168559e-007
4.74216693516e-009	-9.89694957099e-008
4.76269579635e-009	1.95557664284e-007
4.78322465754e-009	4.85042306764e-007
4.80375351874e-009	5.58305529808e-007
4.82428237993e-009	3.05001332634e-007
4.84481124112e-009	-3.0554939201e-007
4.86534010231e-009	-1.2559257101e-006
4.8858689635e-009	-2.46725392117e-006
4.90639782469e-009	-3.75995142576e-006
4.92692668588e-009	-4.85221823965e-006
4.94745554707e-009	-5.44334238839e-006
4.96798440827e-009	-5.34824641818e-006
4.98851326946e-009	-4.61981329636e-006
5.00904213065e-009	-3.5853091731e-006
5.02957099184e-009	-2.70478977882e-006
5.05009985303e-009	-2.26372492307e-006
5.07062871422e-009	-2.11264332961e-006
5.09115757541e-009	-1.70830386992e-006
5.1116864366e-009	-5.3484019702e-007
5.13221529779e-009	1.38005653127e-006
5.15274415899e-009	3.30979537466e-006
5.17327302018e-009	4.24594679771e-006
5.19380188137e-009	3.60787021236e-006
5.21433074256e-009	1.69865990074e-006
5.23485960375e-009	-4.8151511578e-007
5.25538846494e-009	-1.92611130956e-006
5.27591732613e-009	-2.28500084631e-006
5.29644618732e-009	-2.00787880544e-006
5.31697504852e-009	-1.9020748141e-006
5.33750390971e-009	-2.48957124427e-006
5.3580327709e-009	-3.65039335293e-006
5.37856163209e-009	-4.74995732702e-006
5.39909049328e-009	-5.09246842739e-006
5.41961935447e-009	-4.36943764726e-006
5.44014821566e-009	-2.83170260218e-006
5.46067707685e-009	-1.10161485622e-006
5.48120593804e-009	2.25967845324e-007
5.50173479924e-009	9.10956032385e-007
5.52226366043e-009	1.10169607126e-006
5.54279252162e-009	1.0854741106e-006
5.56332138281e-009	1.03841551891e-006
5.583850244e-009	9.76500160732e-007
5.60437910519e-009	8.72230842219e-007
5.62490796638e-009	7.36256765776e-007
5.64543682757e-009	5.60679886519e-007
5.66596568877e-009	2.35614116662e-007
5.68649454996e-009	-3.95671392539e-007
5.70702341115e-009	-1.36304070963e-006
5.72755227234e-009	-2.44182888309e-006
5.74808113353e-009	-3.22229516314e-006
5.76860999472e-009	-3.3581350749e-006
5.78913885591e-009	-2.80979853073e-006
5.8096677171e-009	-1.88676438029e-006
5.83019657829e-009	-1.03986594979e-006
5.85072543949e-009	-5.72435254753e-007
5.87125430068e-009	-4.88887003769e-007
5.89178316187e-009	-5.78321802891e-007
5.91231202306e-009	-6.08756145937e-007
5.93284088425e-009	-4.63358858838e-007
5.95336974544e-009	-1.50297948309e-007
5.97389860663e-009	2.51717391819e-007
5.99442746782e-009	6.3594638533e-007
6.01495632902e-009	8.87524038262e-007
6.03548519021e-009	9.04376790345e-007
6.0560140514e-009	6.36256984876e-007
6.07654291259e-009	1.19158098499e-007
6.09707177378e-009	-5.06667518607e-007
6.11760063497e-009	-1.0361474807e-006
6.13812949616e-009	-1.29906833024e-006
6.15865835735e-009	-1.28006853117e-006
6.17918721854e-009	-1.15495829789e-006
6.19971607974e-009	-1.17249149412e-006
6.22024494093e-009	-1.44774708133e-006
6.24077380212e-009	-1.83677809673e-006
6.26130266331e-009	-2.02809596317e-006
6.2818315245e-009	-1.79228226216e-006
6.30236038569e-009	-1.17812939493e-006
6.32288924688e-009	-4.78543377369e-007
6.34341810807e-009	2.88403900761e-009
6.36394696927e-009	1.85170680567e-007
6.38447583046e-009	2.42889964142e-007
6.40500469165e-009	4.16538462389e-007
6.42553355284e-009	7.70337848621e-007
6.44606241403e-009	1.11529880087e-006
6.46659127522e-009	1.16235003134e-006
6.48712013641e-009	7.71476550199e-007
6.5076489976e-009	8.28150650278e-008
6.52817785879e-009	-5.79043408777e-007
6.54870671999e-009	-9.47663352235e-007
6.56923558118e-009	-1.00209165055e-006
6.58976444237e-009	-9.52066713467e-007
6.61029330356e-009	-1.0423022303e-006
6.63082216475e-009	-1.33466859609e-006
6.65135102594e-009	-1.64739171282e-006
6.67187988713e-009	-1.70918016806e-006
6.69240874832e-009	-1.39021398127e-006
6.71293760952e-009	-8.18096424382e-007
6.73346647071e-009	-2.74030266922e-007
6.7539953319e-009	2.65021835588e-008
6.77452419309e-009	8.1257276463e-008
6.79505305428e-009	5.87508690586e-008
6.81558191547e-009	1.29849965447e-007
6.83611077666e-009	3.28325526766e-007
6.85663963785e-009	5.40021133588e-007
6.87716849904e-009	6.09289884324e-007
6.89769736024e-009	4.62266775969e-007
6.91822622143e-009	1.48557065316e-007
6.93875508262e-009	-2.20763890724e-007
6.95928394381e-009	-5.61087396989e-007
6.979812805e-009	-8.44861887117e-007
7.00034166619e-009	-1.05430474662e-006
7.02087052738e-009	-1.13987600514e-006
7.04139938857e-009	-1.04925422306e-006
7.06192824977e-009	-8.01549148832e-007
7.08245711096e-009	-5.13676077674e-007
7.10298597215e-009	-3.34232979071e-007
7.12351483334e-009	-3.29164976165e-007
7.14404369453e-009	-4.23169751684e-007
7.16457255572e-009	-4.56193667731e-007
7.18510141691e-009	-3.07554223866e-007
7.2056302781e-009	-6.78945832888e-009
7.22615913929e-009	2.82071287216e-007
7.24668800049e-009	3.92922515857e-007
7.26721686168e-009	2.90320016916e-007
7.28774572287e-009	9.29572347985e-008
7.30827458406e-009	-4.2782494436e-008
7.32880344525e-009	-6.51303011523e-008
7.34933230644e-009	-5.47403091744e-008
7.36986116763e-009	-1.27028105368e-007
7.39039002882e-009	-3.17595961974e-007
7.41091889002e-009	-5.52930657705e-007
7.43144775121e-009	-7.25819631953e-007
7.4519766124e-009	-7.9324438218e-007
7.47250547359e-009	-7.9335893588e-007
7.49303433478e-009	-7.87147740766e-007
7.51356319597e-009	-7.81184311904e-007
7.53409205716e-009	-7.11919291518e-007
7.55462091835e-009	-5.14430119836e-007
7.57514977955e-009	-2.09579781085e-007
7.59567864074e-009	7.38253245203e-008
7.61620750193e-009	1.7837917099e-007
7.63673636312e-009	5.07513702175e-008
7.65726522431e-009	-1.88997503869e-007
7.6777940855e-009	-3.15497079129e-007
7.69832294669e-009	-1.66751135566e-007
7.71885180788e-009	2.13105565194e-007
7.73938066907e-009	5.83546743371e-007
7.75990953027e-009	6.74075486984e-007
7.78043839146e-009	3.81267881266e-007
7.80096725265e-009	-1.52150922972e-007
7.82149611384e-009	-6.47092079475e-007
7.84202497503e-009	-8.85269159312e-007
7.86255383622e-009	-8.35468682681e-007
7.88308269741e-009	-6.34509142117e-007
7.9036115586e-009	-4.51902337772e-007
7.9241404198e-009	-3.70137250627e-007
7.94466928099e-009	-3.61100973123e-007
7.96519814218e-009	-3.5984937341e-007
7.98572700337e-009	-3.31343375848e-007
8.00625586456e-009	-2.90766131172e-007
8.02678472575e-009	-2.6785858509e-007
8.04731358694e-009	-2.5613371335e-007
8.06784244813e-009	-2.14092391815e-007
8.08837130932e-009	-1.0847998233e-007
8.10890017052e-009	4.05413604909e-008
8.12942903171e-009	1.59568426028e-007
8.1499578929e-009	1.7452821055e-007
8.17048675409e-009	6.99477009647e-008
8.19101561528e-009	-9.85352173188e-008
8.21154447647e-009	-2.48647864964e-007
8.23207333766e-009	-3.33349792214e-007
8.25260219885e-009	-3.67581144189e-007
8.27313106005e-009	-3.99625854186e-007
8.29365992124e-009	-4.53993706628e-007
8.31418878243e-009	-4.96505506931e-007
8.33471764362e-009	-4.66835722079e-007
8.35524650481e-009	-3.45033264182e-007
8.375775366e-009	-1.90772063036e-007
8.39630422719e-009	-9.68253868194e-008
8.41683308838e-009	-1.040544646e-007
8.43736194957e-009	-1.58518661308e-007
8.45789081077e-009	-1.67014134078e-007
8.47841967196e-009	-9.27059620182e-008
8.49894853315e-009	9.53105971924e-009
8.51947739434e-009	4.66448160097e-008
8.54000625553e-009	-1.68536136158e-008
8.56053511672e-009	-1.24110917099e-007
8.58106397791e-009	-1.7681441733e-007
8.6015928391e-009	-1.29049768205e-007
8.6221217003e-009	-3.39333419141e-008
8.64265056149e-009	-5.30586946601e-009
8.66317942268e-009	-1.18004678029e-007
8.68370828387e-009	-3.41657841574e-007
8.70423714506e-009	-5.55970068206e-007
8.72476600625e-009	-6.44092366997e-007
8.74529486744e-009	-5.80182486942e-007
8.76582372863e-009	-4.37698751909e-007
8.78635258982e-009	-3.19304238161e-007
8.80688145102e-009	-2.6797122743e-007
8.82741031221e-009	-2.47371456652e-007
8.8479391734e-009	-1.94360314509e-007
8.86846803459e-009	-9.31938224369e-008
8.88899689578e-009	1.88081830665e-009
8.90952575697e-009	1.72147005539e-008
8.93005461816e-009	-6.69717739044e-008
8.95058347935e-009	-1.82623338674e-007
8.97111234055e-009	-2.23877364647e-007
8.99164120174e-009	-1.36556456809e-007
9.01217006293e-009	2.99199252041e-008
9.03269892412e-009	1.53973809702e-007
9.05322778531e-009	1.39250513342e-007
9.0737566465e-009	-1.37564384328e-008
9.09428550769e-009	-2.15730882047e-007
9.11481436888e-009	-3.63652773672e-007
9.13534323007e-009	-4.1321594324e-007
9.15587209127e-009	-3.960008641e-007
9.17640095246e-009	-3.70470040423e-007
9.19692981365e-009	-3.60747726802e-007
9.21745867484e-009	-3.40781390662e-007
9.23798753603e-009	-2.7322953855e-007
9.25851639722e-009	-1.56563942255e-007
9.27904525841e-009	-4.24503667773e-008
9.2995741196e-009	2.16175655154e-009
9.3201029808e-009	-5.17409786127e-008
9.34063184199e-009	-1.7122150453e-007
9.36116070318e-009	-2.84128553574e-007
9.38168956437e-009	-3.28756783574e-007
9.40221842556e-009	-2.89904782846e-007
9.42274728675e-009	-2.0076099716e-007
9.44327614794e-009	-1.12895575555e-007
9.46380500913e-009	-5.99145781877e-008
9.48433387032e-009	-4.84179025761e-008
9.50486273152e-009	-7.54420899085e-008
9.52539159271e-009	-1.44392421575e-007
9.5459204539e-009	-2.57264041181e-007
9.56644931509e-009	-3.85625718025e-007
9.58697817628e-009	-4.66855873071e-007
9.60750703747e-009	-4.39922416717e-007
9.62803589866e-009	-2.93861436518e-007
9.64856475985e-009	-8.96267930983e-008
9.66909362105e-009	7.09647807184e-008
9.68962248224e-009	1.08617152605e-007
9.71015134343e-009	2.09089052738e-008
9.73068020462e-009	-1.18800217663e-007
9.75120906581e-009	-2.16762245486e-007
9.771737927e-009	-2.259091616e-007
9.79226678819e-009	-1.73413519988e-007
9.81279564938e-009	-1.25253674099e-007
9.83332451057e-009	-1.21673661369e-007
9.85385337177e-009	-1.47421653551e-007
9.87438223296e-009	-1.57196767603e-007
9.89491109415e-009	-1.32232530703e-007
9.91543995534e-009	-1.074585807e-007
9.93596881653e-009	-1.35426919456e-007
9.95649767772e-009	-2.29916501837e-007
9.97702653891e-009	-3.43343373288e-007
9.9975554001e-009	-4.03945115579e-007
1.00180842613e-008	-3.76093929333e-007
1.00386131225e-008	-2.9141036606e-007
1.00591419837e-008	-2.20367507353e-007
1.00796708449e-008	-2.07591739354e-007
1.01001997061e-008	-2.36917124141e-007
1.01207285673e-008	-2.47037799994e-007
1.01412574284e-008	-1.92753830675e-007
1.01617862896e-008	-9.14553872633e-008
1.01823151508e-008	-1.21086232152e-008
1.0202844012e-008	-1.7600070068e-008
1.02233728732e-008	-1.07094141555e-007
1.02439017344e-008	-2.14615596406e-007
1.02644305956e-008	-2.62277470853e-007
1.02849594568e-008	-2.18559794263e-007
1.0305488318e-008	-1.17955817558e-007
1.03260171792e-008	-2.85726793336e-008
1.03465460404e-008	-1.27457577825e-009
1.03670749015e-008	-3.90999921329e-008
1.03876037627e-008	-1.06065780159e-007
1.04081326239e-008	-1.68233144748e-007
1.04286614851e-008	-2.17637467159e-007
1.04491903463e-008	-2.66197929477e-007
1.04697192075e-008	-3.16380226906e-007
1.04902480687e-008	-3.45001495816e-007
1.05107769299e-008	-3.18030092927e-007
1.05313057911e-008	-2.25644644303e-007
1.05518346523e-008	-1.0402115258e-007
1.05723635135e-008	-1.72501781748e-008
1.05928923746e-008	-1.44934484414e-008
1.06134212358e-008	-9.36820612196e-008
1.0633950097e-008	-2.05881633519e-007
1.06544789582e-008	-2.94223827524e-007
1.06750078194e-008	-3.2806184791e-007
1.06955366806e-008	-3.10977352314e-007
1.07160655418e-008	-2.62198970091e-007
1.0736594403e-008	-1.98524716666e-007
1.07571232642e-008	-1.31166338235e-007
1.07776521254e-008	-7.58286802238e-008
1.07981809866e-008	-5.46434382187e-008
1.08187098478e-008	-8.72202434721e-008
1.08392387089e-008	-1.72087707639e-007
1.08597675701e-008	-2.7874132158e-007
1.08802964313e-008	-3.54733284524e-007
1.09008252925e-008	-3.52899942158e-007
1.09213541537e-008	-2.65182347192e-007
1.09418830149e-008	-1.31846521256e-007
1.09624118761e-008	-1.72958261047e-008
1.09829407373e-008	2.9278460989e-008
1.10034695985e-008	5.21408671794e-009
1.10239984597e-008	-5.43800142694e-008
1.10445273209e-008	-1.10673989084e-007
1.1065056182e-008	-1.48811512446e-007
1.10855850432e-008	-1.80477847778e-007
1.11061139044e-008	-2.18697756793e-007
1.11266427656e-008	-2.53106666293e-007
1.11471716268e-008	-2.54702847258e-007
1.1167700488e-008	-2.05901105943e-007
1.11882293492e-008	-1.26977647952e-007
1.12087582104e-008	-7.07693290636e-008
1.12292870716e-008	-8.63041123011e-008
1.12498159328e-008	-1.76261037765e-007
1.1270344794e-008	-2.89503969242e-007
1.12908736551e-008	-3.59976013442e-007
1.13114025163e-008	-3.54478416398e-007
1.13319313775e-008	-2.93528078288e-007
1.13524602387e-008	-2.25318057545e-007
1.13729890999e-008	-1.82450321518e-007
1.13935179611e-008	-1.62656697e-007
1.14140468223e-008	-1.43323010349e-007
1.14345756835e-008	-1.12425023957e-007
1.14551045447e-008	-8.5400738925e-008
1.14756334059e-008	-8.84987327865e-008
1.14961622671e-008	-1.33056566654e-007
1.15166911283e-008	-1.97146530212e-007
1.15372199894e-008	-2.38567142929e-007
1.15577488506e-008	-2.27713019996e-007
1.15782777118e-008	-1.72492915951e-007
1.1598806573e-008	-1.12023435861e-007
1.16193354342e-008	-8.33708222459e-008
1.16398642954e-008	-9.40815265693e-008
1.16603931566e-008	-1.19903834417e-007
1.16809220178e-008	-1.33568725857e-007
1.1701450879e-008	-1.31539334092e-007
1.17219797402e-008	-1.35848390315e-007
1.17425086014e-008	-1.67956244468e-007
1.17630374625e-008	-2.22790202287e-007
1.17835663237e-008	-2.67173813739e-007
1.18040951849e-008	-2.67768729856e-007
1.18246240461e-008	-2.20304443133e-007
1.18451529073e-008	-1.52425126743e-007
1.18656817685e-008	-1.03198599888e-007
1.18862106297e-008	-9.5118044996e-008
1.19067394909e-008	-1.25677466656e-007
1.19272683521e-008	-1.74101909778e-007
1.19477972133e-008	-2.23118625797e-007
1.19683260745e-008	-2.64553175811e-007
1.19888549356e-008	-2.95211449952e-007
1.20093837968e-008	-3.07798494248e-007
1.2029912658e-008	-2.86202581634e-007
1.20504415192e-008	-2.21376115661e-007
1.20709703804e-008	-1.2821251083e-007
1.20914992416e-008	-4.80938782133e-008
1.21120281028e-008	-2.37408848136e-008
1.2132556964e-008	-7.22241457751e-008
1.21530858252e-008	-1.6887311638e-007
1.21736146864e-008	-2.62855941457e-007
1.21941435476e-008	-3.05963030911e-007
1.22146724088e-008	-2.81063467611e-007
1.22352012699e-008	-2.05212700166e-007
1.22557301311e-008	-1.15538984602e-007
1.22762589923e-008	-4.74901042935e-008
1.22967878535e-008	-1.76290444465e-008
1.23173167147e-008	-2.47692799604e-008
1.23378455759e-008	-6.06420345051e-008
1.23583744371e-008	-1.18917428793e-007
1.23789032983e-008	-1.91809771621e-007
1.23994321595e-008	-2.61644274246e-007
1.24199610207e-008	-3.00050043478e-007
1.24404898819e-008	-2.83495296571e-007
1.2461018743e-008	-2.140510027e-007
1.24815476042e-008	-1.25386907968e-007
1.25020764654e-008	-6.60137660091e-008
1.25226053266e-008	-6.90944839121e-008
1.25431341878e-008	-1.31875998122e-007
1.2563663049e-008	-2.19899984444e-007
1.25841919102e-008	-2.90293399985e-007
1.26047207714e-008	-3.17303999964e-007
1.26252496326e-008	-3.02938385488e-007
1.26457784938e-008	-2.67080373817e-007
1.2666307355e-008	-2.25768477691e-007
1.26868362161e-008	-1.81692829671e-007
1.27073650773e-008	-1.32837614686e-007
1.27278939385e-008	-8.95349216989e-008
1.27484227997e-008	-7.25261166679e-008
1.27689516609e-008	-9.72729274906e-008
1.27894805221e-008	-1.5580494761e-007
1.28100093833e-008	-2.14874347648e-007
1.28305382445e-008	-2.39478605835e-007
1.28510671057e-008	-2.17612551978e-007
1.28715959669e-008	-1.68156750746e-007
1.28921248281e-008	-1.23128696572e-007
1.29126536893e-008	-1.03472219237e-007
1.29331825504e-008	-1.06716786519e-007
1.29537114116e-008	-1.15762036401e-007
1.29742402728e-008	-1.20241537616e-007
1.2994769134e-008	-1.24796102341e-007
1.30152979952e-008	-1.43766792249e-007
1.30358268564e-008	-1.81949268097e-007
1.30563557176e-008	-2.25035613255e-007
1.30768845788e-008	-2.48693364568e-007
1.309741344e-008	-2.35513052615e-007
1.31179423012e-008	-1.92778678354e-007
1.31384711624e-008	-1.47816106022e-007
1.31590000235e-008	-1.25604442403e-007
1.31795288847e-008	-1.3250719455e-007
1.32000577459e-008	-1.55102105381e-007
1.32205866071e-008	-1.78292777875e-007
1.32411154683e-008	-1.99385301158e-007
1.32616443295e-008	-2.24225889411e-007
1.32821731907e-008	-2.5513791968e-007
1.33027020519e-008	-2.79853349383e-007
1.33232309131e-008	-2.7814476411e-007
1.33437597743e-008	-2.38218149207e-007
1.33642886355e-008	-1.708696864e-007
1.33848174966e-008	-1.04835070402e-007
1.34053463578e-008	-7.25735782581e-008
1.3425875219e-008	-8.68813962995e-008
1.34464040802e-008	-1.3405560928e-007
1.34669329414e-008	-1.86716224704e-007
1.34874618026e-008	-2.20449560828e-007
1.35079906638e-008	-2.26627633992e-007
1.3528519525e-008	-2.08830854831e-007
1.35490483862e-008	-1.75694605531e-007
1.35695772474e-008	-1.32601726932e-007
1.35901061086e-008	-8.701598464e-008
1.36106349698e-008	-5.14439051358e-008
1.36311638309e-008	-4.42406151713e-008
1.36516926921e-008	-7.7255946529e-008
1.36722215533e-008	-1.46218745556e-007
1.36927504145e-008	-2.28285436776e-007
1.37132792757e-008	-2.89734302328e-007
1.37338081369e-008	-3.03003169222e-007
1.37543369981e-008	-2.62643080617e-007
1.37748658593e-008	-1.88808126467e-007
1.37953947205e-008	-1.18230072843e-007
1.38159235817e-008	-8.35509599284e-008
1.38364524429e-008	-9.51355350054e-008
1.3856981304e-008	-1.4186420394e-007
1.38775101652e-008	-2.00688017316e-007
1.38980390264e-008	-2.5275701887e-007
1.39185678876e-008	-2.86885665446e-007
1.39390967488e-008	-2.95684571938e-007
1.395962561e-008	-2.73726517008e-007
1.39801544712e-008	-2.21574310899e-007
1.40006833324e-008	-1.52335919879e-007
1.40212121936e-008	-9.0866469904e-008
1.40417410548e-008	-6.40123785089e-008
1.4062269916e-008	-8.454508027e-008
1.40827987771e-008	-1.41598578196e-007
1.41033276383e-008	-2.05235895834e-007
1.41238564995e-008	-2.42657304028e-007
1.41443853607e-008	-2.39258280743e-007
1.41649142219e-008	-2.02827074247e-007
1.41854430831e-008	-1.54819792542e-007
1.42059719443e-008	-1.15300208492e-007
1.42265008055e-008	-9.12442921219e-008
1.42470296667e-008	-8.22395902489e-008
1.42675585279e-008	-8.79689521227e-008
1.42880873891e-008	-1.11370907163e-007
1.43086162503e-008	-1.53000257797e-007
1.43291451114e-008	-2.01427997837e-007
1.43496739726e-008	-2.37501545541e-007
1.43702028338e-008	-2.44108040448e-007
1.4390731695e-008	-2.21125212363e-007
1.44112605562e-008	-1.83700581857e-007
1.44317894174e-008	-1.54490907178e-007
1.44523182786e-008	-1.46132386192e-007
1.44728471398e-008	-1.55784496414e-007
1.4493376001e-008	-1.70351075468e-007
1.45139048622e-008	-1.80458858523e-007
1.45344337234e-008	-1.89003753093e-007
1.45549625845e-008	-2.04893428446e-007
1.45754914457e-008	-2.29867854529e-007
1.45960203069e-008	-2.50880933805e-007
1.46165491681e-008	-2.50572490756e-007
1.46370780293e-008	-2.20867804046e-007
1.46576068905e-008	-1.72811970955e-007
1.46781357517e-008	-1.30083725125e-007
1.46986646129e-008	-1.10697374822e-007
1.47191934741e-008	-1.1753295226e-007
1.47397223353e-008	-1.39874886784e-007
1.47602511965e-008	-1.63925157892e-007
1.47807800576e-008	-1.82367006829e-007
1.48013089188e-008	-1.94768301043e-007
1.482183778e-008	-2.00707631848e-007
1.48423666412e-008	-1.94870214187e-007
1.48628955024e-008	-1.72669565757e-007
1.48834243636e-008	-1.34074529257e-007
1.49039532248e-008	-9.04233541377e-008
1.4924482086e-008	-6.31098462378e-008
1.49450109472e-008	-7.02496141258e-008
1.49655398084e-008	-1.15333943285e-007
1.49860686696e-008	-1.81203812843e-007
1.50065975308e-008	-2.40918055283e-007
1.50271263919e-008	-2.71184624978e-007
1.50476552531e-008	-2.64238952496e-007
1.50681841143e-008	-2.27877748671e-007
1.50887129755e-008	-1.78958661223e-007
1.51092418367e-008	-1.36492035452e-007
1.51297706979e-008	-1.14798870854e-007
1.51502995591e-008	-1.19694945511e-007
1.51708284203e-008	-1.4998973441e-007
1.51913572815e-008	-1.96894955451e-007
1.52118861427e-008	-2.45820196199e-007
1.52324150039e-008	-2.79943126458e-007
1.5252943865e-008	-2.83538145851e-007
1.52734727262e-008	-2.50098974419e-007
1.52940015874e-008	-1.88930435741e-007
1.53145304486e-008	-1.23094487492e-007
1.53350593098e-008	-7.92627066204e-008
1.5355588171e-008	-7.44758885673e-008
1.53761170322e-008	-1.06980179382e-007
1.53966458934e-008	-1.59171118952e-007
1.54171747546e-008	-2.07371975591e-007
1.54377036158e-008	-2.34386671849e-007
1.5458232477e-008	-2.33745037548e-007
1.54787613381e-008	-2.08448827976e-007
1.54992901993e-008	-1.67091776859e-007
1.55198190605e-008	-1.20708063989e-007
1.55403479217e-008	-8.29924236001e-008
1.55608767829e-008	-6.70730546659e-008
1.55814056441e-008	-8.23166868003e-008
1.56019345053e-008	-1.2661135429e-007
1.56224633665e-008	-1.85101210803e-007
1.56429922277e-008	-2.33758502333e-007
1.56635210889e-008	-2.51669412421e-007
1.56840499501e-008	-2.35335168242e-007
1.57045788113e-008	-1.99011775948e-007
1.57251076724e-008	-1.63939132491e-007
1.57456365336e-008	-1.44438194738e-007
1.57661653948e-008	-1.42760345767e-007
1.5786694256e-008	-1.53424059235e-007
1.58072231172e-008	-1.71058728071e-007
1.58277519784e-008	-1.93793184167e-007
1.58482808396e-008	-2.19421121272e-007
1.58688097008e-008	-2.41306864268e-007
1.5889338562e-008	-2.492235609e-007
1.59098674232e-008	-2.35009910199e-007
1.59303962844e-008	-2.00938387707e-007
1.59509251455e-008	-1.60364445279e-007
1.59714540067e-008	-1.30560488643e-007
1.59919828679e-008	-1.21682447229e-007
1.60125117291e-008	-1.30697991096e-007
1.60330405903e-008	-1.4682542826e-007
1.60535694515e-008	-1.6040763029e-007
1.60740983127e-008	-1.70896370832e-007
1.60946271739e-008	-1.80967152374e-007
1.61151560351e-008	-1.90869467787e-007
1.61356848963e-008	-1.93074207289e-007
1.61562137575e-008	-1.8011288816e-007
1.61767426186e-008	-1.51920200864e-007
1.61972714798e-008	-1.19790000142e-007
1.6217800341e-008	-9.9191426628e-008
1.62383292022e-008	-1.00989412388e-007
1.62588580634e-008	-1.25277168195e-007
1.62793869246e-008	-1.61981768443e-007
1.62999157858e-008	-1.98524659822e-007
1.6320444647e-008	-2.23291497292e-007
1.63409735082e-008	-2.32229751873e-007
1.63615023694e-008	-2.25648360441e-007
1.63820312306e-008	-2.05835394951e-007
1.64025600918e-008	-1.77623668662e-007
1.64230889529e-008	-1.48812658196e-007
1.64436178141e-008	-1.30506808915e-007
1.64641466753e-008	-1.33929271229e-007
1.64846755365e-008	-1.61843450641e-007
1.65052043977e-008	-2.05944520104e-007
1.65257332589e-008	-2.48826626859e-007
1.65462621201e-008	-2.70726779661e-007
1.65667909813e-008	-2.61037516935e-007
1.65873198425e-008	-2.21446285309e-007
1.66078487037e-008	-1.66863687312e-007
1.66283775649e-008	-1.17024788082e-007
1.6648906426e-008	-8.96891148017e-008
1.66694352872e-008	-9.21465517223e-008
1.66899641484e-008	-1.20275615245e-007
1.67104930096e-008	-1.61377521124e-007
1.67310218708e-008	-1.99962297387e-007
1.6751550732e-008	-2.24396242032e-007
1.67720795932e-008	-2.26181594343e-007
1.67926084544e-008	-2.03618476746e-007
1.68131373156e-008	-1.61986532632e-007
1.68336661768e-008	-1.15342309925e-007
1.6854195038e-008	-8.25349548705e-008
1.68747238991e-008	-7.8376242385e-008
1.68952527603e-008	-1.06251327736e-007
1.69157816215e-008	-1.55909043897e-007
1.69363104827e-008	-2.07520567841e-007
1.69568393439e-008	-2.41909475562e-007
1.69773682051e-008	-2.47723143332e-007
1.69978970663e-008	-2.26999596009e-007
1.70184259275e-008	-1.92026391233e-007
1.70389547887e-008	-1.57554428171e-007
1.70594836499e-008	-1.34665045337e-007
1.70800125111e-008	-1.28937763577e-007
1.71005413723e-008	-1.4182139374e-007
1.71210702334e-008	-1.71043144093e-007
1.71415990946e-008	-2.0879699747e-007
1.71621279558e-008	-2.42031891418e-007
1.7182656817e-008	-2.56367705731e-007
1.72031856782e-008	-2.44036932884e-007
1.72237145394e-008	-2.09386964656e-007
1.72442434006e-008	-1.68161657044e-007
1.72647722618e-008	-1.36666461259e-007
1.7285301123e-008	-1.23296599597e-007
1.73058299842e-008	-1.27222619994e-007
1.73263588454e-008	-1.40528070958e-007
1.73468877065e-008	-1.56339870827e-007
1.73674165677e-008	-1.71499410229e-007
1.73879454289e-008	-1.84181413232e-007
1.74084742901e-008	-1.91909688141e-007
1.74290031513e-008	-1.89427279196e-007
1.74495320125e-008	-1.73925103653e-007
1.74700608737e-008	-1.49038077879e-007
1.74905897349e-008	-1.25180607213e-007
1.75111185961e-008	-1.14050239475e-007
1.75316474573e-008	-1.2165943275e-007
1.75521763185e-008	-1.42866062092e-007
1.75727051796e-008	-1.67950451768e-007
1.75932340408e-008	-1.89701413689e-007
1.7613762902e-008	-2.04996450037e-007
1.76342917632e-008	-2.13594091747e-007
1.76548206244e-008	-2.14734967585e-007
1.76753494856e-008	-2.06519597867e-007
1.76958783468e-008	-1.8857636519e-007
1.7716407208e-008	-1.65609060687e-007
1.77369360692e-008	-1.46676445212e-007
1.77574649304e-008	-1.41941800536e-007
1.77779937916e-008	-1.55356628895e-007
1.77985226528e-008	-1.83498389816e-007
1.78190515139e-008	-2.15010967253e-007
1.78395803751e-008	-2.36944693199e-007
1.78601092363e-008	-2.40748526892e-007
1.78806380975e-008	-2.25139633159e-007
1.79011669587e-008	-1.95122080271e-007
1.79216958199e-008	-1.59774124597e-007
1.79422246811e-008	-1.28769674035e-007
1.79627535423e-008	-1.10973253697e-007
1.79832824035e-008	-1.11887757726e-007
1.80038112647e-008	-1.32383803475e-007
1.80243401259e-008	-1.65152583165e-007
1.8044868987e-008	-1.97694937754e-007
1.80653978482e-008	-2.17024162197e-007
1.80859267094e-008	-2.13672851856e-007
1.81064555706e-008	-1.88151339842e-007
1.81269844318e-008	-1.48865945349e-007
1.8147513293e-008	-1.11064549557e-007
1.81680421542e-008	-9.12270365916e-008
1.81885710154e-008	-9.82133343541e-008
1.82090998766e-008	-1.29634130985e-007
1.82296287378e-008	-1.73947711346e-007
1.8250157599e-008	-2.14816122224e-007
1.82706864601e-008	-2.39176031869e-007
1.82912153213e-008	-2.41639959597e-007
1.83117441825e-008	-2.22955129914e-007
1.83322730437e-008	-1.91015438133e-007
1.83528019049e-008	-1.56165672394e-007
1.83733307661e-008	-1.30951962163e-007
1.83938596273e-008	-1.24986204497e-007
1.84143884885e-008	-1.41973309553e-007
1.84349173497e-008	-1.76790646123e-007
1.84554462109e-008	-2.16569723932e-007
1.84759750721e-008	-2.45019698752e-007
1.84965039333e-008	-2.49284575204e-007
1.85170327944e-008	-2.28392774915e-007
1.85375616556e-008	-1.90621154417e-007
1.85580905168e-008	-1.52022533229e-007
1.8578619378e-008	-1.26382063925e-007
1.85991482392e-008	-1.18842274688e-007
1.86196771004e-008	-1.27309235154e-007
1.86402059616e-008	-1.4678039939e-007
1.86607348228e-008	-1.70905940067e-007
1.8681263684e-008	-1.92497086715e-007
1.87017925452e-008	-2.03976671997e-007
1.87223214064e-008	-1.99397916845e-007
1.87428502675e-008	-1.79799762634e-007
1.87633791287e-008	-1.51971704554e-007
1.87839079899e-008	-1.2740569133e-007
1.88044368511e-008	-1.15918421528e-007
1.88249657123e-008	-1.21834352385e-007
1.88454945735e-008	-1.40438684681e-007
1.88660234347e-008	-1.64417720327e-007
1.88865522959e-008	-1.86259995871e-007
1.89070811571e-008	-2.0211510332e-007
1.89276100183e-008	-2.11364071134e-007
1.89481388795e-008	-2.12451841008e-007
1.89686677406e-008	-2.04656704028e-007
1.89891966018e-008	-1.87977345689e-007
1.9009725463e-008	-1.68072139317e-007
1.90302543242e-008	-1.53800419511e-007
1.90507831854e-008	-1.51545702209e-007
1.90713120466e-008	-1.62779103974e-007
1.90918409078e-008	-1.81663693866e-007
1.9112369769e-008	-2.00120105376e-007
1.91328986302e-008	-2.12452857085e-007
1.91534274914e-008	-2.15524408986e-007
1.91739563526e-008	-2.0950741586e-007
1.91944852138e-008	-1.95234960643e-007
1.92150140749e-008	-1.74354770621e-007
1.92355429361e-008	-1.51184694985e-007
1.92560717973e-008	-1.31960407046e-007
1.92766006585e-008	-1.23251336248e-007
1.92971295197e-008	-1.2972501473e-007
1.93176583809e-008	-1.5039640644e-007
1.93381872421e-008	-1.77829525327e-007
1.93587161033e-008	-2.00163558617e-007
1.93792449645e-008	-2.07591082102e-007
1.93997738257e-008	-1.9680408414e-007
1.94203026869e-008	-1.72032459389e-007
1.9440831548e-008	-1.42793526337e-007
1.94613604092e-008	-1.19288651845e-007
1.94818892704e-008	-1.11069699216e-007
1.95024181316e-008	-1.21044603674e-007
1.95229469928e-008	-1.47681705087e-007
1.9543475854e-008	-1.82282249739e-007
1.95640047152e-008	-2.13712741726e-007
1.95845335764e-008	-2.3261272375e-007
1.96050624376e-008	-2.32696329761e-007
1.96255912988e-008	-2.14884245509e-007
1.964612016e-008	-1.85280995879e-007
1.96666490211e-008	-1.5433078282e-007
1.96871778823e-008	-1.34670862906e-007
1.97077067435e-008	-1.34489829051e-007
1.97282356047e-008	-1.55375499133e-007
1.97487644659e-008	-1.88460877126e-007
1.97692933271e-008	-2.20383206795e-007
1.97898221883e-008	-2.38499946903e-007
1.98103510495e-008	-2.34926449849e-007
1.98308799107e-008	-2.11722241517e-007
1.98514087719e-008	-1.77143951063e-007
1.98719376331e-008	-1.43491760696e-007
1.98924664943e-008	-1.20853231422e-007
1.99129953554e-008	-1.15165278203e-007
1.99335242166e-008	-1.27038036979e-007
1.99540530778e-008	-1.51340158183e-007
1.9974581939e-008	-1.8073356145e-007
1.99951108002e-008	-2.03510527541e-007
2.00156396614e-008	-2.10613659846e-007
2.00361685226e-008	-1.97927437995e-007
2.00566973838e-008	-1.7057992352e-007
2.0077226245e-008	-1.40661700954e-007
2.00977551062e-008	-1.20425879047e-007
2.01182839674e-008	-1.16726457833e-007
2.01388128285e-008	-1.29431484197e-007
2.01593416897e-008	-1.51773713597e-007
2.01798705509e-008	-1.76630003068e-007
2.02003994121e-008	-1.980720441e-007
2.02209282733e-008	-2.10647371546e-007
2.02414571345e-008	-2.12609496231e-007
2.02619859957e-008	-2.02651200709e-007
2.02825148569e-008	-1.84699498362e-007
2.03030437181e-008	-1.65622253689e-007
2.03235725793e-008	-1.52752612337e-007
2.03441014405e-008	-1.5186852842e-007
2.03646303016e-008	-1.63018142985e-007
2.03851591628e-008	-1.80756256185e-007
2.0405688024e-008	-1.97631180754e-007
2.04262168852e-008	-2.07940303198e-007
2.04467457464e-008	-2.10081992691e-007
2.04672746076e-008	-2.04758816125e-007
2.04878034688e-008	-1.93393731251e-007
2.050833233e-008	-1.77001242108e-007
2.05288611912e-008	-1.58346010082e-007
2.05493900524e-008	-1.42920324464e-007
2.05699189136e-008	-1.35618709152e-007
2.05904477748e-008	-1.40124253534e-007
2.06109766359e-008	-1.53998724883e-007
2.06315054971e-008	-1.71777861269e-007
2.06520343583e-008	-1.87288328846e-007
2.06725632195e-008	-1.9471650603e-007
2.06930920807e-008	-1.9261405626e-007
2.07136209419e-008	-1.81742770167e-007
2.07341498031e-008	-1.65680683395e-007
2.07546786643e-008	-1.49375965819e-007
2.07752075255e-008	-1.37307592851e-007
2.07957363867e-008	-1.35007990565e-007
2.08162652479e-008	-1.44686660875e-007
2.0836794109e-008	-1.65321152323e-007
2.08573229702e-008	-1.9144966501e-007
2.08778518314e-008	-2.13505924052e-007
2.08983806926e-008	-2.23613561445e-007
2.09189095538e-008	-2.17546723746e-007
2.0939438415e-008	-1.97901520949e-007
2.09599672762e-008	-1.72169118073e-007
2.09804961374e-008	-1.49789828541e-007
2.10010249986e-008	-1.39177377179e-007
2.10215538598e-008	-1.44439662009e-007
2.1042082721e-008	-1.63820795152e-007
2.10626115821e-008	-1.89669449924e-007
2.10831404433e-008	-2.11541269834e-007
2.11036693045e-008	-2.21021718261e-007
2.11241981657e-008	-2.14352052552e-007
2.11447270269e-008	-1.93899957424e-007
2.11652558881e-008	-1.65010398234e-007
2.11857847493e-008	-1.36550685426e-007
2.12063136105e-008	-1.17875002204e-007
2.12268424717e-008	-1.14706521614e-007
2.12473713329e-008	-1.28799143795e-007
2.12679001941e-008	-1.54820604337e-007
2.12884290553e-008	-1.82371113766e-007
2.13089579164e-008	-2.0113005661e-007
2.13294867776e-008	-2.02776927694e-007
2.13500156388e-008	-1.87092307868e-007
2.13705445e-008	-1.61169941393e-007
2.13910733612e-008	-1.36049282062e-007
2.14116022224e-008	-1.22028332328e-007
2.14321310836e-008	-1.24000262502e-007
2.14526599448e-008	-1.40360180367e-007
2.1473188806e-008	-1.65442841649e-007
2.14937176672e-008	-1.92117589393e-007
2.15142465284e-008	-2.13219468748e-007
2.15347753895e-008	-2.22246367088e-007
2.15553042507e-008	-2.16911779205e-007
2.15758331119e-008	-1.99185201666e-007
2.15963619731e-008	-1.76648752515e-007
2.16168908343e-008	-1.5949225407e-007
2.16374196955e-008	-1.53713282103e-007
2.16579485567e-008	-1.6134872638e-007
2.16784774179e-008	-1.77496696452e-007
2.16990062791e-008	-1.96268267416e-007
2.17195351403e-008	-2.10640742182e-007
2.17400640015e-008	-2.16302819211e-007
2.17605928626e-008	-2.12717399251e-007
2.17811217238e-008	-2.00475355427e-007
2.1801650585e-008	-1.83092424777e-007
2.18221794462e-008	-1.64652570689e-007
2.18427083074e-008	-1.5023900346e-007
2.18632371686e-008	-1.45016130659e-007
2.18837660298e-008	-1.49954361817e-007
2.1904294891e-008	-1.62735206644e-007
2.19248237522e-008	-1.76788724104e-007
2.19453526134e-008	-1.86375938682e-007
2.19658814746e-008	-1.89112999038e-007
2.19864103358e-008	-1.84318754037e-007
2.20069391969e-008	-1.75136149139e-007
2.20274680581e-008	-1.63341674408e-007
2.20479969193e-008	-1.50838328494e-007
2.20685257805e-008	-1.41484907346e-007
2.20890546417e-008	-1.37505450581e-007
2.21095835029e-008	-1.42013471205e-007
2.21301123641e-008	-1.54428066779e-007
2.21506412253e-008	-1.70902167085e-007
2.21711700865e-008	-1.86099502031e-007
2.21916989477e-008	-1.94692301392e-007
2.22122278089e-008	-1.94076651638e-007
2.223275667e-008	-1.84150266591e-007
2.22532855312e-008	-1.69300953701e-007
2.22738143924e-008	-1.54288910537e-007
2.22943432536e-008	-1.43981930378e-007
2.23148721148e-008	-1.42464477548e-007
2.2335400976e-008	-1.49576347752e-007
2.23559298372e-008	-1.64906703404e-007
2.23764586984e-008	-1.82868578946e-007
2.23969875596e-008	-1.96017435172e-007
2.24175164208e-008	-1.99918680721e-007
2.2438045282e-008	-1.91268259897e-007
2.24585741431e-008	-1.73766659728e-007
2.24791030043e-008	-1.53114486423e-007
2.24996318655e-008	-1.36121069971e-007
2.25201607267e-008	-1.30163222423e-007
2.25406895879e-008	-1.37908504172e-007
2.25612184491e-008	-1.58004612061e-007
2.25817473103e-008	-1.83908888118e-007
2.26022761715e-008	-2.06326866703e-007
2.26228050327e-008	-2.18387388173e-007
2.26433338939e-008	-2.15817113514e-007
2.26638627551e-008	-2.01245480724e-007
2.26843916163e-008	-1.80996750032e-007
2.27049204774e-008	-1.62992970232e-007
2.27254493386e-008	-1.54483824844e-007
2.27459781998e-008	-1.58142881901e-007
2.2766507061e-008	-1.74470647707e-007
2.27870359222e-008	-1.97157294934e-007
2.28075647834e-008	-2.19337792373e-007
2.28280936446e-008	-2.32760378083e-007
2.28486225058e-008	-2.30935182088e-007
2.2869151367e-008	-2.15434447171e-007
2.28896802282e-008	-1.89559024477e-007
2.29102090894e-008	-1.64852218987e-007
2.29307379505e-008	-1.50748491023e-007
2.29512668117e-008	-1.50896671158e-007
2.29717956729e-008	-1.65049391043e-007
2.29923245341e-008	-1.84279514315e-007
2.30128533953e-008	-2.01473806527e-007
2.30333822565e-008	-2.09876951374e-007
2.30539111177e-008	-2.05368980488e-007
2.30744399789e-008	-1.8915616451e-007
2.30949688401e-008	-1.63608927295e-007
2.31154977013e-008	-1.36338139001e-007
2.31360265625e-008	-1.14837982679e-007
2.31565554236e-008	-1.04442731796e-007
2.31770842848e-008	-1.08571033053e-007
2.3197613146e-008	-1.23029954224e-007
2.32181420072e-008	-1.42170103246e-007
2.32386708684e-008	-1.57772399589e-007
2.32591997296e-008	-1.65002596475e-007
2.32797285908e-008	-1.6258929314e-007
2.3300257452e-008	-1.52133074138e-007
2.33207863132e-008	-1.39416709288e-007
2.33413151744e-008	-1.27696090146e-007
2.33618440356e-008	-1.21895546101e-007
2.33823728968e-008	-1.25758047531e-007
2.34029017579e-008	-1.38586335297e-007
2.34234306191e-008	-1.59419101919e-007
2.34439594803e-008	-1.80148166606e-007
2.34644883415e-008	-1.94848933432e-007
2.34850172027e-008	-1.99767246301e-007
2.35055460639e-008	-1.93482854627e-007
2.35260749251e-008	-1.81383235542e-007
2.35466037863e-008	-1.66836894522e-007
2.35671326475e-008	-1.56184981392e-007
2.35876615087e-008	-1.53532875302e-007
2.36081903699e-008	-1.60212080047e-007
2.3628719231e-008	-1.78217090863e-007
2.36492480922e-008	-2.02493232848e-007
2.36697769534e-008	-2.29146685626e-007
2.36903058146e-008	-2.51204365753e-007
2.37108346758e-008	-2.62099263182e-007
2.3731363537e-008	-2.59835573502e-007
2.37518923982e-008	-2.45073447758e-007
2.37724212594e-008	-2.24684093553e-007
2.37929501206e-008	-2.0538305634e-007
2.38134789818e-008	-1.93295345952e-007
2.3834007843e-008	-1.92954288991e-007
2.38545367041e-008	-2.02330575405e-007
2.38750655653e-008	-2.18752187919e-007
2.38955944265e-008	-2.34595066928e-007
2.39161232877e-008	-2.42105205217e-007
2.39366521489e-008	-2.36884972082e-007
2.39571810101e-008	-2.16397232577e-007
2.39777098713e-008	-1.88271801704e-007
2.39982387325e-008	-1.58689044127e-007
2.40187675937e-008	-1.36820085928e-007
2.40392964549e-008	-1.29803293447e-007
2.40598253161e-008	-1.37090868435e-007
2.40803541773e-008	-1.57410912749e-007
2.41008830384e-008	-1.79428782943e-007
2.41214118996e-008	-1.92571000923e-007
2.41419407608e-008	-1.8882164099e-007
2.4162469622e-008	-1.62910069434e-007
2.41829984832e-008	-1.20784161339e-007
2.42035273444e-008	-7.18952470891e-008
2.42240562056e-008	-2.9221801201e-008
2.42445850668e-008	-5.14937900653e-009
2.4265113928e-008	-2.95963917263e-009
2.42856427892e-008	-2.25414495958e-008
2.43061716504e-008	-5.47256115979e-008
2.43267005115e-008	-8.93725076168e-008
2.43472293727e-008	-1.17155394719e-007
2.43677582339e-008	-1.29114051006e-007
2.43882870951e-008	-1.25737171786e-007
2.44088159563e-008	-1.10610331561e-007
2.44293448175e-008	-9.56372296912e-008
2.44498736787e-008	-9.13863607011e-008
2.44704025399e-008	-1.05685524332e-007
2.44909314011e-008	-1.40358388023e-007
2.45114602623e-008	-1.85734304381e-007
2.45319891235e-008	-2.32689945534e-007
2.45525179846e-008	-2.66998522847e-007
2.45730468458e-008	-2.81250191136e-007
2.4593575707e-008	-2.75052855159e-007
2.46141045682e-008	-2.50281296132e-007
2.46346334294e-008	-2.20724274413e-007
2.46551622906e-008	-1.96395241403e-007
2.46756911518e-008	-1.89274963702e-007
2.4696220013e-008	-2.07601182467e-007
2.47167488742e-008	-2.47748502602e-007
2.47372777354e-008	-3.03511988875e-007
2.47578065966e-008	-3.58816311774e-007
2.47783354578e-008	-3.98877936902e-007
2.47988643189e-008	-4.1488657132e-007
2.48193931801e-008	-4.00854482052e-007
2.48399220413e-008	-3.63207256271e-007
2.48604509025e-008	-3.10596373509e-007
2.48809797637e-008	-2.5636856904e-007
2.49015086249e-008	-2.14732022386e-007
2.49220374861e-008	-1.92716525405e-007
2.49425663473e-008	-1.93524932968e-007
2.49630952085e-008	-2.0913937604e-007
2.49836240697e-008	-2.28106884492e-007
2.50041529309e-008	-2.35275759763e-007
2.5024681792e-008	-2.21485969121e-007
2.50452106532e-008	-1.87029538523e-007
2.50657395144e-008	-1.36072484835e-007
2.50862683756e-008	-8.31047604066e-008
2.51067972368e-008	-4.1500059389e-008
2.5127326098e-008	-2.29070304947e-008
2.51478549592e-008	-3.35225558423e-008
2.51683838204e-008	-6.68958630712e-008
2.51889126816e-008	-1.12102611638e-007
2.52094415428e-008	-1.51686217364e-007
2.5229970404e-008	-1.64844704997e-007
2.52504992652e-008	-1.41243154061e-007
2.52710281263e-008	-7.59126024263e-008
2.52915569875e-008	1.92986890912e-008
2.53120858487e-008	1.23820290909e-007
2.53326147099e-008	2.14614011895e-007
2.53531435711e-008	2.65132651833e-007
2.53736724323e-008	2.67467722637e-007
2.53942012935e-008	2.15685965088e-007
2.54147301547e-008	1.26479315909e-007
2.54352590159e-008	2.50104255084e-008
2.54557878771e-008	-6.42469357715e-008
2.54763167383e-008	-1.17683180534e-007
2.54968455994e-008	-1.31662208247e-007
2.55173744606e-008	-1.14313760236e-007
2.55379033218e-008	-8.75435048897e-008
2.5558432183e-008	-7.43400203618e-008
2.55789610442e-008	-9.47566771714e-008
2.55994899054e-008	-1.58604720468e-007
2.56200187666e-008	-2.5534524184e-007
2.56405476278e-008	-3.66520225725e-007
2.5661076489e-008	-4.66277768396e-007
2.56816053502e-008	-5.30726886439e-007
2.57021342114e-008	-5.49946122419e-007
2.57226630725e-008	-5.2541012252e-007
2.57431919337e-008	-4.76686828677e-007
2.57637207949e-008	-4.28693695653e-007
2.57842496561e-008	-4.09125604506e-007
2.58047785173e-008	-4.3939391503e-007
2.58253073785e-008	-5.21998515524e-007
2.58458362397e-008	-6.44009588768e-007
2.58663651009e-008	-7.81813042749e-007
2.58868939621e-008	-8.96267778216e-007
2.59074228233e-008	-9.52599449988e-007
2.59279516845e-008	-9.22528727187e-007
2.59484805457e-008	-8.03106544822e-007
2.59690094068e-008	-6.12064326333e-007
2.5989538268e-008	-3.86263344865e-007
2.60100671292e-008	-1.70579987468e-007
2.60305959904e-008	-2.95309021681e-009
2.60511248516e-008	9.66069313435e-008
2.60716537128e-008	1.334094204e-007
2.6092182574e-008	1.27755034995e-007
2.61127114352e-008	1.13933763757e-007
2.61332402964e-008	1.21928803054e-007
2.61537691576e-008	1.68937651424e-007
2.61742980188e-008	2.58884881532e-007
2.61948268799e-008	3.70858266763e-007
2.62153557411e-008	4.72588325806e-007
2.62358846023e-008	5.39039881176e-007
2.62564134635e-008	5.43363277927e-007
2.62769423247e-008	4.82757926079e-007
2.62974711859e-008	3.7649665785e-007
2.63180000471e-008	2.53673967165e-007
2.63385289083e-008	1.53052143403e-007
2.63590577695e-008	1.11875815278e-007
2.63795866307e-008	1.51675020987e-007
2.64001154919e-008	2.66502622637e-007
2.6420644353e-008	4.22957686652e-007
2.64411732142e-008	5.78767100023e-007
2.64617020754e-008	6.61081735132e-007
2.64822309366e-008	6.34223361828e-007
2.65027597978e-008	4.71855130968e-007
2.6523288659e-008	1.92367169305e-007
2.65438175202e-008	-1.42630842248e-007
2.65643463814e-008	-4.73776914589e-007
2.65848752426e-008	-7.2832975917e-007
2.66054041038e-008	-8.62193999751e-007
2.6625932965e-008	-8.72113574246e-007
2.66464618262e-008	-7.86668188368e-007
2.66669906873e-008	-6.61496599719e-007
2.66875195485e-008	-5.57087048492e-007
2.67080484097e-008	-5.22384148383e-007
2.67285772709e-008	-5.74498280059e-007
2.67491061321e-008	-6.92262680957e-007
2.67696349933e-008	-8.39435841726e-007
2.67901638545e-008	-9.6050999332e-007
2.68106927157e-008	-1.01380875606e-006
2.68312215769e-008	-9.79531435519e-007
2.68517504381e-008	-8.73417931757e-007
2.68722792993e-008	-7.43635233391e-007
2.68928081604e-008	-6.49176854495e-007
2.69133370216e-008	-6.59078267518e-007
2.69338658828e-008	-8.05479274391e-007
2.6954394744e-008	-1.07986284092e-006
2.69749236052e-008	-1.4175947598e-006
2.69954524664e-008	-1.7290593064e-006
2.70159813276e-008	-1.91146975226e-006
2.70365101888e-008	-1.87223596981e-006
2.705703905e-008	-1.58416830232e-006
2.70775679112e-008	-1.0731458957e-006
2.70980967724e-008	-4.25161616135e-007
2.71186256335e-008	2.21699757219e-007
2.71391544947e-008	7.58303983162e-007
2.71596833559e-008	1.09716937402e-006
2.71802122171e-008	1.21765425831e-006
2.72007410783e-008	1.15815493018e-006
2.72212699395e-008	1.00492346178e-006
2.72417988007e-008	8.84413552171e-007
2.72623276619e-008	8.76127714378e-007
2.72828565231e-008	1.0354800537e-006
2.73033853843e-008	1.33776202915e-006
2.73239142455e-008	1.71093481072e-006
2.73444431067e-008	2.043730575e-006
2.73649719678e-008	2.22064497279e-006
