% time-domain voltage integration by openEMS v0.0.35 @Sun Apr 05 16:33:28 2020
% start-coordinates: (0.06858,-0.07366,0) m -> [44,21,5]
% stop-coordinates: (0.06858,-0.07366,0.0015) m -> [44,21,11]
% t/s	voltage
0	0
2.05288611912e-011	-2.35236683466e-006
4.10577223824e-011	-8.47517833336e-006
6.15865835735e-011	-2.80061090052e-005
8.21154447647e-011	-8.12490343378e-005
1.02644305956e-010	-0.000205751613976
1.23173167147e-010	-0.000453452092188
1.43702028338e-010	-0.000867346883751
1.64230889529e-010	-0.00143487073365
1.84759750721e-010	-0.00204137255787
2.05288611912e-010	-0.00247286472586
2.25817473103e-010	-0.00250202819007
2.46346334294e-010	-0.00202345909202
2.66875195485e-010	-0.00114079368359
2.87404056677e-010	-0.000126248196466
3.07932917868e-010	0.000725221208995
3.28461779059e-010	0.00123831618112
3.4899064025e-010	0.00140280858614
3.69519501441e-010	0.00131887878524
3.90048362632e-010	0.00110870605567
4.10577223824e-010	0.000857182836626
4.31106085015e-010	0.000599081642576
4.51634946206e-010	0.000336538996635
4.72163807397e-010	6.45630425424e-005
4.92692668588e-010	-0.000209758858546
5.13221529779e-010	-0.000459602837509
5.33750390971e-010	-0.00065063474176
5.54279252162e-010	-0.000761072209571
5.74808113353e-010	-0.000798668552306
5.95336974544e-010	-0.000800115740276
6.15865835735e-010	-0.000810286161141
6.36394696927e-010	-0.000858592946315
6.56923558118e-010	-0.000949414912611
6.77452419309e-010	-0.00106851778401
6.979812805e-010	-0.00119143186021
7.18510141691e-010	-0.00128405964642
7.39039002882e-010	-0.00130322128825
7.59567864074e-010	-0.00121081429825
7.80096725265e-010	-0.000999896117719
8.00625586456e-010	-0.000709847154212
8.21154447647e-010	-0.000411747721955
8.41683308838e-010	-0.000172805484908
8.6221217003e-010	-2.80572921838e-005
8.82741031221e-010	1.9393603452e-005
9.03269892412e-010	-1.96962428163e-005
9.23798753603e-010	-0.000132218661747
9.44327614794e-010	-0.000294457411655
9.64856475985e-010	-0.000459357805084
9.85385337177e-010	-0.000565001108043
1.00591419837e-009	-0.000570730720938
1.02644305956e-009	-0.000494035593874
1.04697192075e-009	-0.000409779117035
1.06750078194e-009	-0.000402352226956
1.08802964313e-009	-0.000504165793245
1.10855850432e-009	-0.000671034627885
1.12908736551e-009	-0.000815859923023
1.14961622671e-009	-0.000872866774444
1.1701450879e-009	-0.000842885056045
1.19067394909e-009	-0.000787245648098
1.21120281028e-009	-0.000777231776738
1.23173167147e-009	-0.000837869796669
1.25226053266e-009	-0.000924574196688
1.27278939385e-009	-0.00094733016158
1.29331825504e-009	-0.000825930779683
1.31384711624e-009	-0.000540522778465
1.33437597743e-009	-0.000145467272887
1.35490483862e-009	0.000257635114394
1.37543369981e-009	0.000564737449167
1.395962561e-009	0.000702294033545
1.41649142219e-009	0.000637642093352
1.43702028338e-009	0.000376591186068
1.45754914457e-009	-3.92990887121e-005
1.47807800576e-009	-0.00053490652499
1.49860686696e-009	-0.00101171141432
1.51913572815e-009	-0.00136972895416
1.53966458934e-009	-0.00153550508549
1.56019345053e-009	-0.00148441951023
1.58072231172e-009	-0.00124779716134
1.60125117291e-009	-0.000901509425603
1.6217800341e-009	-0.000538650660019
1.64230889529e-009	-0.000236306783336
1.66283775649e-009	-3.32729246111e-005
1.68336661768e-009	7.15252372174e-005
1.70389547887e-009	0.000102961721495
1.72442434006e-009	8.90885921763e-005
1.74495320125e-009	4.87589545628e-005
1.76548206244e-009	-1.05159019768e-005
1.78601092363e-009	-8.73964272614e-005
1.80653978482e-009	-0.000178221111128
1.82706864601e-009	-0.00027045366005
1.84759750721e-009	-0.00034480553586
1.8681263684e-009	-0.000387876993045
1.88865522959e-009	-0.000405717117246
1.90918409078e-009	-0.000423979639891
1.92971295197e-009	-0.000471817911603
1.95024181316e-009	-0.000559869411518
1.97077067435e-009	-0.00066772718128
1.99129953554e-009	-0.00074879542808
2.01182839674e-009	-0.000750953666284
2.03235725793e-009	-0.000644337036647
2.05288611912e-009	-0.000442171287432
2.07341498031e-009	-0.00020171176584
2.0939438415e-009	-8.50070591696e-007
2.11447270269e-009	9.77875824901e-005
2.13500156388e-009	7.40758077882e-005
2.15553042507e-009	-4.50550728601e-005
2.17605928626e-009	-0.000201776208996
2.19658814746e-009	-0.000332858893671
2.21711700865e-009	-0.000393485366658
2.23764586984e-009	-0.000372889946448
2.25817473103e-009	-0.000296370253636
2.27870359222e-009	-0.000211144808418
2.29923245341e-009	-0.000160947542099
2.3197613146e-009	-0.000163416201758
2.34029017579e-009	-0.000204349882551
2.36081903699e-009	-0.000252428471867
2.38134789818e-009	-0.000283024786768
2.40187675937e-009	-0.000294314217172
2.42240562056e-009	-0.000305469991872
2.44293448175e-009	-0.000339759029885
2.46346334294e-009	-0.000405428188969
2.48399220413e-009	-0.000486247365188
2.50452106532e-009	-0.000546561888768
2.52504992652e-009	-0.000547898533114
2.54557878771e-009	-0.000469237333164
2.5661076489e-009	-0.000320573180943
2.58663651009e-009	-0.0001409299839
2.60716537128e-009	1.94798740267e-005
2.62769423247e-009	0.000122097826534
2.64822309366e-009	0.000153637658514
2.66875195485e-009	0.000124411461002
2.68928081604e-009	5.66291191717e-005
2.70980967724e-009	-2.82760047412e-005
2.73033853843e-009	-0.000117459701869
2.75086739962e-009	-0.000208206645766
2.77139626081e-009	-0.000303055530821
2.791925122e-009	-0.000401150406105
2.81245398319e-009	-0.000491459366458
2.83298284438e-009	-0.000553036261408
2.85351170557e-009	-0.000563392350159
2.87404056677e-009	-0.000510716381541
2.89456942796e-009	-0.000402862009651
2.91509828915e-009	-0.000267192863248
2.93562715034e-009	-0.000139805031722
2.95615601153e-009	-4.91928749398e-005
2.97668487272e-009	-4.41640480631e-006
2.99721373391e-009	4.56870412791e-006
3.0177425951e-009	-4.13473543404e-006
3.03827145629e-009	-1.68376623151e-005
3.05880031749e-009	-2.97959800264e-005
3.07932917868e-009	-4.64566792289e-005
3.09985803987e-009	-7.14664192856e-005
3.12038690106e-009	-0.000107044636025
3.14091576225e-009	-0.000152764736413
3.16144462344e-009	-0.00020643440439
3.18197348463e-009	-0.00026382460419
3.20250234582e-009	-0.000317387530231
3.22303120702e-009	-0.000356294789526
3.24356006821e-009	-0.000369047695131
3.2640889294e-009	-0.000348004181433
3.28461779059e-009	-0.000294271379971
3.30514665178e-009	-0.000219475470658
3.32567551297e-009	-0.000142366709042
3.34620437416e-009	-8.10962137621e-005
3.36673323535e-009	-4.54865726169e-005
3.38726209654e-009	-3.47141894963e-005
3.40779095774e-009	-4.17740702687e-005
3.42831981893e-009	-6.04555289101e-005
3.44884868012e-009	-8.8352037892e-005
3.46937754131e-009	-0.000123985764731
3.4899064025e-009	-0.000161698208103
3.51043526369e-009	-0.000190250604646
3.53096412488e-009	-0.000197684687009
3.55149298607e-009	-0.00017927663248
3.57202184727e-009	-0.000142202427014
3.59255070846e-009	-0.000102683994555
3.61307956965e-009	-7.72871544541e-005
3.63360843084e-009	-7.46171244828e-005
3.65413729203e-009	-9.28746685531e-005
3.67466615322e-009	-0.000123732073916
3.69519501441e-009	-0.000158192222443
3.7157238756e-009	-0.000189994210814
3.73625273679e-009	-0.000215311607462
3.75678159799e-009	-0.000231110519962
3.77731045918e-009	-0.000234339753661
3.79783932037e-009	-0.000222338985623
3.81836818156e-009	-0.000194113825273
3.83889704275e-009	-0.00015151266598
3.85942590394e-009	-0.000100031938928
3.87995476513e-009	-4.87216866532e-005
3.90048362632e-009	-8.36562742279e-006
3.92101248752e-009	1.22030752436e-005
3.94154134871e-009	1.00557807627e-005
3.9620702099e-009	-1.02075916857e-005
3.98259907109e-009	-3.88936600757e-005
4.00312793228e-009	-6.67900740154e-005
4.02365679347e-009	-9.0176359663e-005
4.04418565466e-009	-0.000111955669126
4.06471451585e-009	-0.000138306491863
4.08524337704e-009	-0.000172865749846
4.10577223824e-009	-0.000211776379729
4.12630109943e-009	-0.000242725865974
4.14682996062e-009	-0.000250122724538
4.16735882181e-009	-0.000224813680688
4.187887683e-009	-0.000172061021658
4.20841654419e-009	-0.000110760280222
4.22894540538e-009	-6.25531738478e-005
4.24947426657e-009	-3.84332493013e-005
4.27000312777e-009	-3.31950654981e-005
4.29053198896e-009	-3.18662482641e-005
4.31106085015e-009	-2.25620378842e-005
4.33158971134e-009	-5.68049665617e-006
4.35211857253e-009	6.83722782924e-006
4.37264743372e-009	7.89778543009e-007
4.39317629491e-009	-2.97246792798e-005
4.4137051561e-009	-7.79601350587e-005
4.43423401729e-009	-0.000128465415401
4.45476287849e-009	-0.000165726540217
4.47529173968e-009	-0.000181473693374
4.49582060087e-009	-0.000176864079549
4.51634946206e-009	-0.000159558687301
4.53687832325e-009	-0.000138386028993
4.55740718444e-009	-0.000118734873467
4.57793604563e-009	-0.000101109517345
4.59846490682e-009	-8.33456870168e-005
4.61899376802e-009	-6.43306129859e-005
4.63952262921e-009	-4.60526653114e-005
4.6600514904e-009	-3.24156962961e-005
4.68058035159e-009	-2.66604447461e-005
4.70110921278e-009	-2.99514067592e-005
4.72163807397e-009	-4.16036718889e-005
4.74216693516e-009	-5.951948242e-005
4.76269579635e-009	-7.97403754405e-005
4.78322465754e-009	-9.63113670878e-005
4.80375351874e-009	-0.000103091979327
4.82428237993e-009	-9.71697081695e-005
4.84481124112e-009	-8.12357093309e-005
4.86534010231e-009	-6.25138463874e-005
4.8858689635e-009	-4.87985753352e-005
4.90639782469e-009	-4.453542806e-005
4.92692668588e-009	-4.96455713801e-005
4.94745554707e-009	-6.11930281593e-005
4.96798440827e-009	-7.55655637477e-005
4.98851326946e-009	-8.93260385055e-005
5.00904213065e-009	-9.90894932329e-005
5.02957099184e-009	-0.000102121852251
5.05009985303e-009	-9.78710522759e-005
5.07062871422e-009	-8.8810545094e-005
5.09115757541e-009	-7.90580788816e-005
5.1116864366e-009	-7.15187215974e-005
5.13221529779e-009	-6.58303906675e-005
5.15274415899e-009	-5.88167849855e-005
5.17327302018e-009	-4.72631854791e-005
5.19380188137e-009	-3.09710744659e-005
5.21433074256e-009	-1.41666512263e-005
5.23485960375e-009	-4.01802850547e-006
5.25538846494e-009	-6.51125230888e-006
5.27591732613e-009	-2.21451427933e-005
5.29644618732e-009	-4.46234994342e-005
5.31697504852e-009	-6.43341854811e-005
5.33750390971e-009	-7.46983896533e-005
5.3580327709e-009	-7.66173798183e-005
5.37856163209e-009	-7.71981422076e-005
5.39909049328e-009	-8.34262218632e-005
5.41961935447e-009	-9.57886877586e-005
5.44014821566e-009	-0.000107101279355
5.46067707685e-009	-0.000107652740553
5.48120593804e-009	-9.25231670408e-005
5.50173479924e-009	-6.53634551782e-005
5.52226366043e-009	-3.60337921848e-005
5.54279252162e-009	-1.43136983297e-005
5.56332138281e-009	-4.52966719422e-006
5.583850244e-009	-4.48284987442e-006
5.60437910519e-009	-8.64188223204e-006
5.62490796638e-009	-1.27001601413e-005
5.64543682757e-009	-1.62282262863e-005
5.66596568877e-009	-2.19899711738e-005
5.68649454996e-009	-3.29728586621e-005
5.70702341115e-009	-4.94338028147e-005
5.72755227234e-009	-6.7914605097e-005
5.74808113353e-009	-8.27922276585e-005
5.76860999472e-009	-8.92754214874e-005
5.78913885591e-009	-8.58179664647e-005
5.8096677171e-009	-7.4628152106e-005
5.83019657829e-009	-6.01796400588e-005
5.85072543949e-009	-4.69123233415e-005
5.87125430068e-009	-3.74987839677e-005
5.89178316187e-009	-3.22745740959e-005
5.91231202306e-009	-2.96886364595e-005
5.93284088425e-009	-2.75020934168e-005
5.95336974544e-009	-2.4426512482e-005
5.97389860663e-009	-2.12961972466e-005
5.99442746782e-009	-2.07513587611e-005
6.01495632902e-009	-2.522035129e-005
6.03548519021e-009	-3.45247990481e-005
6.0560140514e-009	-4.51024516224e-005
6.07654291259e-009	-5.18153237863e-005
6.09707177378e-009	-5.12865763085e-005
6.11760063497e-009	-4.43103494945e-005
6.13812949616e-009	-3.54281633008e-005
6.15865835735e-009	-2.98547338389e-005
6.17918721854e-009	-2.99844800793e-005
6.19971607974e-009	-3.40924229931e-005
6.22024494093e-009	-3.81391860174e-005
6.24077380212e-009	-3.91480898543e-005
6.26130266331e-009	-3.73850762116e-005
6.2818315245e-009	-3.57233666364e-005
6.30236038569e-009	-3.69251565644e-005
6.32288924688e-009	-4.10884576922e-005
6.34341810807e-009	-4.5436225264e-005
6.36394696927e-009	-4.65095727122e-005
6.38447583046e-009	-4.28965390711e-005
6.40500469165e-009	-3.6258932596e-005
6.42553355284e-009	-2.97856590805e-005
6.44606241403e-009	-2.5497336992e-005
6.46659127522e-009	-2.29214513183e-005
6.48712013641e-009	-2.01783398097e-005
6.5076489976e-009	-1.63083680036e-005
6.52817785879e-009	-1.26054405882e-005
6.54870671999e-009	-1.17041183785e-005
6.56923558118e-009	-1.53351209065e-005
6.58976444237e-009	-2.27147968417e-005
6.61029330356e-009	-3.09267743432e-005
6.63082216475e-009	-3.69991121261e-005
6.65135102594e-009	-3.99464584007e-005
6.67187988713e-009	-4.12024255638e-005
6.69240874832e-009	-4.30118470831e-005
6.71293760952e-009	-4.61523495687e-005
6.73346647071e-009	-4.88883797516e-005
6.7539953319e-009	-4.80705439259e-005
6.77452419309e-009	-4.15761105614e-005
6.79505305428e-009	-3.01060554193e-005
6.81558191547e-009	-1.70591729329e-005
6.83611077666e-009	-6.66643438763e-006
6.85663963785e-009	-1.74526977048e-006
6.87716849904e-009	-2.55564899021e-006
6.89769736024e-009	-7.2163003324e-006
6.91822622143e-009	-1.31172282636e-005
6.93875508262e-009	-1.82610742741e-005
6.95928394381e-009	-2.18883858452e-005
6.979812805e-009	-2.44348789238e-005
7.00034166619e-009	-2.70763625849e-005
7.02087052738e-009	-3.09361375912e-005
7.04139938857e-009	-3.61054389941e-005
7.06192824977e-009	-4.10229476984e-005
7.08245711096e-009	-4.29353244726e-005
7.10298597215e-009	-3.95859265154e-005
7.12351483334e-009	-3.10911914312e-005
7.14404369453e-009	-2.04666600894e-005
7.16457255572e-009	-1.2165495491e-005
7.18510141691e-009	-9.38965888508e-006
7.2056302781e-009	-1.20627428259e-005
7.22615913929e-009	-1.6940884052e-005
7.24668800049e-009	-1.99052274183e-005
7.26721686168e-009	-1.88696390069e-005
7.28774572287e-009	-1.5178037529e-005
7.30827458406e-009	-1.24923087697e-005
7.32880344525e-009	-1.39224796385e-005
7.34933230644e-009	-1.95451966647e-005
7.36986116763e-009	-2.62159783233e-005
7.39039002882e-009	-2.9787123367e-005
7.41091889002e-009	-2.81005336547e-005
7.43144775121e-009	-2.25110397878e-005
7.4519766124e-009	-1.67791488366e-005
7.47250547359e-009	-1.42537298871e-005
7.49303433478e-009	-1.55768384502e-005
7.51356319597e-009	-1.86389095234e-005
7.53409205716e-009	-2.06165459531e-005
7.55462091835e-009	-2.0254737592e-005
7.57514977955e-009	-1.85364579011e-005
7.59567864074e-009	-1.74692943347e-005
7.61620750193e-009	-1.82166727427e-005
7.63673636312e-009	-2.02371381874e-005
7.65726522431e-009	-2.19172648031e-005
7.6777940855e-009	-2.19190310418e-005
7.69832294669e-009	-2.00812889943e-005
7.71885180788e-009	-1.7262188976e-005
7.73938066907e-009	-1.45094791151e-005
7.75990953027e-009	-1.23549073123e-005
7.78043839146e-009	-1.07674113679e-005
7.80096725265e-009	-9.58122336669e-006
7.82149611384e-009	-8.9132749963e-006
7.84202497503e-009	-9.14941244901e-006
7.86255383622e-009	-1.05533741817e-005
7.88308269741e-009	-1.29379907321e-005
7.9036115586e-009	-1.57151162057e-005
7.9241404198e-009	-1.82883293292e-005
7.94466928099e-009	-2.0396390255e-005
7.96519814218e-009	-2.20736160372e-005
7.98572700337e-009	-2.32908596445e-005
8.00625586456e-009	-2.37000267589e-005
8.02678472575e-009	-2.27942398396e-005
8.04731358694e-009	-2.03647875878e-005
8.06784244813e-009	-1.68341937297e-005
8.08837130932e-009	-1.30593941776e-005
8.10890017052e-009	-9.77321076334e-006
8.12942903171e-009	-7.21892729416e-006
8.1499578929e-009	-5.31407096105e-006
8.17048675409e-009	-4.17087619553e-006
8.19101561528e-009	-4.34215337464e-006
8.21154447647e-009	-6.37223001831e-006
8.23207333766e-009	-1.00364113678e-005
8.25260219885e-009	-1.40665365507e-005
8.27313106005e-009	-1.68270858012e-005
8.29365992124e-009	-1.75098532509e-005
8.31418878243e-009	-1.67745499766e-005
8.33471764362e-009	-1.61946336448e-005
8.35524650481e-009	-1.68697629306e-005
8.375775366e-009	-1.8377260858e-005
8.39630422719e-009	-1.89974650766e-005
8.41683308838e-009	-1.71231649801e-005
8.43736194957e-009	-1.27389776026e-005
8.45789081077e-009	-7.70973315412e-006
8.47841967196e-009	-4.57450431668e-006
8.49894853315e-009	-4.72811893815e-006
8.51947739434e-009	-7.4291610872e-006
8.54000625553e-009	-1.04060575268e-005
8.56053511672e-009	-1.15706664019e-005
8.58106397791e-009	-1.05151802927e-005
8.6015928391e-009	-8.68380220709e-006
8.6221217003e-009	-8.13156520962e-006
8.64265056149e-009	-9.85385906915e-006
8.66317942268e-009	-1.30012122099e-005
8.68370828387e-009	-1.55369436925e-005
8.70423714506e-009	-1.57756562658e-005
8.72476600625e-009	-1.36038313485e-005
8.74529486744e-009	-1.04430869214e-005
8.76582372863e-009	-8.11780830645e-006
8.78635258982e-009	-7.62284901157e-006
8.80688145102e-009	-8.64404751155e-006
8.82741031221e-009	-1.00675715657e-005
8.8479391734e-009	-1.08904575882e-005
8.86846803459e-009	-1.07871884438e-005
8.88899689578e-009	-1.00974269799e-005
8.90952575697e-009	-9.40929214721e-006
8.93005461816e-009	-9.15687326142e-006
8.95058347935e-009	-9.4680726761e-006
8.97111234055e-009	-1.0181571497e-005
8.99164120174e-009	-1.08869684254e-005
9.01217006293e-009	-1.10056641915e-005
9.03269892412e-009	-1.00535239653e-005
9.05322778531e-009	-8.03117961823e-006
9.0737566465e-009	-5.63010888754e-006
9.09428550769e-009	-3.99089356051e-006
9.11481436888e-009	-4.01108621872e-006
9.13534323007e-009	-5.70049587623e-006
9.15587209127e-009	-8.10975893728e-006
9.17640095246e-009	-9.92721982129e-006
9.19692981365e-009	-1.03850501318e-005
9.21745867484e-009	-9.77259571755e-006
9.23798753603e-009	-9.15452744721e-006
9.25851639722e-009	-9.49157765717e-006
9.27904525841e-009	-1.08170846715e-005
9.2995741196e-009	-1.21676500839e-005
9.3201029808e-009	-1.23345673728e-005
9.34063184199e-009	-1.08358259467e-005
9.36116070318e-009	-8.31542013202e-006
9.38168956437e-009	-6.03481703365e-006
9.40221842556e-009	-4.88650198349e-006
9.42274728675e-009	-4.78350062849e-006
9.44327614794e-009	-4.93378445299e-006
9.46380500913e-009	-4.69206355547e-006
9.48433387032e-009	-4.20604601459e-006
9.50486273152e-009	-4.2637695401e-006
9.52539159271e-009	-5.47524683725e-006
9.5459204539e-009	-7.57434509069e-006
9.56644931509e-009	-9.50592266236e-006
9.58697817628e-009	-1.0246918464e-005
9.60750703747e-009	-9.64414971349e-006
9.62803589866e-009	-8.49078173815e-006
9.64856475985e-009	-7.82289566814e-006
9.66909362105e-009	-8.04468550086e-006
9.68962248224e-009	-8.619574146e-006
9.71015134343e-009	-8.5821857283e-006
9.73068020462e-009	-7.39470976896e-006
9.75120906581e-009	-5.43222012084e-006
9.771737927e-009	-3.71708495095e-006
9.79226678819e-009	-3.15446624199e-006
9.81279564938e-009	-3.88079877212e-006
9.83332451057e-009	-5.22967366123e-006
9.85385337177e-009	-6.29824035059e-006
9.87438223296e-009	-6.59404895487e-006
9.89491109415e-009	-6.30186832495e-006
9.91543995534e-009	-6.00967518949e-006
9.93596881653e-009	-6.16496572547e-006
9.95649767772e-009	-6.76288448176e-006
9.97702653891e-009	-7.41590031339e-006
9.9975554001e-009	-7.69053735894e-006
1.00180842613e-008	-7.41500332424e-006
1.00386131225e-008	-6.70515044021e-006
1.00591419837e-008	-5.81767130825e-006
1.00796708449e-008	-5.01885773474e-006
1.01001997061e-008	-4.53418351753e-006
1.01207285673e-008	-4.54613945067e-006
1.01412574284e-008	-5.09982993435e-006
1.01617862896e-008	-5.9635759726e-006
1.01823151508e-008	-6.64283027163e-006
1.0202844012e-008	-6.65711002057e-006
1.02233728732e-008	-5.9242744328e-006
1.02439017344e-008	-4.92534030627e-006
1.02644305956e-008	-4.39938901309e-006
1.02849594568e-008	-4.74896489777e-006
1.0305488318e-008	-5.66236951727e-006
1.03260171792e-008	-6.27728923064e-006
1.03465460404e-008	-5.84204417464e-006
1.03670749015e-008	-4.36975011553e-006
1.03876037627e-008	-2.72386259326e-006
1.04081326239e-008	-2.030067634e-006
1.04286614851e-008	-2.83317868366e-006
1.04491903463e-008	-4.66628364393e-006
1.04697192075e-008	-6.37662503777e-006
1.04902480687e-008	-6.97230609603e-006
1.05107769299e-008	-6.34020443613e-006
1.05313057911e-008	-5.25490747805e-006
1.05518346523e-008	-4.71475829045e-006
1.05723635135e-008	-5.1450190881e-006
1.05928923746e-008	-6.09638311744e-006
1.06134212358e-008	-6.66528035254e-006
1.0633950097e-008	-6.24076733402e-006
1.06544789582e-008	-4.97781672948e-006
1.06750078194e-008	-3.62231514828e-006
1.06955366806e-008	-2.87991980485e-006
1.07160655418e-008	-2.90715411211e-006
1.0736594403e-008	-3.29874683302e-006
1.07571232642e-008	-3.54497274202e-006
1.07776521254e-008	-3.50180113173e-006
1.07981809866e-008	-3.44055348478e-006
1.08187098478e-008	-3.71497810647e-006
1.08392387089e-008	-4.38651773038e-006
1.08597675701e-008	-5.1466213904e-006
1.08802964313e-008	-5.58326729561e-006
1.09008252925e-008	-5.53405652681e-006
1.09213541537e-008	-5.17276669143e-006
1.09418830149e-008	-4.7988197025e-006
1.09624118761e-008	-4.55758242879e-006
1.09829407373e-008	-4.35050492342e-006
1.10034695985e-008	-4.00266895895e-006
1.10239984597e-008	-3.49922783016e-006
1.10445273209e-008	-3.03506806176e-006
1.1065056182e-008	-2.84341365386e-006
1.10855850432e-008	-2.97593300047e-006
1.11061139044e-008	-3.25312851146e-006
1.11266427656e-008	-3.44647048678e-006
1.11471716268e-008	-3.49010798573e-006
1.1167700488e-008	-3.52888361022e-006
1.11882293492e-008	-3.75622283855e-006
1.12087582104e-008	-4.18423820747e-006
1.12292870716e-008	-4.59189578805e-006
1.12498159328e-008	-4.70702650546e-006
1.1270344794e-008	-4.46188170145e-006
1.12908736551e-008	-4.06073075965e-006
1.13114025163e-008	-3.79637032211e-006
1.13319313775e-008	-3.77135125973e-006
1.13524602387e-008	-3.80272018674e-006
1.13729890999e-008	-3.61519408898e-006
1.13935179611e-008	-3.14949988933e-006
1.14140468223e-008	-2.68923503199e-006
1.14345756835e-008	-2.64097823788e-006
1.14551045447e-008	-3.16678813306e-006
1.14756334059e-008	-3.96594651875e-006
1.14961622671e-008	-4.45493435564e-006
1.15166911283e-008	-4.2341133053e-006
1.15372199894e-008	-3.42822420407e-006
1.15577488506e-008	-2.62624675429e-006
1.15782777118e-008	-2.42238596115e-006
1.1598806573e-008	-2.92932645607e-006
1.16193354342e-008	-3.67553911929e-006
1.16398642954e-008	-3.98046734063e-006
1.16603931566e-008	-3.50320090092e-006
1.16809220178e-008	-2.52388426247e-006
1.1701450879e-008	-1.72910623064e-006
1.17219797402e-008	-1.68959380176e-006
1.17425086014e-008	-2.43580353754e-006
1.17630374625e-008	-3.46333797552e-006
1.17835663237e-008	-4.14184722786e-006
1.18040951849e-008	-4.16584117602e-006
1.18246240461e-008	-3.7282098333e-006
1.18451529073e-008	-3.28468769339e-006
1.18656817685e-008	-3.16770643849e-006
1.18862106297e-008	-3.35837188459e-006
1.19067394909e-008	-3.57879201829e-006
1.19272683521e-008	-3.5687398281e-006
1.19477972133e-008	-3.28522679638e-006
1.19683260745e-008	-2.885339768e-006
1.19888549356e-008	-2.55057355503e-006
1.20093837968e-008	-2.35621709521e-006
1.2029912658e-008	-2.26629234135e-006
1.20504415192e-008	-2.23915995434e-006
1.20709703804e-008	-2.30509550647e-006
1.20914992416e-008	-2.51236795634e-006
1.21120281028e-008	-2.825465657e-006
1.2132556964e-008	-3.10160470463e-006
1.21530858252e-008	-3.19429301499e-006
1.21736146864e-008	-3.10102188905e-006
1.21941435476e-008	-2.98232549767e-006
1.22146724088e-008	-3.01305811945e-006
1.22352012699e-008	-3.19689559092e-006
1.22557301311e-008	-3.3216705333e-006
1.22762589923e-008	-3.13276422048e-006
1.22967878535e-008	-2.58739717651e-006
1.23173167147e-008	-1.95048482965e-006
1.23378455759e-008	-1.61570969226e-006
1.23583744371e-008	-1.79141892431e-006
1.23789032983e-008	-2.31702290421e-006
1.23994321595e-008	-2.77793196801e-006
1.24199610207e-008	-2.84326449673e-006
1.24404898819e-008	-2.53757247037e-006
1.2461018743e-008	-2.200718626e-006
1.24815476042e-008	-2.18951552711e-006
1.25020764654e-008	-2.57141184079e-006
1.25226053266e-008	-3.07323472271e-006
1.25431341878e-008	-3.32428646743e-006
1.2563663049e-008	-3.16558248414e-006
1.25841919102e-008	-2.77098877177e-006
1.26047207714e-008	-2.47266166298e-006
1.26252496326e-008	-2.4605014346e-006
1.26457784938e-008	-2.62754903702e-006
1.2666307355e-008	-2.69467085445e-006
1.26868362161e-008	-2.48408076686e-006
1.27073650773e-008	-2.09953969943e-006
1.27278939385e-008	-1.84163371841e-006
1.27484227997e-008	-1.94539816789e-006
1.27689516609e-008	-2.35909283219e-006
1.27894805221e-008	-2.76861644011e-006
1.28100093833e-008	-2.85603050543e-006
1.28305382445e-008	-2.55379461578e-006
1.28510671057e-008	-2.09710327681e-006
1.28715959669e-008	-1.82974625318e-006
1.28921248281e-008	-1.916334611e-006
1.29126536893e-008	-2.23071120331e-006
1.29331825504e-008	-2.48035127015e-006
1.29537114116e-008	-2.451520146e-006
1.29742402728e-008	-2.17600177166e-006
1.2994769134e-008	-1.88022912084e-006
1.30152979952e-008	-1.77886457209e-006
1.30358268564e-008	-1.91802467953e-006
1.30563557176e-008	-2.18113481765e-006
1.30768845788e-008	-2.40326656353e-006
1.309741344e-008	-2.50609849672e-006
1.31179423012e-008	-2.51655470151e-006
1.31384711624e-008	-2.4934288092e-006
1.31590000235e-008	-2.45721321335e-006
1.31795288847e-008	-2.38678910591e-006
1.32000577459e-008	-2.27525964647e-006
1.32205866071e-008	-2.16936783204e-006
1.32411154683e-008	-2.14195139847e-006
1.32616443295e-008	-2.20098030468e-006
1.32821731907e-008	-2.26572097972e-006
1.33027020519e-008	-2.21791066224e-006
1.33232309131e-008	-2.01608125394e-006
1.33437597743e-008	-1.77437064508e-006
1.33642886355e-008	-1.68427061453e-006
1.33848174966e-008	-1.84742137321e-006
1.34053463578e-008	-2.16871103476e-006
1.3425875219e-008	-2.40883630909e-006
1.34464040802e-008	-2.37484985632e-006
1.34669329414e-008	-2.09699894071e-006
1.34874618026e-008	-1.81327138193e-006
1.35079906638e-008	-1.78099460868e-006
1.3528519525e-008	-2.0363713702e-006
1.35490483862e-008	-2.35110763924e-006
1.35695772474e-008	-2.4171295081e-006
1.35901061086e-008	-2.10799677802e-006
1.36106349698e-008	-1.6060955943e-006
1.36311638309e-008	-1.26565787184e-006
1.36516926921e-008	-1.32800639108e-006
1.36722215533e-008	-1.73381340574e-006
1.36927504145e-008	-2.18058286805e-006
1.37132792757e-008	-2.36231863937e-006
1.37338081369e-008	-2.21165373659e-006
1.37543369981e-008	-1.91735506405e-006
1.37748658593e-008	-1.7418230982e-006
1.37953947205e-008	-1.80988294574e-006
1.38159235817e-008	-2.03088893613e-006
1.38364524429e-008	-2.20543495288e-006
1.3856981304e-008	-2.21042907356e-006
1.38775101652e-008	-2.09087701819e-006
1.38980390264e-008	-1.98643218141e-006
1.39185678876e-008	-1.98605346213e-006
1.39390967488e-008	-2.04616912924e-006
1.395962561e-008	-2.04634531542e-006
1.39801544712e-008	-1.91946818973e-006
1.40006833324e-008	-1.72812553956e-006
1.40212121936e-008	-1.61803109222e-006
1.40417410548e-008	-1.68016921975e-006
1.4062269916e-008	-1.86392529145e-006
1.40827987771e-008	-2.0191029364e-006
1.41033276383e-008	-2.02217367473e-006
1.41238564995e-008	-1.87738729096e-006
1.41443853607e-008	-1.70171645664e-006
1.41649142219e-008	-1.61433428048e-006
1.41854430831e-008	-1.63207789683e-006
1.42059719443e-008	-1.67929744066e-006
1.42265008055e-008	-1.67885889368e-006
1.42470296667e-008	-1.62818582794e-006
1.42675585279e-008	-1.59973933478e-006
1.42880873891e-008	-1.65742591207e-006
1.43086162503e-008	-1.77985572236e-006
1.43291451114e-008	-1.87940349861e-006
1.43496739726e-008	-1.88153708791e-006
1.43702028338e-008	-1.79731785011e-006
1.4390731695e-008	-1.72768136508e-006
1.44112605562e-008	-1.7674154833e-006
1.44317894174e-008	-1.91065632293e-006
1.44523182786e-008	-2.04500514656e-006
1.44728471398e-008	-2.04682939398e-006
1.4493376001e-008	-1.89016259355e-006
1.45139048622e-008	-1.6834704013e-006
1.45344337234e-008	-1.57937790846e-006
1.45549625845e-008	-1.64418636928e-006
1.45754914457e-008	-1.79840961323e-006
1.45960203069e-008	-1.88253761735e-006
1.46165491681e-008	-1.79991957339e-006
1.46370780293e-008	-1.6100045741e-006
1.46576068905e-008	-1.48162408209e-006
1.46781357517e-008	-1.54095343419e-006
1.46986646129e-008	-1.75793681478e-006
1.47191934741e-008	-1.95987445295e-006
1.47397223353e-008	-1.97164945348e-006
1.47602511965e-008	-1.77085391329e-006
1.47807800576e-008	-1.5114506482e-006
1.48013089188e-008	-1.39206318295e-006
1.482183778e-008	-1.48921282062e-006
1.48423666412e-008	-1.69854109799e-006
1.48628955024e-008	-1.82565662499e-006
1.48834243636e-008	-1.74724425506e-006
1.49039532248e-008	-1.51252234559e-006
1.4924482086e-008	-1.29567665397e-006
1.49450109472e-008	-1.24945952962e-006
1.49655398084e-008	-1.39620956929e-006
1.49860686696e-008	-1.6254427635e-006
1.50065975308e-008	-1.79238017495e-006
1.50271263919e-008	-1.83365614248e-006
1.50476552531e-008	-1.79157143521e-006
1.50681841143e-008	-1.74442720891e-006
1.50887129755e-008	-1.73054911556e-006
1.51092418367e-008	-1.72762975126e-006
1.51297706979e-008	-1.69596000887e-006
1.51502995591e-008	-1.64438012007e-006
1.51708284203e-008	-1.62418859873e-006
1.51913572815e-008	-1.66864549556e-006
1.52118861427e-008	-1.75100720412e-006
1.52324150039e-008	-1.7886669923e-006
1.5252943865e-008	-1.71863172227e-006
1.52734727262e-008	-1.5687177779e-006
1.52940015874e-008	-1.44152105008e-006
1.53145304486e-008	-1.42604430664e-006
1.53350593098e-008	-1.52311568513e-006
1.5355588171e-008	-1.64363567023e-006
1.53761170322e-008	-1.68283796143e-006
1.53966458934e-008	-1.61614369176e-006
1.54171747546e-008	-1.51501009782e-006
1.54377036158e-008	-1.47638607473e-006
1.5458232477e-008	-1.52756061311e-006
1.54787613381e-008	-1.5994657474e-006
1.54992901993e-008	-1.5919461589e-006
1.55198190605e-008	-1.47016547203e-006
1.55403479217e-008	-1.30945971932e-006
1.55608767829e-008	-1.23747500425e-006
1.55814056441e-008	-1.32614256643e-006
1.56019345053e-008	-1.52195073611e-006
1.56224633665e-008	-1.69009683759e-006
1.56429922277e-008	-1.72038375013e-006
1.56635210889e-008	-1.6163111809e-006
1.56840499501e-008	-1.49096354107e-006
1.57045788113e-008	-1.46298788195e-006
1.57251076724e-008	-1.56134947815e-006
1.57456365336e-008	-1.7037931741e-006
1.57661653948e-008	-1.77079402874e-006
1.5786694256e-008	-1.71171282659e-006
1.58072231172e-008	-1.58421900665e-006
1.58277519784e-008	-1.49568350594e-006
1.58482808396e-008	-1.50682873823e-006
1.58688097008e-008	-1.58290023933e-006
1.5889338562e-008	-1.62691367223e-006
1.59098674232e-008	-1.57492715402e-006
1.59303962844e-008	-1.45522750472e-006
1.59509251455e-008	-1.36343294344e-006
1.59714540067e-008	-1.37902176789e-006
1.59919828679e-008	-1.49249291326e-006
1.60125117291e-008	-1.61208973282e-006
1.60330405903e-008	-1.64098960909e-006
1.60535694515e-008	-1.55673009772e-006
1.60740983127e-008	-1.42538085868e-006
1.60946271739e-008	-1.34859826062e-006
1.61151560351e-008	-1.37131098654e-006
1.61356848963e-008	-1.45394608353e-006
1.61562137575e-008	-1.5145386385e-006
1.61767426186e-008	-1.49805836713e-006
1.61972714798e-008	-1.42141635706e-006
1.6217800341e-008	-1.34724416512e-006
1.62383292022e-008	-1.32613723736e-006
1.62588580634e-008	-1.35661332479e-006
1.62793869246e-008	-1.40278866922e-006
1.62999157858e-008	-1.4367578558e-006
1.6320444647e-008	-1.46888817198e-006
1.63409735082e-008	-1.5262046702e-006
1.63615023694e-008	-1.6034717305e-006
1.63820312306e-008	-1.65781270312e-006
1.64025600918e-008	-1.6403669747e-006
1.64230889529e-008	-1.54937549723e-006
1.64436178141e-008	-1.44848931427e-006
1.64641466753e-008	-1.41691774047e-006
1.64846755365e-008	-1.48553701251e-006
1.65052043977e-008	-1.59970960567e-006
1.65257332589e-008	-1.66284976899e-006
1.65462621201e-008	-1.6136117722e-006
1.65667909813e-008	-1.48150729729e-006
1.65873198425e-008	-1.36174693921e-006
1.66078487037e-008	-1.3306899973e-006
1.66283775649e-008	-1.3875229854e-006
1.6648906426e-008	-1.45841133303e-006
1.66694352872e-008	-1.46508151033e-006
1.66899641484e-008	-1.39832887669e-006
1.67104930096e-008	-1.32522751528e-006
1.67310218708e-008	-1.32333124725e-006
1.6751550732e-008	-1.40499263068e-006
1.67720795932e-008	-1.50402925669e-006
1.67926084544e-008	-1.52845055368e-006
1.68131373156e-008	-1.44244324929e-006
1.68336661768e-008	-1.30394489872e-006
1.6854195038e-008	-1.21595122948e-006
1.68747238991e-008	-1.24248518318e-006
1.68952527603e-008	-1.36515625115e-006
1.69157816215e-008	-1.49363398805e-006
1.69363104827e-008	-1.54691014131e-006
1.69568393439e-008	-1.51278453586e-006
1.69773682051e-008	-1.44450905282e-006
1.69978970663e-008	-1.40733091314e-006
1.70184259275e-008	-1.42525820479e-006
1.70389547887e-008	-1.46729720996e-006
1.70594836499e-008	-1.48712388182e-006
1.70800125111e-008	-1.476163078e-006
1.71005413723e-008	-1.45819129216e-006
1.71210702334e-008	-1.47076102053e-006
1.71415990946e-008	-1.51645571123e-006
1.71621279558e-008	-1.55705137672e-006
1.7182656817e-008	-1.54616043346e-006
1.72031856782e-008	-1.47365170733e-006
1.72237145394e-008	-1.37883773732e-006
1.72442434006e-008	-1.32167124889e-006
1.72647722618e-008	-1.33425406545e-006
1.7285301123e-008	-1.3918780013e-006
1.73058299842e-008	-1.44051793427e-006
1.73263588454e-008	-1.43541168995e-006
1.73468877065e-008	-1.38411562034e-006
1.73674165677e-008	-1.33131494806e-006
1.73879454289e-008	-1.31487603028e-006
1.74084742901e-008	-1.33575959183e-006
1.74290031513e-008	-1.35957084524e-006
1.74495320125e-008	-1.35605569085e-006
1.74700608737e-008	-1.32778284012e-006
1.74905897349e-008	-1.30923410779e-006
1.75111185961e-008	-1.33203303676e-006
1.75316474573e-008	-1.38714464981e-006
1.75521763185e-008	-1.43117719631e-006
1.75727051796e-008	-1.42604658038e-006
1.75932340408e-008	-1.37733800898e-006
1.7613762902e-008	-1.33617803044e-006
1.76342917632e-008	-1.3523460467e-006
1.76548206244e-008	-1.42897624755e-006
1.76753494856e-008	-1.51143282778e-006
1.76958783468e-008	-1.53764156607e-006
1.7716407208e-008	-1.48517833054e-006
1.77369360692e-008	-1.39731569959e-006
1.77574649304e-008	-1.34706071719e-006
1.77779937916e-008	-1.37307026193e-006
1.77985226528e-008	-1.45242677263e-006
1.78190515139e-008	-1.51631994072e-006
1.78395803751e-008	-1.51222295131e-006
1.78601092363e-008	-1.4468967322e-006
1.78806380975e-008	-1.37562223301e-006
1.79011669587e-008	-1.34929736362e-006
1.79216958199e-008	-1.37325561411e-006
1.79422246811e-008	-1.40201161969e-006
1.79627535423e-008	-1.38906379732e-006
1.79832824035e-008	-1.33106644284e-006
1.80038112647e-008	-1.26899173836e-006
1.80243401259e-008	-1.25510123894e-006
1.8044868987e-008	-1.30206541371e-006
1.80653978482e-008	-1.36952344576e-006
1.80859267094e-008	-1.40178713082e-006
1.81064555706e-008	-1.37409236345e-006
1.81269844318e-008	-1.31012555471e-006
1.8147513293e-008	-1.26307733694e-006
1.81680421542e-008	-1.26609475615e-006
1.81885710154e-008	-1.31230422085e-006
1.82090998766e-008	-1.36899164715e-006
1.82296287378e-008	-1.4058929878e-006
1.8250157599e-008	-1.42255196067e-006
1.82706864601e-008	-1.43241464912e-006
1.82912153213e-008	-1.44356653209e-006
1.83117441825e-008	-1.4475657224e-006
1.83322730437e-008	-1.42611924048e-006
1.83528019049e-008	-1.37954961588e-006
1.83733307661e-008	-1.33586252105e-006
1.83938596273e-008	-1.3295454977e-006
1.84143884885e-008	-1.37373261566e-006
1.84349173497e-008	-1.44192330254e-006
1.84554462109e-008	-1.48536014422e-006
1.84759750721e-008	-1.47250290183e-006
1.84965039333e-008	-1.41352197147e-006
1.85170327944e-008	-1.34762321125e-006
1.85375616556e-008	-1.31893618516e-006
1.85580905168e-008	-1.33618894438e-006
1.8578619378e-008	-1.36756442259e-006
1.85991482392e-008	-1.37771654352e-006
1.86196771004e-008	-1.35332433615e-006
1.86402059616e-008	-1.31539175641e-006
1.86607348228e-008	-1.29794923964e-006
1.8681263684e-008	-1.31232008016e-006
1.87017925452e-008	-1.33834895166e-006
1.87223214064e-008	-1.33995881413e-006
1.87428502675e-008	-1.30325952341e-006
1.87633791287e-008	-1.25205679069e-006
1.87839079899e-008	-1.23031419719e-006
1.88044368511e-008	-1.2626205006e-006
1.88249657123e-008	-1.33472619268e-006
1.88454945735e-008	-1.39824632583e-006
1.88660234347e-008	-1.41181308777e-006
1.88865522959e-008	-1.3770377052e-006
1.89070811571e-008	-1.33472151731e-006
1.89276100183e-008	-1.32823117838e-006
1.89481388795e-008	-1.37061570626e-006
1.89686677406e-008	-1.4289835093e-006
1.89891966018e-008	-1.45708230548e-006
1.9009725463e-008	-1.43775221773e-006
1.90302543242e-008	-1.38827932972e-006
1.90507831854e-008	-1.35249840127e-006
1.90713120466e-008	-1.35745334262e-006
1.90918409078e-008	-1.3894384665e-006
1.9112369769e-008	-1.41299082657e-006
1.91328986302e-008	-1.40340503663e-006
1.91534274914e-008	-1.36932742123e-006
1.91739563526e-008	-1.3392783984e-006
1.91944852138e-008	-1.33869185959e-006
1.92150140749e-008	-1.36061571254e-006
1.92355429361e-008	-1.37677895395e-006
1.92560717973e-008	-1.36221717639e-006
1.92766006585e-008	-1.31984640461e-006
1.92971295197e-008	-1.28073608607e-006
1.93176583809e-008	-1.27193311528e-006
1.93381872421e-008	-1.29844750063e-006
1.93587161033e-008	-1.3338363658e-006
1.93792449645e-008	-1.34789125639e-006
1.93997738257e-008	-1.33076184738e-006
1.94203026869e-008	-1.30060726633e-006
1.9440831548e-008	-1.28253529397e-006
1.94613604092e-008	-1.28515723929e-006
1.94818892704e-008	-1.29884226396e-006
1.95024181316e-008	-1.30904835771e-006
1.95229469928e-008	-1.31570867268e-006
1.9543475854e-008	-1.32944938969e-006
1.95640047152e-008	-1.36376527848e-006
1.95845335764e-008	-1.40918514546e-006
1.96050624376e-008	-1.4364555625e-006
1.96255912988e-008	-1.42274376458e-006
1.964612016e-008	-1.3707208808e-006
1.96666490211e-008	-1.31282367022e-006
1.96871778823e-008	-1.28802768984e-006
1.97077067435e-008	-1.31393274216e-006
1.97282356047e-008	-1.36850309218e-006
1.97487644659e-008	-1.41425626055e-006
1.97692933271e-008	-1.42081596266e-006
1.97898221883e-008	-1.38937220129e-006
1.98103510495e-008	-1.34827180887e-006
1.98308799107e-008	-1.32213845916e-006
1.98514087719e-008	-1.31861435193e-006
1.98719376331e-008	-1.32137638786e-006
1.98924664943e-008	-1.31424143035e-006
1.99129953554e-008	-1.29643034086e-006
1.99335242166e-008	-1.2847176265e-006
1.99540530778e-008	-1.29723379416e-006
1.9974581939e-008	-1.3298654693e-006
1.99951108002e-008	-1.36035673393e-006
2.00156396614e-008	-1.36269254369e-006
2.00361685226e-008	-1.32981523393e-006
2.00566973838e-008	-1.28237412866e-006
2.0077226245e-008	-1.25218160463e-006
2.00977551062e-008	-1.25939622819e-006
2.01182839674e-008	-1.29767690282e-006
2.01388128285e-008	-1.33957689741e-006
2.01593416897e-008	-1.36041650478e-006
2.01798705509e-008	-1.35899620091e-006
2.02003994121e-008	-1.34984219358e-006
2.02209282733e-008	-1.35185099737e-006
2.02414571345e-008	-1.36732595024e-006
2.02619859957e-008	-1.382023612e-006
2.02825148569e-008	-1.37962364022e-006
2.03030437181e-008	-1.36044539545e-006
2.03235725793e-008	-1.33951380121e-006
2.03441014405e-008	-1.33540000036e-006
2.03646303016e-008	-1.35006783353e-006
2.03851591628e-008	-1.36453003563e-006
2.0405688024e-008	-1.36392799277e-006
2.04262168852e-008	-1.34366239024e-006
2.04467457464e-008	-1.3188973611e-006
2.04672746076e-008	-1.31431576733e-006
2.04878034688e-008	-1.33560659776e-006
2.050833233e-008	-1.3654134392e-006
2.05288611912e-008	-1.37762417296e-006
2.05493900524e-008	-1.35982712379e-006
2.05699189136e-008	-1.32210523418e-006
2.05904477748e-008	-1.28975963776e-006
2.06109766359e-008	-1.28216774442e-006
2.06315054971e-008	-1.29530710069e-006
2.06520343583e-008	-1.31084168231e-006
2.06725632195e-008	-1.31062459729e-006
2.06930920807e-008	-1.29715448338e-006
2.07136209419e-008	-1.28701931601e-006
2.07341498031e-008	-1.2916932377e-006
2.07546786643e-008	-1.30762673223e-006
2.07752075255e-008	-1.31575589535e-006
2.07957363867e-008	-1.30279948962e-006
2.08162652479e-008	-1.27633093427e-006
2.0836794109e-008	-1.26149100765e-006
2.08573229702e-008	-1.27723909316e-006
2.08778518314e-008	-1.32052254287e-006
2.08983806926e-008	-1.36659124905e-006
2.09189095538e-008	-1.38702624497e-006
2.0939438415e-008	-1.37016910173e-006
2.09599672762e-008	-1.33369684363e-006
2.09804961374e-008	-1.30542549925e-006
2.10010249986e-008	-1.30114376873e-006
2.10215538598e-008	-1.31900593203e-006
2.1042082721e-008	-1.33693380633e-006
2.10626115821e-008	-1.34087571269e-006
2.10831404433e-008	-1.33076805753e-006
2.11036693045e-008	-1.32058039526e-006
2.11241981657e-008	-1.32325787661e-006
2.11447270269e-008	-1.33669442448e-006
2.11652558881e-008	-1.35479896812e-006
2.11857847493e-008	-1.36469626e-006
2.12063136105e-008	-1.37108391129e-006
2.12268424717e-008	-1.3819815905e-006
2.12473713329e-008	-1.40394698178e-006
2.12679001941e-008	-1.43009609133e-006
2.12884290553e-008	-1.44281790426e-006
2.13089579164e-008	-1.42993903296e-006
2.13294867776e-008	-1.38835139296e-006
2.13500156388e-008	-1.33468489594e-006
2.13705445e-008	-1.28870804872e-006
2.13910733612e-008	-1.26384864529e-006
2.14116022224e-008	-1.25954741748e-006
2.14321310836e-008	-1.26639061193e-006
2.14526599448e-008	-1.27467357913e-006
2.1473188806e-008	-1.28408994726e-006
2.14937176672e-008	-1.29390245718e-006
2.15142465284e-008	-1.30169006241e-006
2.15347753895e-008	-1.3023809089e-006
2.15553042507e-008	-1.28654465925e-006
2.15758331119e-008	-1.26010121448e-006
2.15963619731e-008	-1.23587506096e-006
2.16168908343e-008	-1.23226297433e-006
2.16374196955e-008	-1.25698522879e-006
2.16579485567e-008	-1.29785885861e-006
2.16784774179e-008	-1.33310355466e-006
2.16990062791e-008	-1.34234373661e-006
2.17195351403e-008	-1.32507058481e-006
2.17400640015e-008	-1.29407625593e-006
2.17605928626e-008	-1.27143943018e-006
2.17811217238e-008	-1.26285804924e-006
2.1801650585e-008	-1.26330854755e-006
2.18221794462e-008	-1.26674973444e-006
2.18427083074e-008	-1.26891880825e-006
2.18632371686e-008	-1.28060864313e-006
2.18837660298e-008	-1.31487085753e-006
2.1904294891e-008	-1.37045870474e-006
2.19248237522e-008	-1.43454215618e-006
2.19453526134e-008	-1.48188158278e-006
2.19658814746e-008	-1.49816048634e-006
2.19864103358e-008	-1.4864699267e-006
2.20069391969e-008	-1.46013792346e-006
2.20274680581e-008	-1.42902447919e-006
2.20479969193e-008	-1.39029600632e-006
2.20685257805e-008	-1.33368283173e-006
2.20890546417e-008	-1.25851940425e-006
2.21095835029e-008	-1.18150958883e-006
2.21301123641e-008	-1.12901584259e-006
2.21506412253e-008	-1.12295856525e-006
2.21711700865e-008	-1.16057253763e-006
2.21916989477e-008	-1.2212590832e-006
2.22122278089e-008	-1.27407579953e-006
2.223275667e-008	-1.30619925187e-006
2.22532855312e-008	-1.31800911163e-006
2.22738143924e-008	-1.32411406639e-006
2.22943432536e-008	-1.33522787849e-006
2.23148721148e-008	-1.35089504738e-006
2.2335400976e-008	-1.37259992528e-006
2.23559298372e-008	-1.39361452511e-006
2.23764586984e-008	-1.42403958137e-006
2.23969875596e-008	-1.46538350521e-006
2.24175164208e-008	-1.51114335267e-006
2.2438045282e-008	-1.54814225084e-006
2.24585741431e-008	-1.55406607405e-006
2.24791030043e-008	-1.51997676312e-006
2.24996318655e-008	-1.45211883762e-006
2.25201607267e-008	-1.37352665774e-006
2.25406895879e-008	-1.30450553115e-006
2.25612184491e-008	-1.26077512164e-006
2.25817473103e-008	-1.24753714204e-006
2.26022761715e-008	-1.2638121234e-006
2.26228050327e-008	-1.30543178045e-006
2.26433338939e-008	-1.36569407516e-006
2.26638627551e-008	-1.43020515964e-006
2.26843916163e-008	-1.47562425923e-006
2.27049204774e-008	-1.4755155604e-006
2.27254493386e-008	-1.41472746407e-006
2.27459781998e-008	-1.29536012139e-006
2.2766507061e-008	-1.13670520818e-006
2.27870359222e-008	-9.701963819e-007
2.28075647834e-008	-8.19118497475e-007
2.28280936446e-008	-7.0441706157e-007
2.28486225058e-008	-6.39178697526e-007
2.2869151367e-008	-6.29918584849e-007
2.28896802282e-008	-6.86168263542e-007
2.29102090894e-008	-8.04429028278e-007
2.29307379505e-008	-9.6826173035e-007
2.29512668117e-008	-1.14936534601e-006
2.29717956729e-008	-1.31051531582e-006
2.29923245341e-008	-1.42901664901e-006
2.30128533953e-008	-1.501040515e-006
2.30333822565e-008	-1.54466451363e-006
2.30539111177e-008	-1.58672298767e-006
2.30744399789e-008	-1.64657950563e-006
2.30949688401e-008	-1.73242804635e-006
2.31154977013e-008	-1.83352759109e-006
2.31360265625e-008	-1.93330163256e-006
2.31565554236e-008	-2.00658578819e-006
2.31770842848e-008	-2.03147314437e-006
2.3197613146e-008	-1.98762529635e-006
2.32181420072e-008	-1.86429382154e-006
2.32386708684e-008	-1.67320577305e-006
2.32591997296e-008	-1.44868174345e-006
2.32797285908e-008	-1.2444933617e-006
2.3300257452e-008	-1.11282612636e-006
2.33207863132e-008	-1.08458222314e-006
2.33413151744e-008	-1.15820832036e-006
2.33618440356e-008	-1.30196153236e-006
2.33823728968e-008	-1.46483085928e-006
2.34029017579e-008	-1.59903396479e-006
2.34234306191e-008	-1.66072527463e-006
2.34439594803e-008	-1.62084884892e-006
2.34644883415e-008	-1.46514591393e-006
2.34850172027e-008	-1.20155729633e-006
2.35055460639e-008	-8.73848975402e-007
2.35260749251e-008	-5.44180871032e-007
2.35466037863e-008	-2.94523816891e-007
2.35671326475e-008	-1.77103867571e-007
2.35876615087e-008	-2.21826663704e-007
2.36081903699e-008	-4.09209674146e-007
2.3628719231e-008	-6.94007106006e-007
2.36492480922e-008	-1.02424746018e-006
2.36697769534e-008	-1.34720090728e-006
2.36903058146e-008	-1.62286669081e-006
2.37108346758e-008	-1.8236766266e-006
2.3731363537e-008	-1.94316480417e-006
2.37518923982e-008	-1.98903468629e-006
2.37724212594e-008	-1.99132676926e-006
2.37929501206e-008	-1.98267608198e-006
2.38134789818e-008	-1.98708542598e-006
2.3834007843e-008	-2.00566402953e-006
2.38545367041e-008	-2.01003858535e-006
2.38750655653e-008	-1.96167977151e-006
2.38955944265e-008	-1.81723274295e-006
2.39161232877e-008	-1.56468038881e-006
2.39366521489e-008	-1.21058671709e-006
2.39571810101e-008	-7.90838857512e-007
2.39777098713e-008	-3.59406055139e-007
2.39982387325e-008	1.92053022374e-008
2.40187675937e-008	2.74293707747e-007
2.40392964549e-008	3.46462908141e-007
2.40598253161e-008	2.04140704341e-007
2.40803541773e-008	-1.40131351856e-007
2.41008830384e-008	-6.29890127612e-007
2.41214118996e-008	-1.16146879314e-006
2.41419407608e-008	-1.62749493882e-006
2.4162469622e-008	-1.93662945946e-006
2.41829984832e-008	-2.03507967456e-006
2.42035273444e-008	-1.9327370353e-006
2.42240562056e-008	-1.67538415496e-006
2.42445850668e-008	-1.35076294328e-006
2.4265113928e-008	-1.05745813528e-006
2.42856427892e-008	-8.88256856513e-007
2.43061716504e-008	-9.12812236464e-007
2.43267005115e-008	-1.1593231477e-006
2.43472293727e-008	-1.61179694658e-006
2.43677582339e-008	-2.20390194272e-006
2.43882870951e-008	-2.84694644392e-006
2.44088159563e-008	-3.43603636566e-006
2.44293448175e-008	-3.88193163303e-006
2.44498736787e-008	-4.12459505128e-006
2.44704025399e-008	-4.1319888453e-006
2.44909314011e-008	-3.91727593296e-006
2.45114602623e-008	-3.51601316595e-006
2.45319891235e-008	-2.99348210575e-006
2.45525179846e-008	-2.41776260168e-006
2.45730468458e-008	-1.84241585544e-006
2.4593575707e-008	-1.29802264581e-006
2.46141045682e-008	-7.68516684957e-007
2.46346334294e-008	-2.12364998475e-007
2.46551622906e-008	4.14376739144e-007
2.46756911518e-008	1.12443391487e-006
2.4696220013e-008	1.89205793788e-006
2.47167488742e-008	2.61861144679e-006
2.47372777354e-008	3.1763782431e-006
2.47578065966e-008	3.43320257912e-006
2.47783354578e-008	3.2809114856e-006
2.47988643189e-008	2.67699353174e-006
2.48193931801e-008	1.65136302144e-006
2.48399220413e-008	3.21206599097e-007
2.48604509025e-008	-1.12641812677e-006
2.48809797637e-008	-2.46424721695e-006
2.49015086249e-008	-3.46105804283e-006
2.49220374861e-008	-3.96167246208e-006
2.49425663473e-008	-3.8940744389e-006
2.49630952085e-008	-3.32632686195e-006
2.49836240697e-008	-2.42458947142e-006
2.50041529309e-008	-1.46615954932e-006
2.5024681792e-008	-7.19234794389e-007
2.50452106532e-008	-4.43320175236e-007
2.50657395144e-008	-7.72123623705e-007
2.50862683756e-008	-1.68816647772e-006
2.51067972368e-008	-3.01527487068e-006
2.5127326098e-008	-4.44430079938e-006
2.51478549592e-008	-5.62394311032e-006
2.51683838204e-008	-6.26380654012e-006
2.51889126816e-008	-6.19864638907e-006
2.52094415428e-008	-5.46159465742e-006
2.5229970404e-008	-4.21585221488e-006
2.52504992652e-008	-2.73981149235e-006
2.52710281263e-008	-1.31674810078e-006
2.52915569875e-008	-1.59143933587e-007
2.53120858487e-008	6.20864192058e-007
2.53326147099e-008	1.0370696657e-006
2.53531435711e-008	1.22793719015e-006
2.53736724323e-008	1.38054974741e-006
2.53942012935e-008	1.68486764096e-006
2.54147301547e-008	2.24387640912e-006
2.54352590159e-008	3.01994289487e-006
2.54557878771e-008	3.81437249075e-006
2.54763167383e-008	4.29236266442e-006
2.54968455994e-008	4.09085267705e-006
2.55173744606e-008	2.87723857184e-006
2.55379033218e-008	5.81375815045e-007
2.5558432183e-008	-2.62855465749e-006
2.55789610442e-008	-6.29290349252e-006
2.55994899054e-008	-9.73160967987e-006
2.56200187666e-008	-1.2223564795e-005
2.56405476278e-008	-1.31942363168e-005
2.5661076489e-008	-1.23680118804e-005
2.56816053502e-008	-9.85870926229e-006
2.57021342114e-008	-6.18911122174e-006
2.57226630725e-008	-2.09176744193e-006
2.57431919337e-008	1.58392640515e-006
2.57637207949e-008	4.15319472324e-006
2.57842496561e-008	5.22764486277e-006
2.58047785173e-008	4.81725965074e-006
2.58253073785e-008	3.25514275801e-006
2.58458362397e-008	1.17328062643e-006
2.58663651009e-008	-7.06021854313e-007
2.58868939621e-008	-1.77660039213e-006
2.59074228233e-008	-1.62794987091e-006
2.59279516845e-008	-2.32175807469e-007
2.59484805457e-008	2.09827689091e-006
2.59690094068e-008	4.77157078649e-006
2.5989538268e-008	7.10033509677e-006
2.60100671292e-008	8.47297155815e-006
2.60305959904e-008	8.61865540003e-006
2.60511248516e-008	7.59813629259e-006
2.60716537128e-008	5.85410981557e-006
2.6092182574e-008	4.00264866585e-006
2.61127114352e-008	2.62030867404e-006
2.61332402964e-008	2.05031223288e-006
2.61537691576e-008	2.23240703789e-006
2.61742980188e-008	2.66021183393e-006
2.61948268799e-008	2.60071846014e-006
2.62153557411e-008	1.25721754785e-006
2.62358846023e-008	-1.93249042013e-006
2.62564134635e-008	-7.05553838998e-006
2.62769423247e-008	-1.36855408073e-005
2.62974711859e-008	-2.08800108794e-005
2.63180000471e-008	-2.73372024822e-005
2.63385289083e-008	-3.17311546496e-005
2.63590577695e-008	-3.3009404433e-005
2.63795866307e-008	-3.0627623687e-005
2.64001154919e-008	-2.47447025572e-005
2.6420644353e-008	-1.61327760679e-005
2.64411732142e-008	-6.17954992777e-006
2.64617020754e-008	3.53191199665e-006
2.64822309366e-008	1.14644907399e-005
2.65027597978e-008	1.65111880506e-005
2.6523288659e-008	1.82471841299e-005
2.65438175202e-008	1.69838841089e-005
2.65643463814e-008	1.36545499458e-005
2.65848752426e-008	9.58475351354e-006
2.66054041038e-008	6.06911646628e-006
2.6625932965e-008	4.01697894858e-006
2.66464618262e-008	3.8409752392e-006
2.66669906873e-008	5.27595059552e-006
2.66875195485e-008	7.59834378172e-006
2.67080484097e-008	9.90539129475e-006
2.67285772709e-008	1.12966558419e-005
2.67491061321e-008	1.12834970025e-005
2.67696349933e-008	9.77178297035e-006
2.67901638545e-008	7.19113967307e-006
2.68106927157e-008	4.18859069384e-006
2.68312215769e-008	1.54409744368e-006
2.68517504381e-008	-1.8978178673e-007
2.68722792993e-008	-8.43061030764e-007
2.68928081604e-008	-7.03289700255e-007
2.69133370216e-008	-4.75772282016e-007
2.69338658828e-008	-1.09776425461e-006
2.6954394744e-008	-3.40729339499e-006
2.69749236052e-008	-7.97404345576e-006
2.69954524664e-008	-1.47629996263e-005
2.70159813276e-008	-2.30126653946e-005
2.70365101888e-008	-3.13219862278e-005
2.705703905e-008	-3.77393589019e-005
2.70775679112e-008	-4.03315729045e-005
2.70980967724e-008	-3.74179877163e-005
2.71186256335e-008	-2.83855903831e-005
2.71391544947e-008	-1.37593940508e-005
2.71596833559e-008	4.71956786896e-006
2.71802122171e-008	2.43505962771e-005
2.72007410783e-008	4.19335556217e-005
2.72212699395e-008	5.451442712e-005
2.72417988007e-008	5.99753338975e-005
2.72623276619e-008	5.74132596967e-005
2.72828565231e-008	4.74977600788e-005
2.73033853843e-008	3.20336150708e-005
2.73239142455e-008	1.38067762236e-005
2.73444431067e-008	-4.30871477874e-006
2.73649719678e-008	-1.94577276034e-005
