% time-domain current integration by openEMS v0.0.35 @Sun Apr 05 16:33:28 2020
% start-coordinates: (0.0655822,-0.0748817,0.0005) m -> [41,19,7]
% stop-coordinates: (0.0705201,-0.07366,0.0005) m -> [46,21,7]
% t/s	current
2.2809845768e-013	-0
2.07569596489e-011	-5.80537218298e-008
4.128582084e-011	-2.41998776573e-007
6.18146820312e-011	-8.41726830458e-007
8.23435432224e-011	-2.56099519902e-006
1.02872404414e-010	-6.82753397996e-006
1.23401265605e-010	-1.59569644893e-005
1.43930126796e-010	-3.27291236317e-005
1.64458987987e-010	-5.8958750742e-005
1.84987849178e-010	-9.3376802397e-005
2.05516710369e-010	-0.000130214029923
2.26045571561e-010	-0.000160224051797
2.46574432752e-010	-0.000174509579665
2.67103293943e-010	-0.000169048973476
2.87632155134e-010	-0.000146731894347
3.08161016325e-010	-0.000115442766401
3.28689877517e-010	-8.37899351609e-005
3.49218738708e-010	-5.75303492951e-005
3.69747599899e-010	-3.85113271477e-005
3.9027646109e-010	-2.5745244784e-005
4.10805322281e-010	-1.71192223206e-005
4.31334183472e-010	-1.06260495158e-005
4.51863044664e-010	-4.90253387397e-006
4.72391905855e-010	6.60568275634e-007
4.92920767046e-010	5.97819052928e-006
5.13449628237e-010	1.05318540591e-005
5.33978489428e-010	1.37234173962e-005
5.5450735062e-010	1.53413420776e-005
5.75036211811e-010	1.57902231877e-005
5.95565073002e-010	1.59072860697e-005
6.16093934193e-010	1.64823231898e-005
6.36622795384e-010	1.78763166332e-005
6.57151656575e-010	1.99815513042e-005
6.77680517767e-010	2.24261693802e-005
6.98209378958e-010	2.46951876761e-005
7.18738240149e-010	2.6079129384e-005
7.3926710134e-010	2.57232422882e-005
7.59795962531e-010	2.30115438171e-005
7.80324823722e-010	1.80905681191e-005
8.00853684914e-010	1.2016977962e-005
8.21382546105e-010	6.28461157248e-006
8.41911407296e-010	2.07723178391e-006
8.62440268487e-010	-1.34796579232e-007
8.82969129678e-010	-4.28467672009e-007
9.0349799087e-010	9.4117331173e-007
9.24026852061e-010	3.64371612704e-006
9.44555713252e-010	7.03700061422e-006
9.65084574443e-010	1.00269926406e-005
9.85613435634e-010	1.14504964586e-005
1.00614229683e-009	1.08740523501e-005
1.02667115802e-009	9.12242103368e-006
1.04720001921e-009	7.90079229773e-006
1.0677288804e-009	8.63571585796e-006
1.08825774159e-009	1.14014728751e-005
1.10878660278e-009	1.4844051293e-005
1.12931546397e-009	1.71877636603e-005
1.14984432516e-009	1.75226159627e-005
1.17037318635e-009	1.64009798027e-005
1.19090204755e-009	1.53253604367e-005
1.21143090874e-009	1.55582201842e-005
1.23195976993e-009	1.71298397618e-005
1.25248863112e-009	1.87086734513e-005
1.27301749231e-009	1.83887441381e-005
1.2935463535e-009	1.48643666762e-005
1.31407521469e-009	8.24607104732e-006
1.33460407588e-009	3.65694035054e-008
1.35513293708e-009	-7.5987359196e-006
1.37566179827e-009	-1.27148423417e-005
1.39619065946e-009	-1.41018454087e-005
1.41671952065e-009	-1.13842907012e-005
1.43724838184e-009	-4.94175537824e-006
1.45777724303e-009	4.14412215832e-006
1.47830610422e-009	1.41743121276e-005
1.49883496541e-009	2.31080175581e-005
1.5193638266e-009	2.90589214273e-005
1.5398926878e-009	3.08485505229e-005
1.56042154899e-009	2.8377326089e-005
1.58095041018e-009	2.26464962907e-005
1.60147927137e-009	1.53920700541e-005
1.62200813256e-009	8.43950056151e-006
1.64253699375e-009	3.07148798129e-006
1.66306585494e-009	-2.62916785232e-007
1.68359471613e-009	-1.80997494681e-006
1.70412357733e-009	-2.11240649151e-006
1.72465243852e-009	-1.65065921465e-006
1.74518129971e-009	-6.9461395924e-007
1.7657101609e-009	6.63238779453e-007
1.78623902209e-009	2.37173549067e-006
1.80676788328e-009	4.26549331678e-006
1.82729674447e-009	6.0054721871e-006
1.84782560566e-009	7.22029153621e-006
1.86835446685e-009	7.79792571848e-006
1.88888332805e-009	8.06352818472e-006
1.90941218924e-009	8.62536489876e-006
1.92994105043e-009	9.96186918201e-006
1.95046991162e-009	1.20277481983e-005
1.97099877281e-009	1.41547261592e-005
1.991527634e-009	1.53022756422e-005
2.01205649519e-009	1.45491858348e-005
2.03258535638e-009	1.16112987598e-005
2.05311421758e-009	7.11284519639e-006
2.07364307877e-009	2.41524298872e-006
2.09417193996e-009	-9.71094664237e-007
2.11470080115e-009	-2.07358925763e-006
2.13522966234e-009	-8.44248688736e-007
2.15575852353e-009	1.91681215256e-006
2.17628738472e-009	4.97231394547e-006
2.19681624591e-009	7.15684473107e-006
2.21734510711e-009	7.79868605605e-006
2.2378739683e-009	6.9403595262e-006
2.25840282949e-009	5.27141764906e-006
2.27893169068e-009	3.75646072825e-006
2.29946055187e-009	3.12086149279e-006
2.31998941306e-009	3.49425044988e-006
2.34051827425e-009	4.43812496087e-006
2.36104713544e-009	5.32808462594e-006
2.38157599663e-009	5.80632968195e-006
2.40210485783e-009	5.99158647674e-006
2.42263371902e-009	6.3265101744e-006
2.44316258021e-009	7.20230673323e-006
2.4636914414e-009	8.62887281983e-006
2.48422030259e-009	1.01427685877e-005
2.50474916378e-009	1.09906004582e-005
2.52527802497e-009	1.04915943666e-005
2.54580688616e-009	8.41211112856e-006
2.56633574736e-009	5.14992188982e-006
2.58686460855e-009	1.5932507722e-006
2.60739346974e-009	-1.28709461933e-006
2.62792233093e-009	-2.86122576654e-006
2.64845119212e-009	-3.02557168652e-006
2.66898005331e-009	-2.0972790935e-006
2.6895089145e-009	-5.55608835384e-007
2.71003777569e-009	1.20016954952e-006
2.73056663688e-009	2.97876272271e-006
2.75109549808e-009	4.78805350212e-006
2.77162435927e-009	6.6951511144e-006
2.79215322046e-009	8.63884270075e-006
2.81268208165e-009	1.03210632005e-005
2.83321094284e-009	1.12699763122e-005
2.85373980403e-009	1.10590344775e-005
2.87426866522e-009	9.56456096901e-006
2.89479752641e-009	7.10231051926e-006
2.91532638761e-009	4.33849072579e-006
2.9358552488e-009	1.99722057914e-006
2.95638410999e-009	5.27460997546e-007
2.97691297118e-009	-5.62630582124e-008
2.99744183237e-009	-6.17273059333e-008
3.01797069356e-009	1.52844165768e-007
3.03849955475e-009	3.9261612983e-007
3.05902841594e-009	6.59861711938e-007
3.07955727713e-009	1.04815842406e-006
3.10008613833e-009	1.62923049629e-006
3.12061499952e-009	2.41654038291e-006
3.14114386071e-009	3.38479890161e-006
3.1616727219e-009	4.48397895525e-006
3.18220158309e-009	5.61864044357e-006
3.20273044428e-009	6.61942613078e-006
3.22325930547e-009	7.25784684619e-006
3.24378816666e-009	7.3124501796e-006
3.26431702786e-009	6.66943196848e-006
3.28484588905e-009	5.41433564649e-006
3.30537475024e-009	3.84081795346e-006
3.32590361143e-009	2.34936260313e-006
3.34643247262e-009	1.27304099351e-006
3.36696133381e-009	7.40919006148e-007
3.387490195e-009	6.75646560921e-007
3.40801905619e-009	9.17943339118e-007
3.42854791738e-009	1.35949824198e-006
3.44907677858e-009	1.96619112103e-006
3.46960563977e-009	2.6936654649e-006
3.49013450096e-009	3.39681400874e-006
3.51066336215e-009	3.83971610063e-006
3.53119222334e-009	3.82300868296e-006
3.55172108453e-009	3.32910258294e-006
3.57224994572e-009	2.56443786384e-006
3.59277880691e-009	1.85836552191e-006
3.61330766811e-009	1.48985020587e-006
3.6338365293e-009	1.56430132847e-006
3.65436539049e-009	2.01114744414e-006
3.67489425168e-009	2.66909205493e-006
3.69542311287e-009	3.37525762006e-006
3.71595197406e-009	4.00389217248e-006
3.73648083525e-009	4.46092781203e-006
3.75700969644e-009	4.67477730126e-006
3.77753855763e-009	4.59714919998e-006
3.79806741883e-009	4.2086535359e-006
3.81859628002e-009	3.52747156285e-006
3.83912514121e-009	2.61773379862e-006
3.8596540024e-009	1.60091656198e-006
3.88018286359e-009	6.54443397252e-007
3.90071172478e-009	-2.4751864558e-008
3.92124058597e-009	-2.92319100481e-007
3.94176944716e-009	-1.27017358409e-007
3.96229830836e-009	3.51769898543e-007
3.98282716955e-009	9.46716625094e-007
4.00335603074e-009	1.4948406033e-006
4.02388489193e-009	1.95359803001e-006
4.04441375312e-009	2.40450776801e-006
4.06494261431e-009	2.97040901387e-006
4.0854714755e-009	3.69336771655e-006
4.10600033669e-009	4.44501711172e-006
4.12652919788e-009	4.93865400131e-006
4.14705805908e-009	4.87547913508e-006
4.16758692027e-009	4.15310478274e-006
4.18811578146e-009	2.98358190776e-006
4.20864464265e-009	1.79997653049e-006
4.22917350384e-009	9.92199375105e-007
4.24970236503e-009	6.69130599817e-007
4.27023122622e-009	6.32150715774e-007
4.29076008741e-009	5.71754924295e-007
4.31128894861e-009	3.21850819773e-007
4.3318178098e-009	-1.84467268127e-008
4.35234667099e-009	-1.69348751911e-007
4.37287553218e-009	1.16032609299e-007
4.39340439337e-009	8.71447525697e-007
4.41393325456e-009	1.88868227724e-006
4.43446211575e-009	2.83897929876e-006
4.45499097694e-009	3.44818681697e-006
4.47551983813e-009	3.61388242709e-006
4.49604869933e-009	3.41282020599e-006
4.51657756052e-009	3.01978639072e-006
4.53710642171e-009	2.59871740127e-006
4.5576352829e-009	2.22557423513e-006
4.57816414409e-009	1.88403998891e-006
4.59869300528e-009	1.52642996909e-006
4.61922186647e-009	1.14524721084e-006
4.63975072766e-009	7.95662003839e-007
4.66027958886e-009	5.58627505143e-007
4.68080845005e-009	4.93244272093e-007
4.70133731124e-009	6.16431520939e-007
4.72186617243e-009	9.06844491055e-007
4.74239503362e-009	1.30485034333e-006
4.76292389481e-009	1.70565488133e-006
4.783452756e-009	1.97593158191e-006
4.80398161719e-009	2.01095394914e-006
4.82451047838e-009	1.800790983e-006
4.84503933958e-009	1.4475979242e-006
4.86556820077e-009	1.1104184523e-006
4.88609706196e-009	9.17524118904e-007
4.90662592315e-009	9.11224503852e-007
4.92715478434e-009	1.05852006982e-006
4.94768364553e-009	1.29869420107e-006
4.96821250672e-009	1.57436602422e-006
4.98874136791e-009	1.82770111223e-006
5.00927022911e-009	1.99223882191e-006
5.0297990903e-009	2.0141405912e-006
5.05032795149e-009	1.89142258478e-006
5.07085681268e-009	1.68627548192e-006
5.09138567387e-009	1.48578533299e-006
5.11191453506e-009	1.33955120418e-006
5.13244339625e-009	1.22503331568e-006
5.15297225744e-009	1.07023026885e-006
5.17350111863e-009	8.17536147224e-007
5.19402997983e-009	4.83685994368e-007
5.21455884102e-009	1.76118817308e-007
5.23508770221e-009	4.36339391285e-008
5.2556165634e-009	1.82851863428e-007
5.27614542459e-009	5.60913292702e-007
5.29667428578e-009	1.01760713278e-006
5.31720314697e-009	1.36324695177e-006
5.33773200816e-009	1.50705295709e-006
5.35826086936e-009	1.51593906139e-006
5.37878973055e-009	1.54881240633e-006
5.39931859174e-009	1.71458589193e-006
5.41984745293e-009	1.96975884137e-006
5.44037631412e-009	2.13994690057e-006
5.46090517531e-009	2.04937259696e-006
5.4814340365e-009	1.65423875842e-006
5.50196289769e-009	1.07733353616e-006
5.52249175888e-009	5.26553037616e-007
5.54302062008e-009	1.67300129306e-007
5.56354948127e-009	4.13148839584e-008
5.58407834246e-009	7.73768746853e-008
5.60460720365e-009	1.68539258993e-007
5.62513606484e-009	2.52158713465e-007
5.64566492603e-009	3.40210903005e-007
5.66619378722e-009	4.89696958539e-007
5.68672264841e-009	7.44005433262e-007
5.70725150961e-009	1.08675124011e-006
5.7277803708e-009	1.43657518947e-006
5.74830923199e-009	1.68544659118e-006
5.76883809318e-009	1.7548861706e-006
5.78936695437e-009	1.63408424214e-006
5.80989581556e-009	1.3807087953e-006
5.83042467675e-009	1.08709377855e-006
5.85095353794e-009	8.36860579057e-007
5.87148239913e-009	6.74142029311e-007
5.89201126033e-009	5.94182267832e-007
5.91254012152e-009	5.55523911316e-007
5.93306898271e-009	5.10689403654e-007
5.9535978439e-009	4.42827627012e-007
5.97412670509e-009	3.8464560248e-007
5.99465556628e-009	3.98402249857e-007
6.01518442747e-009	5.24305221461e-007
6.03571328866e-009	7.35225853532e-007
6.05624214986e-009	9.37935055845e-007
6.07677101105e-009	1.02851879547e-006
6.09729987224e-009	9.62923309089e-007
6.11782873343e-009	7.90776539361e-007
6.13835759462e-009	6.22542302153e-007
6.15888645581e-009	5.5322203707e-007
6.179415317e-009	5.99918791977e-007
6.19994417819e-009	6.98988401382e-007
6.22047303938e-009	7.64132494169e-007
6.24100190058e-009	7.5565304769e-007
6.26153076177e-009	7.05418415237e-007
6.28205962296e-009	6.8255963015e-007
6.30258848415e-009	7.30325837139e-007
6.32311734534e-009	8.27059977837e-007
6.34364620653e-009	9.02109832168e-007
6.36417506772e-009	8.92306502465e-007
6.38470392891e-009	7.90695992237e-007
6.40523279011e-009	6.4821426804e-007
6.4257616513e-009	5.28676878275e-007
6.44629051249e-009	4.57530632048e-007
6.46681937368e-009	4.11327988559e-007
6.48734823487e-009	3.5278372934e-007
6.50787709606e-009	2.75698994301e-007
6.52840595725e-009	2.17451656681e-007
6.54893481844e-009	2.28261697544e-007
6.56946367963e-009	3.27594932514e-007
6.58999254083e-009	4.84304621295e-007
6.61052140202e-009	6.37052835373e-007
6.63105026321e-009	7.38301821457e-007
6.6515791244e-009	7.8517075508e-007
6.67210798559e-009	8.13470705907e-007
6.69263684678e-009	8.59052306623e-007
6.71316570797e-009	9.19700767099e-007
6.73369456916e-009	9.49707725795e-007
6.75422343036e-009	8.92613456926e-007
6.77475229155e-009	7.26433370346e-007
6.79528115274e-009	4.84680299451e-007
6.81581001393e-009	2.40863727186e-007
6.83633887512e-009	6.88435619622e-008
6.85686773631e-009	6.80217349114e-009
6.8773965975e-009	4.68255407782e-008
6.89792545869e-009	1.49331512489e-007
6.91845431988e-009	2.67613984306e-007
6.93898318108e-009	3.67862071471e-007
6.95951204227e-009	4.37928093788e-007
6.98004090346e-009	4.87637862534e-007
7.00056976465e-009	5.41692145362e-007
7.02109862584e-009	6.22005302375e-007
7.04162748703e-009	7.25194752249e-007
7.06215634822e-009	8.11829636405e-007
7.08268520941e-009	8.2341517782e-007
7.10321407061e-009	7.22820288956e-007
7.1237429318e-009	5.29671069671e-007
7.14427179299e-009	3.19685483419e-007
7.16480065418e-009	1.82877116117e-007
7.18532951537e-009	1.66860175455e-007
7.20585837656e-009	2.46109721047e-007
7.22638723775e-009	3.41274159155e-007
7.24691609894e-009	3.7570541167e-007
7.26744496014e-009	3.29341048655e-007
7.28797382133e-009	2.51068655643e-007
7.30850268252e-009	2.19219373321e-007
7.32903154371e-009	2.8014770237e-007
7.3495604049e-009	4.10586068256e-007
7.37008926609e-009	5.32640967776e-007
7.39061812728e-009	5.69914050175e-007
7.41114698847e-009	5.02526404489e-007
7.43167584966e-009	3.80092757268e-007
7.45220471086e-009	2.82445597577e-007
7.47273357205e-009	2.61175387095e-007
7.49326243324e-009	3.07205283434e-007
7.51379129443e-009	3.67035625004e-007
7.53432015562e-009	3.91064475025e-007
7.55484901681e-009	3.70477664546e-007
7.575377878e-009	3.35855304456e-007
7.59590673919e-009	3.24858035583e-007
7.61643560039e-009	3.49270578681e-007
7.63696446158e-009	3.8913722733e-007
7.65749332277e-009	4.12539236549e-007
7.67802218396e-009	4.00647763854e-007
7.69855104515e-009	3.57593364697e-007
7.71907990634e-009	3.01694797145e-007
7.73960876753e-009	2.49751423098e-007
7.76013762872e-009	2.0846655957e-007
7.78066648991e-009	1.77539845936e-007
7.80119535111e-009	1.57213889906e-007
7.8217242123e-009	1.52161618416e-007
7.84225307349e-009	1.68012519453e-007
7.86278193468e-009	2.04495123057e-007
7.88331079587e-009	2.53738534184e-007
7.90383965706e-009	3.04958405195e-007
7.92436851825e-009	3.51220450057e-007
7.94489737944e-009	3.91554124235e-007
7.96542624064e-009	4.25943028404e-007
7.98595510183e-009	4.48473514325e-007
8.00648396302e-009	4.47649824764e-007
8.02701282421e-009	4.14538391169e-007
8.0475416854e-009	3.52245734803e-007
8.06807054659e-009	2.76761767282e-007
8.08859940778e-009	2.068920395e-007
8.10912826897e-009	1.52037387124e-007
8.12965713016e-009	1.09730542874e-007
8.15018599136e-009	7.57804201612e-008
8.17071485255e-009	5.6159318973e-008
8.19124371374e-009	6.69282513854e-008
8.21177257493e-009	1.18705209218e-007
8.23230143612e-009	2.00399625783e-007
8.25283029731e-009	2.79598253883e-007
8.2733591585e-009	3.23590029438e-007
8.29388801969e-009	3.24348690128e-007
8.31441688089e-009	3.04449656596e-007
8.33494574208e-009	2.97537269489e-007
8.35547460327e-009	3.18277301403e-007
8.37600346446e-009	3.47622062691e-007
8.39653232565e-009	3.47179053506e-007
8.41706118684e-009	2.91972099831e-007
8.43759004803e-009	1.94919820729e-007
8.45811890922e-009	1.01886598713e-007
8.47864777041e-009	5.98382641215e-008
8.49917663161e-009	8.31105992916e-008
8.5197054928e-009	1.43828600585e-007
8.54023435399e-009	1.9387736927e-007
8.56076321518e-009	2.01006869816e-007
8.58129207637e-009	1.70891155449e-007
8.60182093756e-009	1.3978497293e-007
8.62234979875e-009	1.44015018577e-007
8.64287865994e-009	1.90839330116e-007
8.66340752114e-009	2.5287971539e-007
8.68393638233e-009	2.89322713343e-007
8.70446524352e-009	2.7660479418e-007
8.72499410471e-009	2.24194096177e-007
8.7455229659e-009	1.65022953524e-007
8.76605182709e-009	1.30614282057e-007
8.78658068828e-009	1.31518788749e-007
8.80710954947e-009	1.55497474452e-007
8.82763841066e-009	1.80918604542e-007
8.84816727186e-009	1.92391610199e-007
8.86869613305e-009	1.87579104249e-007
8.88922499424e-009	1.7387363016e-007
8.90975385543e-009	1.61270889976e-007
8.93028271662e-009	1.57129122158e-007
8.95081157781e-009	1.64116528367e-007
8.971340439e-009	1.79195978944e-007
8.99186930019e-009	1.92879426208e-007
9.01239816139e-009	1.91668675598e-007
9.03292702258e-009	1.65981873579e-007
9.05345588377e-009	1.19644454344e-007
9.07398474496e-009	7.18856654203e-008
9.09451360615e-009	4.7693703209e-008
9.11504246734e-009	6.11891408653e-008
9.13557132853e-009	1.04738774098e-007
9.15610018972e-009	1.53110846668e-007
9.17662905091e-009	1.80566843255e-007
9.19715791211e-009	1.78852019417e-007
9.2176867733e-009	1.62121480685e-007
9.23821563449e-009	1.54684954623e-007
9.25874449568e-009	1.70802337607e-007
9.27927335687e-009	2.02105084668e-007
9.29980221806e-009	2.23691259293e-007
9.32033107925e-009	2.14003677002e-007
9.34085994044e-009	1.72232333284e-007
9.36138880164e-009	1.19189472514e-007
9.38191766283e-009	8.06908602158e-008
9.40244652402e-009	6.80364493633e-008
9.42297538521e-009	7.19104207292e-008
9.4435042464e-009	7.40326271398e-008
9.46403310759e-009	6.58903474005e-008
9.48456196878e-009	5.67481706071e-008
9.50509082997e-009	6.41777759824e-008
9.52561969116e-009	9.57893391274e-008
9.54614855236e-009	1.39517368325e-007
9.56667741355e-009	1.72082380345e-007
9.58720627474e-009	1.77472330165e-007
9.60773513593e-009	1.59746193162e-007
9.62826399712e-009	1.3845070157e-007
9.64879285831e-009	1.31241876034e-007
9.6693217195e-009	1.39339192629e-007
9.68985058069e-009	1.47649203086e-007
9.71037944189e-009	1.38679993711e-007
9.73090830308e-009	1.08187848014e-007
9.75143716427e-009	6.93044626132e-008
9.77196602546e-009	4.25821973238e-008
9.79249488665e-009	4.07708427019e-008
9.81302374784e-009	6.03300804869e-008
9.83355260903e-009	8.55795221355e-008
9.85408147022e-009	1.01382319428e-007
9.87461033141e-009	1.03203149138e-007
9.89513919261e-009	9.78106626803e-008
9.9156680538e-009	9.56967696197e-008
9.93619691499e-009	1.01940976549e-007
9.95672577618e-009	1.13423439529e-007
9.97725463737e-009	1.22777890965e-007
9.99778349856e-009	1.24201889662e-007
1.00183123598e-008	1.16742420175e-007
1.00388412209e-008	1.02974368588e-007
1.00593700821e-008	8.65365592517e-008
1.00798989433e-008	7.15056245326e-008
1.01004278045e-008	6.28668175295e-008
1.01209566657e-008	6.53644036674e-008
1.01414855269e-008	7.95447903101e-008
1.01620143881e-008	9.85035342183e-008
1.01825432493e-008	1.10147055921e-007
1.02030721105e-008	1.05429563746e-007
1.02236009717e-008	8.63163762688e-008
1.02441298329e-008	6.62373125238e-008
1.0264658694e-008	6.04553207495e-008
1.02851875552e-008	7.32086604671e-008
1.03057164164e-008	9.29057222265e-008
1.03262452776e-008	1.00308049866e-007
1.03467741388e-008	8.37664444475e-008
1.0367303e-008	4.99657524244e-008
1.03878318612e-008	2.05193639857e-008
1.04083607224e-008	1.62956546035e-008
1.04288895836e-008	4.15742036353e-008
1.04494184448e-008	8.03325548304e-008
1.0469947306e-008	1.08213079386e-007
1.04904761672e-008	1.10533385111e-007
1.05110050283e-008	9.22550427163e-008
1.05315338895e-008	7.26834272768e-008
1.05520627507e-008	6.91461821134e-008
1.05725916119e-008	8.34691675777e-008
1.05931204731e-008	1.01688833354e-007
1.06136493343e-008	1.0624964375e-007
1.06341781955e-008	9.02678252146e-008
1.06547070567e-008	6.23340170591e-008
1.06752359179e-008	3.85908265343e-008
1.06957647791e-008	2.9758437492e-008
1.07162936403e-008	3.4206923516e-008
1.07368225014e-008	4.19672900875e-008
1.07573513626e-008	4.49279795589e-008
1.07778802238e-008	4.35250413489e-008
1.0798409085e-008	4.44344365746e-008
1.08189379462e-008	5.28633172792e-008
1.08394668074e-008	6.69935147357e-008
1.08599956686e-008	7.96283785576e-008
1.08805245298e-008	8.45733367782e-008
1.0901053391e-008	8.14625593648e-008
1.09215822522e-008	7.4985557319e-008
1.09421111134e-008	6.96401940559e-008
1.09626399745e-008	6.55671499317e-008
1.09831688357e-008	5.97264744329e-008
1.10036976969e-008	5.00985066765e-008
1.10242265581e-008	3.90779284487e-008
1.10447554193e-008	3.17791055693e-008
1.10652842805e-008	3.14161852089e-008
1.10858131417e-008	3.62595606873e-008
1.11063420029e-008	4.1192805611e-008
1.11268708641e-008	4.2692217761e-008
1.11473997253e-008	4.20956354219e-008
1.11679285865e-008	4.39571934407e-008
1.11884574477e-008	5.12039370903e-008
1.12089863088e-008	6.1442406718e-008
1.122951517e-008	6.83160550352e-008
1.12500440312e-008	6.7076186383e-008
1.12705728924e-008	5.91408664263e-008
1.12911017536e-008	5.08610682459e-008
1.13116306148e-008	4.786996044e-008
1.1332159476e-008	4.97048660009e-008
1.13526883372e-008	5.04253030442e-008
1.13732171984e-008	4.46807142396e-008
1.13937460596e-008	3.37160273034e-008
1.14142749208e-008	2.55350158795e-008
1.14348037819e-008	2.81208247799e-008
1.14553326431e-008	4.1853365218e-008
1.14758615043e-008	5.76665826202e-008
1.14963903655e-008	6.34859915749e-008
1.15169192267e-008	5.41560503109e-008
1.15374480879e-008	3.62199905624e-008
1.15579769491e-008	2.30949197544e-008
1.15785058103e-008	2.42785294091e-008
1.15990346715e-008	3.76662292467e-008
1.16195635327e-008	5.10571354084e-008
1.16400923939e-008	5.200066866e-008
1.1660621255e-008	3.79062292666e-008
1.16811501162e-008	1.82411028504e-008
1.17016789774e-008	6.96297242087e-009
1.17222078386e-008	1.20883498766e-008
1.17427366998e-008	2.98721829495e-008
1.1763265561e-008	4.84621658359e-008
1.17837944222e-008	5.71862273091e-008
1.18043232834e-008	5.37959436997e-008
1.18248521446e-008	4.46139623023e-008
1.18453810058e-008	3.81911391401e-008
1.1865909867e-008	3.84316400925e-008
1.18864387282e-008	4.26065049908e-008
1.19069675893e-008	4.51742110386e-008
1.19274964505e-008	4.27156514604e-008
1.19480253117e-008	3.61407508365e-008
1.19685541729e-008	2.88733854603e-008
1.19890830341e-008	2.34289796452e-008
1.20096118953e-008	2.01209058304e-008
1.20301407565e-008	1.82566335383e-008
1.20506696177e-008	1.80967774099e-008
1.20711984789e-008	2.08712194194e-008
1.20917273401e-008	2.68159432437e-008
1.21122562013e-008	3.37237473502e-008
1.21327850624e-008	3.78820743663e-008
1.21533139236e-008	3.72724322517e-008
1.21738427848e-008	3.38025323288e-008
1.2194371646e-008	3.19802637705e-008
1.22149005072e-008	3.46065824885e-008
1.22354293684e-008	3.95308141776e-008
1.22559582296e-008	4.09350064956e-008
1.22764870908e-008	3.43251684853e-008
1.2297015952e-008	2.12774828867e-008
1.23175448132e-008	9.24660348289e-009
1.23380736744e-008	5.92080873218e-009
1.23586025355e-008	1.29322117459e-008
1.23791313967e-008	2.42612205881e-008
1.23996602579e-008	3.10619228117e-008
1.24201891191e-008	2.89067720871e-008
1.24407179803e-008	2.1273422135e-008
1.24612468415e-008	1.62210973542e-008
1.24817757027e-008	1.93783229463e-008
1.25023045639e-008	2.91422317389e-008
1.25228334251e-008	3.82075739935e-008
1.25433622863e-008	3.99619608515e-008
1.25638911475e-008	3.39380470393e-008
1.25844200087e-008	2.56730761095e-008
1.26049488698e-008	2.16423252652e-008
1.2625477731e-008	2.35644641577e-008
1.26460065922e-008	2.72961990788e-008
1.26665354534e-008	2.7107184053e-008
1.26870643146e-008	2.11963566699e-008
1.27075931758e-008	1.36313547117e-008
1.2728122037e-008	1.07068798272e-008
1.27486508982e-008	1.53346881859e-008
1.27691797594e-008	2.42554367702e-008
1.27897086206e-008	3.05258360811e-008
1.28102374818e-008	2.92829245296e-008
1.28307663429e-008	2.15942144166e-008
1.28512952041e-008	1.34655220307e-008
1.28718240653e-008	1.07903144198e-008
1.28923529265e-008	1.45768410675e-008
1.29128817877e-008	2.06545855974e-008
1.29334106489e-008	2.34834125479e-008
1.29539395101e-008	2.08244479438e-008
1.29744683713e-008	1.50142334121e-008
1.29949972325e-008	1.06429940416e-008
1.30155260937e-008	1.06528208477e-008
1.30360549549e-008	1.43641507577e-008
1.3056583816e-008	1.8926590073e-008
1.30771126772e-008	2.2022426549e-008
1.30976415384e-008	2.33211281397e-008
1.31181703996e-008	2.37094184286e-008
1.31386992608e-008	2.377817232e-008
1.3159228122e-008	2.30523120592e-008
1.31797569832e-008	2.09232489112e-008
1.32002858444e-008	1.79816002088e-008
1.32208147056e-008	1.59407527178e-008
1.32413435668e-008	1.62218576349e-008
1.3261872428e-008	1.81798185395e-008
1.32824012892e-008	1.92076043959e-008
1.33029301503e-008	1.69672240702e-008
1.33234590115e-008	1.19379768293e-008
1.33439878727e-008	7.54212070575e-009
1.33645167339e-008	7.68612995472e-009
1.33850455951e-008	1.30816486532e-008
1.34055744563e-008	2.00516119264e-008
1.34261033175e-008	2.3262533233e-008
1.34466321787e-008	2.01391650023e-008
1.34671610399e-008	1.33340209985e-008
1.34876899011e-008	8.64874660778e-009
1.35082187623e-008	1.02976285277e-008
1.35287476234e-008	1.69036642461e-008
1.35492764846e-008	2.24168132945e-008
1.35698053458e-008	2.12117825527e-008
1.3590334207e-008	1.29375798963e-008
1.36108630682e-008	3.10926218106e-009
1.36313919294e-008	-1.2337277866e-009
1.36519207906e-008	2.76284328748e-009
1.36724496518e-008	1.17302931812e-008
1.3692978513e-008	1.90109794573e-008
1.37135073742e-008	2.00212770807e-008
1.37340362354e-008	1.54776564898e-008
1.37545650965e-008	1.02192050377e-008
1.37750939577e-008	8.78145378636e-009
1.37956228189e-008	1.1775791009e-008
1.38161516801e-008	1.61560897993e-008
1.38366805413e-008	1.82501747048e-008
1.38572094025e-008	1.69372462722e-008
1.38777382637e-008	1.42386200608e-008
1.38982671249e-008	1.28280852607e-008
1.39187959861e-008	1.3510947916e-008
1.39393248473e-008	1.45669112328e-008
1.39598537085e-008	1.3687468936e-008
1.39803825697e-008	1.05755164626e-008
1.40009114308e-008	7.32117655389e-009
1.4021440292e-008	6.58211263271e-009
1.40419691532e-008	9.04677044389e-009
1.40624980144e-008	1.26575852022e-008
1.40830268756e-008	1.44061189644e-008
1.41035557368e-008	1.29572104157e-008
1.4124084598e-008	9.66803970215e-009
1.41446134592e-008	7.08383796066e-009
1.41651423204e-008	6.6572205526e-009
1.41856711816e-008	7.60576668313e-009
1.42062000428e-008	8.04692934508e-009
1.42267289039e-008	7.0831038812e-009
1.42472577651e-008	5.68877922547e-009
1.42677866263e-008	5.6840407936e-009
1.42883154875e-008	7.74528619019e-009
1.43088443487e-008	1.05191109157e-008
1.43293732099e-008	1.18620722134e-008
1.43499020711e-008	1.07902913271e-008
1.43704309323e-008	8.63037996623e-009
1.43909597935e-008	7.82852893622e-009
1.44114886547e-008	9.73430935858e-009
1.44320175159e-008	1.32139481579e-008
1.4452546377e-008	1.53264974045e-008
1.44730752382e-008	1.39917162301e-008
1.44936040994e-008	9.87937465169e-009
1.45141329606e-008	5.97957283688e-009
1.45346618218e-008	5.14639930671e-009
1.4555190683e-008	7.59246887583e-009
1.45757195442e-008	1.06741904204e-008
1.45962484054e-008	1.12172049427e-008
1.46167772666e-008	8.33553404078e-009
1.46373061278e-008	4.4264005794e-009
1.4657834989e-008	3.08626635359e-009
1.46783638502e-008	5.88336401819e-009
1.46988927113e-008	1.08163202839e-008
1.47194215725e-008	1.38656615079e-008
1.47399504337e-008	1.240726899e-008
1.47604792949e-008	7.43164330075e-009
1.47810081561e-008	2.78167999745e-009
1.48015370173e-008	1.91184446052e-009
1.48220658785e-008	5.02922681278e-009
1.48425947397e-008	9.02285179905e-009
1.48631236009e-008	1.02074402264e-008
1.48836524621e-008	7.36385619149e-009
1.49041813233e-008	2.56104382146e-009
1.49247101844e-008	-6.24763352164e-010
1.49452390456e-008	-6.38689101606e-011
1.49657679068e-008	3.47677708845e-009
1.4986296768e-008	7.41179295716e-009
1.50068256292e-008	9.53951229121e-009
1.50273544904e-008	9.57705292848e-009
1.50478833516e-008	8.82587336548e-009
1.50684122128e-008	8.46389003328e-009
1.5088941074e-008	8.57287041356e-009
1.51094699352e-008	8.33312618909e-009
1.51299987964e-008	7.3012684787e-009
1.51505276575e-008	6.20237594617e-009
1.51710565187e-008	6.21485085617e-009
1.51915853799e-008	7.57894724757e-009
1.52121142411e-008	9.06655639454e-009
1.52326431023e-008	9.00808494464e-009
1.52531719635e-008	6.79491307665e-009
1.52737008247e-008	3.73690767219e-009
1.52942296859e-008	2.12596695803e-009
1.53147585471e-008	3.10124503855e-009
1.53352874083e-008	5.72718050762e-009
1.53558162695e-008	7.63272467452e-009
1.53763451307e-008	7.22915061147e-009
1.53968739918e-008	5.05474551105e-009
1.5417402853e-008	3.12218717546e-009
1.54379317142e-008	3.20602167037e-009
1.54584605754e-008	5.00003016768e-009
1.54789894366e-008	6.35786001624e-009
1.54995182978e-008	5.4207105471e-009
1.5520047159e-008	2.32295715996e-009
1.55405760202e-008	-6.80309586443e-010
1.55611048814e-008	-1.10025766276e-009
1.55816337426e-008	1.65336189184e-009
1.56021626038e-008	5.66639357658e-009
1.56226914649e-008	8.07841704642e-009
1.56432203261e-008	7.42790184916e-009
1.56637491873e-008	4.79218353888e-009
1.56842780485e-008	2.80873901914e-009
1.57048069097e-008	3.36039507332e-009
1.57253357709e-008	6.02678751349e-009
1.57458646321e-008	8.58660165193e-009
1.57663934933e-008	8.92006202236e-009
1.57869223545e-008	6.89096602002e-009
1.58074512157e-008	4.30953361885e-009
1.58279800769e-008	3.26461480071e-009
1.5848508938e-008	4.24979518243e-009
1.58690377992e-008	5.83009640565e-009
1.58895666604e-008	6.11947381657e-009
1.59100955216e-008	4.45883596711e-009
1.59306243828e-008	2.0628498909e-009
1.5951153244e-008	9.94966775636e-010
1.59716821052e-008	2.19549356473e-009
1.59922109664e-008	4.71776129274e-009
1.60127398276e-008	6.51398712748e-009
1.60332686888e-008	6.12810957534e-009
1.605379755e-008	3.92752586009e-009
1.60743264112e-008	1.63782232221e-009
1.60948552723e-008	9.07815933537e-010
1.61153841335e-008	1.94081861693e-009
1.61359129947e-008	3.48409590067e-009
1.61564418559e-008	4.02417965617e-009
1.61769707171e-008	3.12133496827e-009
1.61974995783e-008	1.63029811873e-009
1.62180284395e-008	7.20358883655e-010
1.62385573007e-008	8.60314486317e-010
1.62590861619e-008	1.57174184778e-009
1.62796150231e-008	2.09976480647e-009
1.63001438843e-008	2.40741293567e-009
1.63206727454e-008	3.03979774685e-009
1.63412016066e-008	4.42486536301e-009
1.63617304678e-008	6.11810735407e-009
1.6382259329e-008	6.90795687319e-009
1.64027881902e-008	5.98207883229e-009
1.64233170514e-008	3.84858100944e-009
1.64438459126e-008	2.12832773627e-009
1.64643747738e-008	2.28131225022e-009
1.6484903635e-008	4.21296642017e-009
1.65054324962e-008	6.3254792515e-009
1.65259613574e-008	6.73413547148e-009
1.65464902185e-008	4.89661999836e-009
1.65670190797e-008	2.11811101991e-009
1.65875479409e-008	4.00510735687e-010
1.66080768021e-008	7.94421417538e-010
1.66286056633e-008	2.49145193365e-009
1.66491345245e-008	3.63660745961e-009
1.66696633857e-008	3.06318370669e-009
1.66901922469e-008	1.269023997e-009
1.67107211081e-008	-1.70515823683e-011
1.67312499693e-008	5.12465014868e-010
1.67517788305e-008	2.49244336281e-009
1.67723076917e-008	4.1795003014e-009
1.67928365528e-008	3.96241039979e-009
1.6813365414e-008	1.78509829141e-009
1.68338942752e-008	-7.81495090862e-010
1.68544231364e-008	-1.7259806917e-009
1.68749519976e-008	-3.80667053435e-010
1.68954808588e-008	2.16722551016e-009
1.691600972e-008	4.13511536124e-009
1.69365385812e-008	4.34449898279e-009
1.69570674424e-008	3.19564952278e-009
1.69775963036e-008	2.04504901902e-009
1.69981251648e-008	1.85474924308e-009
1.70186540259e-008	2.59277443959e-009
1.70391828871e-008	3.35327521306e-009
1.70597117483e-008	3.45500450472e-009
1.70802406095e-008	3.00530089703e-009
1.71007694707e-008	2.77492917533e-009
1.71212983319e-008	3.32711036499e-009
1.71418271931e-008	4.27797886005e-009
1.71623560543e-008	4.76402561844e-009
1.71828849155e-008	4.01768440739e-009
1.72034137767e-008	2.35301644835e-009
1.72239426379e-008	7.95523646957e-010
1.7244471499e-008	3.44198891611e-010
1.72650003602e-008	1.1684568868e-009
1.72855292214e-008	2.355200035e-009
1.73060580826e-008	2.80248335649e-009
1.73265869438e-008	2.13265982651e-009
1.7347115805e-008	9.06462904737e-010
1.73676446662e-008	1.42093115052e-010
1.73881735274e-008	2.67589783665e-010
1.74087023886e-008	8.71452632278e-010
1.74292312498e-008	1.15662368572e-009
1.7449760111e-008	7.08682668105e-010
1.74702889722e-008	5.25883780966e-011
1.74908178333e-008	-1.85251813889e-012
1.75113466945e-008	8.69261107539e-010
1.75318755557e-008	2.06570538452e-009
1.75524044169e-008	2.59061616603e-009
1.75729332781e-008	1.97005656233e-009
1.75934621393e-008	7.55693729815e-010
1.76139910005e-008	2.09650519167e-010
1.76345198617e-008	1.06890807317e-009
1.76550487229e-008	2.89322565905e-009
1.76755775841e-008	4.32814761808e-009
1.76961064453e-008	4.24412416322e-009
1.77166353064e-008	2.76115619258e-009
1.77371641676e-008	1.13617759645e-009
1.77576930288e-008	6.87344792194e-010
1.777822189e-008	1.76283410092e-009
1.77987507512e-008	3.35707839305e-009
1.78192796124e-008	4.13103995456e-009
1.78398084736e-008	3.45132811219e-009
1.78603373348e-008	1.94334237591e-009
1.7880866196e-008	8.64599059014e-010
1.79013950572e-008	8.72215188963e-010
1.79219239184e-008	1.62558055905e-009
1.79424527795e-008	2.0113217758e-009
1.79629816407e-008	1.33697719562e-009
1.79835105019e-008	-5.03732611179e-011
1.80040393631e-008	-1.0599682243e-009
1.80245682243e-008	-8.87429185692e-010
1.80450970855e-008	2.80396317276e-010
1.80656259467e-008	1.44761225229e-009
1.80861548079e-008	1.6459758001e-009
1.81066836691e-008	7.64485585947e-010
1.81272125303e-008	-3.72254671532e-010
1.81477413915e-008	-8.71553051951e-010
1.81682702527e-008	-4.23779678016e-010
1.81887991138e-008	5.54969403765e-010
1.8209327975e-008	1.38213795964e-009
1.82298568362e-008	1.78230852299e-009
1.82503856974e-008	1.9381283245e-009
1.82709145586e-008	2.20083795632e-009
1.82914434198e-008	2.53149257112e-009
1.8311972281e-008	2.55135534921e-009
1.83325011422e-008	1.97930294377e-009
1.83530300034e-008	1.00555119786e-009
1.83735588646e-008	3.57772200754e-010
1.83940877258e-008	6.27416729682e-010
1.84146165869e-008	1.79570980308e-009
1.84351454481e-008	3.07086622797e-009
1.84556743093e-008	3.51378814933e-009
1.84762031705e-008	2.76525069509e-009
1.84967320317e-008	1.3913217245e-009
1.85172608929e-008	3.54488882692e-010
1.85377897541e-008	2.74454681204e-010
1.85583186153e-008	9.28507493114e-010
1.85788474765e-008	1.53625023813e-009
1.85993763377e-008	1.41906464357e-009
1.86199051989e-008	6.29684304698e-010
1.864043406e-008	-1.12797549079e-010
1.86609629212e-008	-2.40293895892e-010
1.86814917824e-008	2.31413999074e-010
1.87020206436e-008	6.53321063915e-010
1.87225495048e-008	3.70999675425e-010
1.8743078366e-008	-5.8590110541e-010
1.87636072272e-008	-1.5121892627e-009
1.87841360884e-008	-1.50243328889e-009
1.88046649496e-008	-4.24317914138e-010
1.88251938108e-008	1.07106101765e-009
1.8845722672e-008	1.98901073389e-009
1.88662515332e-008	1.7875514402e-009
1.88867803943e-008	8.57509618868e-010
1.89073092555e-008	1.58506985315e-010
1.89278381167e-008	4.11407796719e-010
1.89483669779e-008	1.47433443232e-009
1.89688958391e-008	2.51961429498e-009
1.89894247003e-008	2.75695333229e-009
1.90099535615e-008	2.07287920162e-009
1.90304824227e-008	1.15152265501e-009
1.90510112839e-008	7.63925367409e-010
1.90715401451e-008	1.11789311141e-009
1.90920690063e-008	1.74299730205e-009
1.91125978674e-008	1.91745330724e-009
1.91331267286e-008	1.42901668276e-009
1.91536555898e-008	7.13006542696e-010
1.9174184451e-008	3.89906329445e-010
1.91947133122e-008	7.25423277004e-010
1.92152421734e-008	1.26236177067e-009
1.92357710346e-008	1.38045930242e-009
1.92562998958e-008	7.79855291455e-010
1.9276828757e-008	-1.88393967093e-010
1.92973576182e-008	-8.13770939523e-010
1.93178864794e-008	-7.33267391251e-010
1.93384153405e-008	-1.2404610672e-010
1.93589442017e-008	3.77685105413e-010
1.93794730629e-008	3.7905245609e-010
1.94000019241e-008	-6.61425358928e-011
1.94205307853e-008	-5.43296185818e-010
1.94410596465e-008	-6.25676843669e-010
1.94615885077e-008	-3.89372978304e-010
1.94821173689e-008	-1.32474031744e-010
1.95026462301e-008	-7.1657346723e-011
1.95231750913e-008	-1.76290093634e-011
1.95437039525e-008	4.0646108701e-010
1.95642328137e-008	1.31008937032e-009
1.95847616748e-008	2.35841013385e-009
1.9605290536e-008	2.85540924239e-009
1.96258193972e-008	2.40019559783e-009
1.96463482584e-008	1.30036803547e-009
1.96668771196e-008	2.72324718331e-010
1.96874059808e-008	6.83924028522e-011
1.9707934842e-008	7.44110606465e-010
1.97284637032e-008	1.6933939806e-009
1.97489925644e-008	2.20996998479e-009
1.97695214256e-008	1.90546667334e-009
1.97900502868e-008	1.12786313622e-009
1.98105791479e-008	4.59465354652e-010
1.98311080091e-008	2.48241871503e-010
1.98516368703e-008	3.91620069706e-010
1.98721657315e-008	4.06139566422e-010
1.98926945927e-008	9.98852112133e-011
1.99132234539e-008	-3.98291288839e-010
1.99337523151e-008	-6.31892649317e-010
1.99542811763e-008	-3.22766369187e-010
1.99748100375e-008	2.99155256123e-010
1.99953388987e-008	7.09674541355e-010
2.00158677599e-008	4.56584436925e-010
2.0036396621e-008	-3.75154823873e-010
2.00569254822e-008	-1.25165244835e-009
2.00774543434e-008	-1.58270929695e-009
2.00979832046e-008	-1.15564580128e-009
2.01185120658e-008	-3.78029607617e-010
2.0139040927e-008	2.75104383718e-010
2.01595697882e-008	4.50329995516e-010
2.01800986494e-008	2.81001888425e-010
2.02006275106e-008	2.39160691251e-010
2.02211563718e-008	4.8911363848e-010
2.0241685233e-008	9.98896743098e-010
2.02622140942e-008	1.38758859958e-009
2.02827429553e-008	1.41359879358e-009
2.03032718165e-008	1.27748700507e-009
2.03238006777e-008	1.21595233882e-009
2.03443295389e-008	1.48625256546e-009
2.03648584001e-008	1.89296400777e-009
2.03853872613e-008	1.991131926e-009
2.04059161225e-008	1.52065426917e-009
2.04264449837e-008	6.86996237675e-010
2.04469738449e-008	-8.76854144849e-012
2.04675027061e-008	-1.52027279654e-010
2.04880315673e-008	2.69063438196e-010
2.05085604284e-008	7.86290144106e-010
2.05290892896e-008	8.71279492998e-010
2.05496181508e-008	4.77606398874e-010
2.0570147012e-008	-1.26130661471e-010
2.05906758732e-008	-4.36861546937e-010
2.06112047344e-008	-3.06933589656e-010
2.06317335956e-008	-6.1951166419e-011
2.06522624568e-008	4.55073756456e-011
2.0672791318e-008	-2.53923215787e-010
2.06933201792e-008	-6.22402018813e-010
2.07138490404e-008	-6.83554435277e-010
2.07343779015e-008	-3.54702489602e-010
2.07549067627e-008	1.75378600531e-010
2.07754356239e-008	3.50972584329e-010
2.07959644851e-008	5.41882094751e-011
2.08164933463e-008	-4.54702497876e-010
2.08370222075e-008	-6.77041089858e-010
2.08575510687e-008	-2.71886957393e-010
2.08780799299e-008	5.55800294677e-010
2.08986087911e-008	1.23185084355e-009
2.09191376523e-008	1.3541876509e-009
2.09396665135e-008	9.83794046228e-010
2.09601953747e-008	5.41255262831e-010
2.09807242358e-008	5.00905317224e-010
2.1001253097e-008	9.51027812057e-010
2.10217819582e-008	1.53819090798e-009
2.10423108194e-008	1.81959414203e-009
2.10628396806e-008	1.62973967655e-009
2.10833685418e-008	1.05240505199e-009
2.1103897403e-008	5.21414467158e-010
2.11244262642e-008	1.45506273697e-010
2.11449551254e-008	-1.21366916517e-010
2.11654839866e-008	-3.97417654341e-010
2.11860128478e-008	-8.60614246534e-010
2.12065417089e-008	-1.20187559904e-009
2.12270705701e-008	-1.2270746641e-009
2.12475994313e-008	-8.30544466535e-010
2.12681282925e-008	-2.0147900015e-010
2.12886571537e-008	1.9123391759e-010
2.13091860149e-008	1.68847047455e-010
2.13297148761e-008	-2.64303801067e-010
2.13502437373e-008	-7.97670096642e-010
2.13707725985e-008	-1.07771480629e-009
2.13913014597e-008	-1.02811559266e-009
2.14118303209e-008	-7.25224547082e-010
2.1432359182e-008	-3.57053497879e-010
2.14528880432e-008	3.67719188432e-011
2.14734169044e-008	4.75584460702e-010
2.14939457656e-008	9.77094849475e-010
2.15144746268e-008	1.44531986379e-009
2.1535003488e-008	1.58940549611e-009
2.15555323492e-008	1.3592069692e-009
2.15760612104e-008	8.39373459627e-010
2.15965900716e-008	4.07962302829e-010
2.16171189328e-008	4.62953841929e-010
2.1637647794e-008	9.69355706815e-010
2.16581766552e-008	1.70401037725e-009
2.16787055163e-008	2.21156470914e-009
2.16992343775e-008	2.21212870244e-009
2.17197632387e-008	1.90357396512e-009
2.17402920999e-008	1.54211088343e-009
2.17608209611e-008	1.41444012058e-009
2.17813498223e-008	1.43970524391e-009
2.18018786835e-008	1.25427002118e-009
2.18224075447e-008	6.94763135911e-010
2.18429364059e-008	-2.41754394281e-010
2.18634652671e-008	-1.13020981463e-009
2.18839941283e-008	-1.65114699691e-009
2.19045229894e-008	-1.76652203976e-009
2.19250518506e-008	-1.65179336875e-009
2.19455807118e-008	-1.68053493343e-009
2.1966109573e-008	-1.8021704129e-009
2.19866384342e-008	-1.91001436889e-009
2.20071672954e-008	-1.70039282654e-009
2.20276961566e-008	-1.1480698614e-009
2.20482250178e-008	-6.38836539224e-010
2.2068753879e-008	-4.04565048129e-010
2.20892827402e-008	-6.69297062217e-010
2.21098116014e-008	-1.0991900723e-009
2.21303404625e-008	-1.25266752526e-009
2.21508693237e-008	-9.40746369693e-010
2.21713981849e-008	-2.27319940649e-010
2.21919270461e-008	4.79292827649e-010
2.22124559073e-008	9.29675281203e-010
2.22329847685e-008	1.08111419816e-009
2.22535136297e-008	1.0983851606e-009
2.22740424909e-008	1.2568064367e-009
2.22945713521e-008	1.41301803591e-009
2.23151002133e-008	1.43938527764e-009
2.23356290745e-008	1.15535592204e-009
2.23561579357e-008	6.39295949512e-010
2.23766867968e-008	2.77822209682e-010
2.2397215658e-008	2.96697777458e-010
2.24177445192e-008	7.99953880914e-010
2.24382733804e-008	1.48462664384e-009
2.24588022416e-008	2.00908156778e-009
2.24793311028e-008	2.25328067316e-009
2.2499859964e-008	2.07932648877e-009
2.25203888252e-008	1.70990654969e-009
2.25409176864e-008	1.16838827502e-009
2.25614465476e-008	4.16747969467e-010
2.25819754088e-008	-5.4983428921e-010
2.26025042699e-008	-1.70261904575e-009
2.26230331311e-008	-2.68397570835e-009
2.26435619923e-008	-3.23804005831e-009
2.26640908535e-008	-3.10164627315e-009
2.26846197147e-008	-2.3030417573e-009
2.27051485759e-008	-1.13787512745e-009
2.27256774371e-008	2.27493135441e-010
2.27462062983e-008	1.42400224945e-009
2.27667351595e-008	2.4241233465e-009
2.27872640207e-008	3.0027236253e-009
2.28077928819e-008	2.97840729857e-009
2.2828321743e-008	2.35486541378e-009
2.28488506042e-008	1.23302301702e-009
2.28693794654e-008	1.20539356274e-010
2.28899083266e-008	-4.78179273955e-010
2.29104371878e-008	-2.13321804665e-010
2.2930966049e-008	8.93191631768e-010
2.29514949102e-008	2.2872992389e-009
2.29720237714e-008	3.31972671574e-009
2.29925526326e-008	3.47958284408e-009
2.30130814938e-008	2.57160892581e-009
2.3033610355e-008	9.24058163321e-010
2.30541392162e-008	-1.10453979296e-009
2.30746680773e-008	-2.99828384343e-009
2.30951969385e-008	-4.47188508446e-009
2.31157257997e-008	-5.25701260301e-009
2.31362546609e-008	-5.10613151761e-009
2.31567835221e-008	-4.06328304337e-009
2.31773123833e-008	-2.26206342546e-009
2.31978412445e-008	-3.54017926085e-010
2.32183701057e-008	1.02475850028e-009
2.32388989669e-008	1.27692667551e-009
2.32594278281e-008	1.76483827552e-010
2.32799566893e-008	-1.84323334373e-009
2.33004855504e-008	-4.35342784044e-009
2.33210144116e-008	-6.59875176723e-009
2.33415432728e-008	-8.03620547885e-009
2.3362072134e-008	-8.26072277249e-009
2.33826009952e-008	-6.96864033145e-009
2.34031298564e-008	-4.20626600217e-009
2.34236587176e-008	-3.18179260717e-010
2.34441875788e-008	3.91313514925e-009
2.346471644e-008	7.46392991857e-009
2.34852453012e-008	9.5157774993e-009
2.35057741624e-008	9.72680247457e-009
2.35263030235e-008	8.50911607841e-009
2.35468318847e-008	6.6466760984e-009
2.35673607459e-008	4.95559149272e-009
2.35878896071e-008	4.05657996083e-009
2.36084184683e-008	4.02307698266e-009
2.36289473295e-008	4.84271289736e-009
2.36494761907e-008	6.11931838534e-009
2.36700050519e-008	7.49952189238e-009
2.36905339131e-008	8.48632275563e-009
2.37110627743e-008	8.35132851762e-009
2.37315916355e-008	6.76805633759e-009
2.37521204967e-008	3.58555563018e-009
2.37726493578e-008	-6.83759604492e-010
2.3793178219e-008	-5.04497199572e-009
2.38137070802e-008	-8.53122017475e-009
2.38342359414e-008	-1.02175787831e-008
2.38547648026e-008	-9.84809567228e-009
2.38752936638e-008	-7.60569829339e-009
2.3895822525e-008	-4.12982981146e-009
2.39163513862e-008	-4.81789053097e-010
2.39368802474e-008	2.40467201706e-009
2.39574091086e-008	3.42916539608e-009
2.39779379698e-008	2.18226192672e-009
2.39984668309e-008	-1.25608068391e-009
2.40189956921e-008	-5.94225424422e-009
2.40395245533e-008	-1.04374215937e-008
2.40600534145e-008	-1.34510242944e-008
2.40805822757e-008	-1.39670310872e-008
2.41011111369e-008	-1.20081180555e-008
2.41216399981e-008	-8.14732992183e-009
2.41421688593e-008	-3.25615334695e-009
2.41626977205e-008	1.55185486683e-009
2.41832265817e-008	5.67995428469e-009
2.42037554429e-008	8.62594795592e-009
2.4224284304e-008	1.0015913432e-008
2.42448131652e-008	9.88878312569e-009
2.42653420264e-008	8.16404455151e-009
2.42858708876e-008	5.34848076938e-009
2.43063997488e-008	2.14371187468e-009
2.432692861e-008	-6.42066844136e-010
2.43474574712e-008	-2.1806041417e-009
2.43679863324e-008	-2.3728830012e-009
2.43885151936e-008	-1.38322731047e-009
2.44090440548e-008	-7.63344942811e-012
2.4429572916e-008	7.9554984822e-010
2.44501017772e-008	3.47439410575e-010
2.44706306383e-008	-1.8118875289e-009
2.44911594995e-008	-5.17866105554e-009
2.45116883607e-008	-9.09751385336e-009
2.45322172219e-008	-1.2295537033e-008
2.45527460831e-008	-1.34879121205e-008
2.45732749443e-008	-1.20942909021e-008
2.45938038055e-008	-7.7776389773e-009
2.46143326667e-008	-1.4071319665e-009
2.46348615279e-008	6.15196427134e-009
2.46553903891e-008	1.36853248733e-008
2.46759192503e-008	2.00000744854e-008
2.46964481114e-008	2.43392381805e-008
2.47169769726e-008	2.57634464873e-008
2.47375058338e-008	2.39634729837e-008
2.4758034695e-008	1.88104554155e-008
2.47785635562e-008	1.12370592831e-008
2.47990924174e-008	2.8786089068e-009
2.48196212786e-008	-4.00308231008e-009
2.48401501398e-008	-7.16349823904e-009
2.4860679001e-008	-5.36951905161e-009
2.48812078622e-008	9.11039688134e-010
2.49017367234e-008	1.00253938484e-008
2.49222655845e-008	1.90286630897e-008
2.49427944457e-008	2.51348080127e-008
2.49633233069e-008	2.61389292433e-008
2.49838521681e-008	2.12920081566e-008
2.50043810293e-008	1.12999174462e-008
2.50249098905e-008	-2.11083150958e-009
2.50454387517e-008	-1.64021134452e-008
2.50659676129e-008	-2.89574160206e-008
2.50864964741e-008	-3.78316435956e-008
2.51070253353e-008	-4.16726066987e-008
2.51275541965e-008	-4.08479223779e-008
2.51480830577e-008	-3.6081445387e-008
2.51686119188e-008	-2.96633029251e-008
2.518914078e-008	-2.37615367382e-008
2.52096696412e-008	-2.03588950143e-008
2.52301985024e-008	-2.12804618371e-008
2.52507273636e-008	-2.61089656561e-008
2.52712562248e-008	-3.3416188927e-008
2.5291785086e-008	-3.94942532012e-008
2.53123139472e-008	-4.05446449747e-008
2.53328428084e-008	-3.27028431002e-008
2.53533716696e-008	-1.47332404055e-008
2.53739005308e-008	1.09023456929e-008
2.53944293919e-008	3.94868955311e-008
2.54149582531e-008	6.40548876163e-008
2.54354871143e-008	7.80877229545e-008
2.54560159755e-008	7.79491244884e-008
2.54765448367e-008	6.35166870211e-008
2.54970736979e-008	3.86616711978e-008
2.55176025591e-008	1.03235366922e-008
2.55381314203e-008	-1.42531995095e-008
2.55586602815e-008	-2.87177339686e-008
2.55791891427e-008	-2.93359345704e-008
2.55997180039e-008	-1.59830886304e-008
2.5620246865e-008	7.73361996664e-009
2.56407757262e-008	3.57430280928e-008
2.56613045874e-008	6.05097056905e-008
2.56818334486e-008	7.46842943045e-008
2.57023623098e-008	7.33384482032e-008
2.5722891171e-008	5.50761676266e-008
2.57434200322e-008	2.33008599082e-008
2.57639488934e-008	-1.46813459168e-008
2.57844777546e-008	-4.96037415587e-008
2.58050066158e-008	-7.21045552154e-008
2.5825535477e-008	-7.63077778743e-008
2.58460643382e-008	-6.17174862327e-008
2.58665931993e-008	-3.31563647649e-008
2.58871220605e-008	-6.2352878416e-010
2.59076509217e-008	2.46625724287e-008
2.59281797829e-008	3.40629995321e-008
2.59487086441e-008	2.42469102574e-008
2.59692375053e-008	-1.00312647078e-009
2.59897663665e-008	-3.28696252438e-008
2.60102952277e-008	-5.8413579751e-008
2.60308240889e-008	-6.81404870306e-008
2.60513529501e-008	-5.52259749043e-008
2.60718818113e-008	-2.10343209517e-008
2.60924106724e-008	2.74885891827e-008
2.61129395336e-008	7.82775089192e-008
2.61334683948e-008	1.1783276932e-007
2.6153997256e-008	1.34656829687e-007
2.61745261172e-008	1.21904676575e-007
2.61950549784e-008	7.92620085122e-008
2.62155838396e-008	1.35091342557e-008
2.62361127008e-008	-6.20656877004e-008
2.6256641562e-008	-1.31803190584e-007
2.62771704232e-008	-1.78890388725e-007
2.62976992844e-008	-1.92713045521e-007
2.63182281455e-008	-1.69786460447e-007
2.63387570067e-008	-1.16776668335e-007
2.63592858679e-008	-4.82576254512e-008
2.63798147291e-008	1.63250319929e-008
2.64003435903e-008	5.95657709823e-008
2.64208724515e-008	6.94454485028e-008
2.64414013127e-008	4.56712498931e-008
2.64619301739e-008	-1.64268554315e-009
2.64824590351e-008	-5.57749864072e-008
2.65029878963e-008	-9.62449746567e-008
2.65235167575e-008	-1.09887068334e-007
2.65440456187e-008	-8.98180445574e-008
2.65645744798e-008	-4.08946760899e-008
2.6585103341e-008	2.41401654222e-008
2.66056322022e-008	8.86529463173e-008
2.66261610634e-008	1.38416012874e-007
2.66466899246e-008	1.62339915732e-007
2.66672187858e-008	1.59599267135e-007
2.6687747647e-008	1.3411653299e-007
2.67082765082e-008	9.62580628538e-008
2.67288053694e-008	6.05744432391e-008
2.67493342306e-008	3.98359674136e-008
2.67698630918e-008	4.41940883888e-008
2.67903919529e-008	7.78855451244e-008
2.68109208141e-008	1.35408711799e-007
2.68314496753e-008	2.02475476385e-007
2.68519785365e-008	2.57873608689e-007
2.68725073977e-008	2.80323348534e-007
2.68930362589e-008	2.52821706681e-007
2.69135651201e-008	1.71050047015e-007
2.69340939813e-008	4.42762697617e-008
2.69546228425e-008	-1.05337747414e-007
2.69751517037e-008	-2.47971229328e-007
2.69956805649e-008	-3.55733760671e-007
2.7016209426e-008	-4.09052177019e-007
2.70367382872e-008	-4.02744717576e-007
2.70572671484e-008	-3.45601648633e-007
2.70777960096e-008	-2.5483697641e-007
2.70983248708e-008	-1.53532823788e-007
2.7118853732e-008	-6.20621634084e-008
2.71393825932e-008	4.84949858048e-009
2.71599114544e-008	3.82436127211e-008
2.71804403156e-008	3.62383616448e-008
2.72009691768e-008	3.58564022918e-009
2.7221498038e-008	-4.90612563908e-008
2.72420268992e-008	-1.05595319155e-007
2.72625557603e-008	-1.46921124156e-007
2.72830846215e-008	-1.55714019456e-007
2.73036134827e-008	-1.21603875414e-007
2.73241423439e-008	-4.67647822688e-008
2.73446712051e-008	5.17073175388e-008
2.73652000663e-008	1.47932126993e-007
