% time-domain current integration by openEMS v0.0.35 @Wed Apr 01 23:02:51 2020
% start-coordinates: (0.0675807,-0.0650875,0.0005) m -> [43,30,7]
% stop-coordinates: (0.06858,-0.064135,0.0005) m -> [44,31,7]
% t/s	current
2.2809845768e-013	-0
2.07569596489e-011	2.72479762327e-017
4.128582084e-011	1.91072678513e-012
6.18146820312e-011	2.74301859005e-010
8.23435432224e-011	2.30771535215e-009
1.02872404414e-010	9.21127352171e-009
1.23401265605e-010	3.13203400992e-008
1.43930126796e-010	9.36617823299e-008
1.64458987987e-010	2.46351646638e-007
1.84987849178e-010	5.69342830659e-007
2.05516710369e-010	1.1556702475e-006
2.26045571561e-010	2.05918649954e-006
2.46574432752e-010	3.21708148476e-006
2.67103293943e-010	4.3978652684e-006
2.87632155134e-010	5.24011375092e-006
3.08161016325e-010	5.40000291949e-006
3.28689877517e-010	4.73336604045e-006
3.49218738708e-010	3.38750305673e-006
3.69747599899e-010	1.73401201664e-006
3.9027646109e-010	1.95777559497e-007
4.10805322281e-010	-9.1024600124e-007
4.31334183472e-010	-1.42867247632e-006
4.51863044664e-010	-1.32943659992e-006
4.72391905855e-010	-6.51822006148e-007
4.92920767046e-010	5.10667632625e-007
5.13449628237e-010	1.97858435058e-006
5.33978489428e-010	3.46162323694e-006
5.5450735062e-010	4.60470710095e-006
5.75036211811e-010	5.12085080118e-006
5.95565073002e-010	4.94822870678e-006
6.16093934193e-010	4.31206217399e-006
6.36622795384e-010	3.61944694305e-006
6.57151656575e-010	3.23542690239e-006
6.77680517767e-010	3.2828465919e-006
6.98209378958e-010	3.60161016033e-006
7.18738240149e-010	3.88760736314e-006
7.3926710134e-010	3.90152490581e-006
7.59795962531e-010	3.59757291335e-006
7.80324823722e-010	3.09946631205e-006
8.00853684914e-010	2.57802548731e-006
8.21382546105e-010	2.14483588934e-006
8.41911407296e-010	1.82961036899e-006
8.62440268487e-010	1.6241465346e-006
8.82969129678e-010	1.52574307322e-006
9.0349799087e-010	1.53884616338e-006
9.24026852061e-010	1.6522126316e-006
9.44555713252e-010	1.82247254088e-006
9.65084574443e-010	1.9880005766e-006
9.85613435634e-010	2.0984684852e-006
1.00614229683e-009	2.12819327317e-006
1.02667115802e-009	2.05991227631e-006
1.04720001921e-009	1.86552188097e-006
1.0677288804e-009	1.52583004365e-006
1.08825774159e-009	1.08783888209e-006
1.10878660278e-009	7.04656940798e-007
1.12931546397e-009	6.01525243837e-007
1.14984432516e-009	9.65893605098e-007
1.17037318635e-009	1.8236729602e-006
1.19090204755e-009	2.98181407743e-006
1.21143090874e-009	4.07983270634e-006
1.23195976993e-009	4.72749115943e-006
1.25248863112e-009	4.66042092739e-006
1.27301749231e-009	3.8406906242e-006
1.2935463535e-009	2.46429772233e-006
1.31407521469e-009	8.79392587194e-007
1.33460407588e-009	-5.39302959623e-007
1.35513293708e-009	-1.50552205014e-006
1.37566179827e-009	-1.88565877579e-006
1.39619065946e-009	-1.70069461092e-006
1.41671952065e-009	-1.08056406134e-006
1.43724838184e-009	-2.02573161801e-007
1.45777724303e-009	7.64792957852e-007
1.47830610422e-009	1.6933427105e-006
1.49883496541e-009	2.49707954936e-006
1.5193638266e-009	3.10774066747e-006
1.5398926878e-009	3.45038824889e-006
1.56042154899e-009	3.44977979694e-006
1.58095041018e-009	3.07438494929e-006
1.60147927137e-009	2.38612233261e-006
1.62200813256e-009	1.54971644406e-006
1.64253699375e-009	7.80400114309e-007
1.66306585494e-009	2.52739425832e-007
1.68359471613e-009	2.56997818582e-008
1.70412357733e-009	3.04777785232e-008
1.72465243852e-009	1.26963612956e-007
1.74518129971e-009	1.89069140788e-007
1.7657101609e-009	1.66114347167e-007
1.78623902209e-009	9.28669194877e-008
1.80676788328e-009	5.76604719527e-008
1.82729674447e-009	1.51884790967e-007
1.84782560566e-009	4.18522233758e-007
1.86835446685e-009	8.16690089778e-007
1.88888332805e-009	1.22694268612e-006
1.90941218924e-009	1.50920550368e-006
1.92994105043e-009	1.5834846181e-006
1.95046991162e-009	1.4725312667e-006
1.97099877281e-009	1.27373368741e-006
1.991527634e-009	1.08802635168e-006
2.01205649519e-009	9.61952309808e-007
2.03258535638e-009	8.79852450453e-007
2.05311421758e-009	7.94246034275e-007
2.07364307877e-009	6.66540927341e-007
2.09417193996e-009	4.97637984154e-007
2.11470080115e-009	3.33523701102e-007
2.13522966234e-009	2.38754864768e-007
2.15575852353e-009	2.49005552178e-007
2.17628738472e-009	3.38253954624e-007
2.19681624591e-009	4.32341209944e-007
2.21734510711e-009	4.62424935677e-007
2.2378739683e-009	4.1482570623e-007
2.25840282949e-009	3.34548474257e-007
2.27893169068e-009	2.81695747617e-007
2.29946055187e-009	2.81501087329e-007
2.31998941306e-009	3.13382145123e-007
2.34051827425e-009	3.43023998539e-007
2.36104713544e-009	3.6172457385e-007
2.38157599663e-009	3.95390003405e-007
2.40210485783e-009	4.80884182252e-007
2.42263371902e-009	6.35565129414e-007
2.44316258021e-009	8.41659755224e-007
2.4636914414e-009	1.04786556676e-006
2.48422030259e-009	1.18223783829e-006
2.50474916378e-009	1.17622926155e-006
2.52527802497e-009	9.97442384687e-007
2.54580688616e-009	6.72751184538e-007
2.56633574736e-009	2.82599586399e-007
2.58686460855e-009	-7.51859872139e-008
2.60739346974e-009	-3.28828861029e-007
2.62792233093e-009	-4.54619765833e-007
2.64845119212e-009	-4.68922308983e-007
2.66898005331e-009	-4.01411142548e-007
2.6895089145e-009	-2.7123860491e-007
2.71003777569e-009	-8.07957718507e-008
2.73056663688e-009	1.70696992541e-007
2.75109549808e-009	4.65745017664e-007
2.77162435927e-009	7.55935786856e-007
2.79215322046e-009	9.70415271695e-007
2.81268208165e-009	1.04648563592e-006
2.83321094284e-009	9.65069375525e-007
2.85373980403e-009	7.67365065713e-007
2.87426866522e-009	5.36047423338e-007
2.89479752641e-009	3.49642704123e-007
2.91532638761e-009	2.40353102754e-007
2.9358552488e-009	1.8604282559e-007
2.95638410999e-009	1.39925475651e-007
2.97691297118e-009	7.10608958343e-008
2.99744183237e-009	-1.74485830229e-008
3.01797069356e-009	-1.00957564086e-007
3.03849955475e-009	-1.56833792175e-007
3.05902841594e-009	-1.73988922825e-007
3.07955727713e-009	-1.4645134172e-007
3.10008613833e-009	-6.72926177003e-008
3.12061499952e-009	6.43098587716e-008
3.14114386071e-009	2.3036238872e-007
3.1616727219e-009	3.91949299683e-007
3.18220158309e-009	5.03967442e-007
3.20273044428e-009	5.37228174835e-007
3.22325930547e-009	4.93285369885e-007
3.24378816666e-009	4.04235834139e-007
3.26431702786e-009	3.1601089745e-007
3.28484588905e-009	2.62422872765e-007
3.30537475024e-009	2.45311071012e-007
3.32590361143e-009	2.35653700997e-007
3.34643247262e-009	1.98218401692e-007
3.36696133381e-009	1.21873981129e-007
3.387490195e-009	3.11581374035e-008
3.40801905619e-009	-3.06792742322e-008
3.42854791738e-009	-3.35179421995e-008
3.44907677858e-009	1.79589569882e-008
3.46960563977e-009	8.76807249028e-008
3.49013450096e-009	1.31821323635e-007
3.51066336215e-009	1.24891272435e-007
3.53119222334e-009	7.23902715549e-008
3.55172108453e-009	5.84537396264e-009
3.57224994572e-009	-3.41765158396e-008
3.59277880691e-009	-1.74567755806e-008
3.61330766811e-009	6.07217955917e-008
3.6338365293e-009	1.75214523779e-007
3.65436539049e-009	2.81511660205e-007
3.67489425168e-009	3.3865325122e-007
3.69542311287e-009	3.32465191377e-007
3.71595197406e-009	2.83017953961e-007
3.73648083525e-009	2.29341168279e-007
3.75700969644e-009	2.01988200388e-007
3.77753855763e-009	2.02549003347e-007
3.79806741883e-009	2.04016004091e-007
3.81859628002e-009	1.71041733665e-007
3.83912514121e-009	8.6368487473e-008
3.8596540024e-009	-3.41279147165e-008
3.88018286359e-009	-1.47862309063e-007
3.90071172478e-009	-2.10251499766e-007
3.92124058597e-009	-2.01095787133e-007
3.94176944716e-009	-1.34198316459e-007
3.96229830836e-009	-4.44809415967e-008
3.98282716955e-009	3.66669183904e-008
4.00335603074e-009	9.87457013935e-008
4.02388489193e-009	1.50246279418e-007
4.04441375312e-009	2.01574209768e-007
4.06494261431e-009	2.49718340228e-007
4.0854714755e-009	2.78261495623e-007
4.10600033669e-009	2.72160633585e-007
4.12652919788e-009	2.32778631926e-007
4.14705805908e-009	1.78135110218e-007
4.16758692027e-009	1.28768860463e-007
4.18811578146e-009	9.29322538923e-008
4.20864464265e-009	6.39744683895e-008
4.22917350384e-009	3.02769365135e-008
4.24970236503e-009	-1.25375425597e-008
4.27023122622e-009	-5.71783012049e-008
4.29076008741e-009	-8.94285534514e-008
4.31128894861e-009	-9.74095399897e-008
4.3318178098e-009	-7.91138177192e-008
4.35234667099e-009	-4.32878834999e-008
4.37287553218e-009	-3.07198266825e-009
4.39340439337e-009	3.28803153593e-008
4.41393325456e-009	6.43539479483e-008
4.43446211575e-009	9.53078895805e-008
4.45499097694e-009	1.26081943108e-007
4.47551983813e-009	1.505693632e-007
4.49604869933e-009	1.60815204708e-007
4.51657756052e-009	1.53693420657e-007
4.53710642171e-009	1.32951498699e-007
4.5576352829e-009	1.05390128624e-007
4.57816414409e-009	7.62109806374e-008
4.59869300528e-009	4.79971475897e-008
4.61922186647e-009	2.2923041243e-008
4.63975072766e-009	4.32511093607e-009
4.66027958886e-009	-4.70067673675e-009
4.68080845005e-009	-4.41324754519e-009
4.70133731124e-009	5.0473225599e-010
4.72186617243e-009	3.73455755209e-009
4.74239503362e-009	1.70715708236e-009
4.76292389481e-009	-4.32099866998e-009
4.783452756e-009	-9.95499860323e-009
4.80398161719e-009	-1.10620383964e-008
4.82451047838e-009	-5.56366774873e-009
4.84503933958e-009	7.08416436623e-009
4.86556820077e-009	2.64785047221e-008
4.88609706196e-009	5.09387412251e-008
4.90662592315e-009	7.67278791614e-008
4.92715478434e-009	9.81312240356e-008
4.94768364553e-009	1.09179282504e-007
4.96821250672e-009	1.06408059253e-007
4.98874136791e-009	9.1215653697e-008
5.00927022911e-009	7.04377356442e-008
5.0297990903e-009	5.32672430609e-008
5.05032795149e-009	4.49932286983e-008
5.07085681268e-009	4.20387529232e-008
5.09138567387e-009	3.3251943421e-008
5.11191453506e-009	8.70148486598e-009
5.13244339625e-009	-3.01709306427e-008
5.15297225744e-009	-6.81373251155e-008
5.17350111863e-009	-8.51141521707e-008
5.19402997983e-009	-7.04131863927e-008
5.21455884102e-009	-3.1213968299e-008
5.23508770221e-009	1.20103820223e-008
5.2556165634e-009	3.95986958779e-008
5.27614542459e-009	4.55854305415e-008
5.29667428578e-009	3.97640107508e-008
5.31720314697e-009	3.8304438732e-008
5.33773200816e-009	5.09696214124e-008
5.35826086936e-009	7.45555226445e-008
5.37878973055e-009	9.59948565082e-008
5.39931859174e-009	1.01607938063e-007
5.41984745293e-009	8.58795488057e-008
5.44037631412e-009	5.44802105651e-008
5.46090517531e-009	2.00616270263e-008
5.4814340365e-009	-5.75494363275e-009
5.50196289769e-009	-1.86943580616e-008
5.52249175888e-009	-2.20843361376e-008
5.54302062008e-009	-2.16525890551e-008
5.56354948127e-009	-2.07066079838e-008
5.58407834246e-009	-1.94256806196e-008
5.60460720365e-009	-1.72924643493e-008
5.62513606484e-009	-1.45420786524e-008
5.64566492603e-009	-1.09354072464e-008
5.66619378722e-009	-4.14546619254e-009
5.68672264841e-009	8.92023610533e-009
5.70725150961e-009	2.8594833168e-008
5.7277803708e-009	5.00670260806e-008
5.74830923199e-009	6.50479989872e-008
5.76883809318e-009	6.68643664881e-008
5.78936695437e-009	5.51952084038e-008
5.80989581556e-009	3.6557285199e-008
5.83042467675e-009	1.99606624562e-008
5.85095353794e-009	1.11440039419e-008
5.87148239913e-009	9.83510339836e-009
5.89201126033e-009	1.16767147063e-008
5.91254012152e-009	1.21090995009e-008
5.93306898271e-009	8.96968010977e-009
5.9535978439e-009	2.54443399683e-009
5.97412670509e-009	-5.54005064046e-009
5.99465556628e-009	-1.31339490395e-008
6.01518442747e-009	-1.7929819407e-008
6.03571328866e-009	-1.79290324809e-008
6.05624214986e-009	-1.22224070864e-008
6.07677101105e-009	-1.64005964365e-009
6.09729987224e-009	1.0886530788e-008
6.11782873343e-009	2.12296136226e-008
6.13835759462e-009	2.61079868835e-008
6.15888645581e-009	2.54620680096e-008
6.179415317e-009	2.29880150471e-008
6.19994417819e-009	2.36367618811e-008
6.22047303938e-009	2.94233242215e-008
6.24100190058e-009	3.71574664371e-008
6.26153076177e-009	4.0549728908e-008
6.28205962296e-009	3.52740023857e-008
6.30258848415e-009	2.26790888291e-008
6.32311734534e-009	8.80291839422e-009
6.34364620653e-009	-4.4872017213e-010
6.36417506772e-009	-3.79501940984e-009
6.38470392891e-009	-4.96076779655e-009
6.40523279011e-009	-8.6725755466e-009
6.4257616513e-009	-1.58965427488e-008
6.44629051249e-009	-2.25960565814e-008
6.46681937368e-009	-2.30290417846e-008
6.48734823487e-009	-1.47063410338e-008
6.50787709606e-009	-7.55834506094e-010
6.52840595725e-009	1.22442509465e-008
6.54893481844e-009	1.91857800758e-008
6.56946367963e-009	1.99871035278e-008
6.58999254083e-009	1.90299456193e-008
6.61052140202e-009	2.11036237374e-008
6.63105026321e-009	2.71198885571e-008
6.6515791244e-009	3.32232445999e-008
6.67210798559e-009	3.40228822893e-008
6.69263684678e-009	2.71996540846e-008
6.71316570797e-009	1.56144945862e-008
6.73369456916e-009	4.94118657102e-009
6.75422343036e-009	-7.21981141538e-010
6.77475229155e-009	-1.60077462397e-009
6.79528115274e-009	-1.18013954165e-009
6.81581001393e-009	-2.7768196631e-009
6.83633887512e-009	-6.85098644482e-009
6.85686773631e-009	-1.09974749307e-008
6.8773965975e-009	-1.21373160411e-008
6.89792545869e-009	-8.93831142434e-009
6.91845431988e-009	-2.52669440926e-009
6.93898318108e-009	4.85983298049e-009
6.95951204227e-009	1.16069553968e-008
6.98004090346e-009	1.72074017257e-008
7.00056976465e-009	2.12800248534e-008
7.02109862584e-009	2.27991030499e-008
7.04162748703e-009	2.07590193924e-008
7.06215634822e-009	1.56709489829e-008
7.08268520941e-009	9.95978322038e-009
7.10321407061e-009	6.57374643609e-009
7.1237429318e-009	6.66810118233e-009
7.14427179299e-009	8.57482707062e-009
7.16480065418e-009	9.06113939436e-009
7.18532951537e-009	5.8494586952e-009
7.20585837656e-009	-2.67419864031e-010
7.22638723775e-009	-5.91434989872e-009
7.24691609894e-009	-7.85089149247e-009
7.26744496014e-009	-5.58567592179e-009
7.28797382133e-009	-1.63014934884e-009
7.30850268252e-009	9.45993505752e-010
7.32903154371e-009	1.28082744411e-009
7.3495604049e-009	1.11475983999e-009
7.37008926609e-009	2.70826649995e-009
7.39061812728e-009	6.63799371026e-009
7.41114698847e-009	1.13282085934e-008
7.43167584966e-009	1.46635850129e-008
7.45220471086e-009	1.58946704687e-008
7.47273357205e-009	1.58530575334e-008
7.49326243324e-009	1.57410333657e-008
7.51379129443e-009	1.55949066993e-008
7.53432015562e-009	1.40792835168e-008
7.55484901681e-009	9.9597494696e-009
7.575377878e-009	3.79688769314e-009
7.59590673919e-009	-1.74047321e-009
7.61643560039e-009	-3.54393825397e-009
7.63696446158e-009	-7.43380468293e-010
7.65749332277e-009	4.05069933151e-009
7.67802218396e-009	6.30804297685e-009
7.69855104515e-009	2.97410718275e-009
7.71907990634e-009	-4.78469885934e-009
7.73960876753e-009	-1.19956977684e-008
7.76013762872e-009	-1.33479947095e-008
7.78066648991e-009	-7.06212244239e-009
7.80119535111e-009	3.73178377089e-009
7.8217242123e-009	1.34189175327e-008
7.84225307349e-009	1.77995200801e-008
7.86278193468e-009	1.65165054966e-008
7.88331079587e-009	1.24240813193e-008
7.90383965706e-009	8.87308004849e-009
7.92436851825e-009	7.36201011264e-009
7.94489737944e-009	7.22763182637e-009
7.96542624064e-009	7.18125647836e-009
7.98595510183e-009	6.57637322377e-009
8.00648396302e-009	5.77378678202e-009
8.02701282421e-009	5.34155120135e-009
8.0475416854e-009	5.09993203224e-009
8.06807054659e-009	4.19224921444e-009
8.08859940778e-009	2.00047445276e-009
8.10912826897e-009	-9.9310959456e-010
8.12965713016e-009	-3.28381766224e-009
8.15018599136e-009	-3.42826211863e-009
8.17071485255e-009	-1.21186483071e-009
8.19124371374e-009	2.18303775057e-009
8.21177257493e-009	5.11928854863e-009
8.23230143612e-009	6.73107392046e-009
8.25283029731e-009	7.38311545234e-009
8.2733591585e-009	8.04754130002e-009
8.29388801969e-009	9.15075926144e-009
8.31441688089e-009	9.94851134806e-009
8.33494574208e-009	9.23872534031e-009
8.35547460327e-009	6.71155486742e-009
8.37600346446e-009	3.645699298e-009
8.39653232565e-009	1.88558235692e-009
8.41706118684e-009	2.1389863214e-009
8.43759004803e-009	3.22146265219e-009
8.45811890922e-009	3.29640847951e-009
8.47864777041e-009	1.72371850127e-009
8.49917663161e-009	-2.92923019174e-010
8.5197054928e-009	-9.12900421923e-010
8.54023435399e-009	4.61447324795e-010
8.56076321518e-009	2.5973303508e-009
8.58129207637e-009	3.53645512874e-009
8.60182093756e-009	2.47242892826e-009
8.62234979875e-009	5.81265258148e-010
8.64287865994e-009	1.56700430409e-010
8.66340752114e-009	2.5863617914e-009
8.68393638233e-009	7.13344849856e-009
8.70446524352e-009	1.13210116837e-008
8.72499410471e-009	1.2890088108e-008
8.7455229659e-009	1.14533484918e-008
8.76605182709e-009	8.57427373546e-009
8.78658068828e-009	6.2796674527e-009
8.80710954947e-009	5.32780752849e-009
8.82763841066e-009	4.91324758656e-009
8.84816727186e-009	3.78651643373e-009
8.86869613305e-009	1.72822689493e-009
8.88922499424e-009	-1.14707243704e-010
8.90975385543e-009	-2.94775315268e-010
8.93028271662e-009	1.48492496077e-009
8.95081157781e-009	3.76846287509e-009
8.971340439e-009	4.44859526993e-009
8.99186930019e-009	2.55178056463e-009
9.01239816139e-009	-8.02380384357e-010
9.03292702258e-009	-3.15616666136e-009
9.05345588377e-009	-2.66740896038e-009
9.07398474496e-009	5.18874720967e-010
9.09451360615e-009	4.54587212317e-009
9.11504246734e-009	7.39427719054e-009
9.13557132853e-009	8.27030088857e-009
9.15610018972e-009	7.88148568631e-009
9.17662905091e-009	7.38788497046e-009
9.19715791211e-009	7.20462978165e-009
9.2176867733e-009	6.76730627092e-009
9.23821563449e-009	5.34481570114e-009
9.25874449568e-009	2.97514812786e-009
9.27927335687e-009	7.43363592903e-010
9.29980221806e-009	-3.68221009239e-011
9.32033107925e-009	1.15381304511e-009
9.34085994044e-009	3.58212459695e-009
9.36138880164e-009	5.78478376312e-009
9.38191766283e-009	6.57251497671e-009
9.40244652402e-009	5.70772318298e-009
9.42297538521e-009	3.89542531565e-009
9.4435042464e-009	2.16666684594e-009
9.46403310759e-009	1.15988552096e-009
9.48456196878e-009	9.80875380918e-010
9.50509082997e-009	1.56689305975e-009
9.52561969116e-009	3.00245650564e-009
9.54614855236e-009	5.30425436907e-009
9.56667741355e-009	7.85310483309e-009
9.58720627474e-009	9.378531729e-009
9.60773513593e-009	8.68441496493e-009
9.62826399712e-009	5.64065461006e-009
9.64879285831e-009	1.54797419327e-009
9.6693217195e-009	-1.5504703077e-009
9.68985058069e-009	-2.13066231325e-009
9.71037944189e-009	-2.56738630355e-010
9.73090830308e-009	2.53716514464e-009
9.75143716427e-009	4.39970904154e-009
9.77196602546e-009	4.47805614812e-009
9.79249488665e-009	3.39381767134e-009
9.81302374784e-009	2.47107956319e-009
9.83355260903e-009	2.45515918706e-009
9.85408147022e-009	2.97979751984e-009
9.87461033141e-009	3.13208570191e-009
9.89513919261e-009	2.60285992759e-009
9.9156680538e-009	2.14271178578e-009
9.93619691499e-009	2.78821943311e-009
9.95672577618e-009	4.74182959564e-009
9.97725463737e-009	6.98714108793e-009
9.99778349856e-009	8.09980083005e-009
1.00183123598e-008	7.43931227731e-009
1.00388412209e-008	5.72031577661e-009
1.00593700821e-008	4.35459712733e-009
1.00798989433e-008	4.17308321232e-009
1.01004278045e-008	4.77776218588e-009
1.01209566657e-008	4.91622387244e-009
1.01414855269e-008	3.74789310698e-009
1.01620143881e-008	1.70002678601e-009
1.01825432493e-008	1.89358306812e-010
1.02030721105e-008	4.18423962145e-010
1.02236009717e-008	2.28058505414e-009
1.02441298329e-008	4.40215330855e-009
1.0264658694e-008	5.24647880695e-009
1.02851875552e-008	4.26918767005e-009
1.03057164164e-008	2.2278441314e-009
1.03262452776e-008	4.91938489944e-010
1.03467741388e-008	3.79803966055e-011
1.0367303e-008	8.54640358483e-010
1.03878318612e-008	2.20505746995e-009
1.04083607224e-008	3.43278117043e-009
1.04288895836e-008	4.41122960382e-009
1.04494184448e-008	5.38679145734e-009
1.0469947306e-008	6.38180530643e-009
1.04904761672e-008	6.90462842456e-009
1.05110050283e-008	6.28154728233e-009
1.05315338895e-008	4.36836833373e-009
1.05520627507e-008	1.93808991078e-009
1.05725916119e-008	2.84149814789e-010
1.05931204731e-008	3.4539660021e-010
1.06136493343e-008	2.00408845075e-009
1.06341781955e-008	4.25088142464e-009
1.06547070567e-008	5.96203220127e-009
1.06752359179e-008	6.56899867835e-009
1.06957647791e-008	6.17397422076e-009
1.07162936403e-008	5.17006704115e-009
1.07368225014e-008	3.88847709587e-009
1.07573513626e-008	2.54458143445e-009
1.07778802238e-008	1.46293199776e-009
1.0798409085e-008	1.0972606157e-009
1.08189379462e-008	1.82202164467e-009
1.08394668074e-008	3.56828566694e-009
1.08599956686e-008	5.69944802464e-009
1.08805245298e-008	7.1446377703e-009
1.0901053391e-008	6.99703184281e-009
1.09215822522e-008	5.15570874882e-009
1.09421111134e-008	2.47172238232e-009
1.09626399745e-008	2.4381519026e-010
1.09831688357e-008	-5.93606164223e-010
1.10036976969e-008	-4.17865742008e-011
1.10242265581e-008	1.16710552334e-009
1.10447554193e-008	2.27132712638e-009
1.10652842805e-008	3.01679126125e-009
1.10858131417e-008	3.65106433975e-009
1.11063420029e-008	4.4233057217e-009
1.11268708641e-008	5.08901765173e-009
1.11473997253e-008	5.06452391136e-009
1.11679285865e-008	4.03157596196e-009
1.11884574477e-008	2.44439335439e-009
1.12089863088e-008	1.38434264052e-009
1.122951517e-008	1.79831882718e-009
1.12500440312e-008	3.66492436399e-009
1.12705728924e-008	5.91467230748e-009
1.12911017536e-008	7.23960669191e-009
1.13116306148e-008	7.0370491656e-009
1.1332159476e-008	5.78122127948e-009
1.13526883372e-008	4.43643610737e-009
1.13732171984e-008	3.61470808841e-009
1.13937460596e-008	3.23399662605e-009
1.14142749208e-008	2.83568590831e-009
1.14348037819e-008	2.20965556963e-009
1.14553326431e-008	1.68792047006e-009
1.14758615043e-008	1.79889070306e-009
1.14963903655e-008	2.73440869947e-009
1.15169192267e-008	4.01481603518e-009
1.15374480879e-008	4.79293893463e-009
1.15579769491e-008	4.50822668085e-009
1.15785058103e-008	3.37047412202e-009
1.15990346715e-008	2.18134021956e-009
1.16195635327e-008	1.65972746657e-009
1.16400923939e-008	1.91086146906e-009
1.1660621255e-008	2.42536746242e-009
1.16811501162e-008	2.67527866527e-009
1.17016789774e-008	2.62635069248e-009
1.17222078386e-008	2.73890243818e-009
1.17427366998e-008	3.41862982367e-009
1.1763265561e-008	4.52541293328e-009
1.17837944222e-008	5.37659250455e-009
1.18043232834e-008	5.32476018833e-009
1.18248521446e-008	4.32529745353e-009
1.18453810058e-008	2.96897839647e-009
1.1865909867e-008	2.02689176554e-009
1.18864387282e-008	1.91837035146e-009
1.19069675893e-008	2.56607268767e-009
1.19274964505e-008	3.54262663649e-009
1.19480253117e-008	4.52083703806e-009
1.19685541729e-008	5.33576161033e-009
1.19890830341e-008	5.93463944654e-009
1.20096118953e-008	6.15387341085e-009
1.20301407565e-008	5.67001912088e-009
1.20506696177e-008	4.32251301419e-009
1.20711984789e-008	2.44929676541e-009
1.20917273401e-008	8.89939233417e-010
1.21122562013e-008	4.90600116088e-010
1.21327850624e-008	1.54555923615e-009
1.21533139236e-008	3.50635787072e-009
1.21738427848e-008	5.34960875598e-009
1.2194371646e-008	6.1296754339e-009
1.22149005072e-008	5.55222445797e-009
1.22354293684e-008	3.99322885869e-009
1.22559582296e-008	2.20792628625e-009
1.22764870908e-008	8.85762574399e-010
1.2297015952e-008	3.40092176643e-010
1.23175448132e-008	5.24550625158e-010
1.23380736744e-008	1.27259447424e-009
1.23586025355e-008	2.46344367127e-009
1.23791313967e-008	3.93072685512e-009
1.23996602579e-008	5.30562926926e-009
1.24201891191e-008	6.01562177849e-009
1.24407179803e-008	5.61054935844e-009
1.24612468415e-008	4.17223056104e-009
1.24817757027e-008	2.40575381838e-009
1.25023045639e-008	1.28151556034e-009
1.25228334251e-008	1.42794664981e-009
1.25433622863e-008	2.74071165762e-009
1.25638911475e-008	4.50269199703e-009
1.25844200087e-008	5.86856696572e-009
1.26049488698e-008	6.34965946489e-009
1.2625477731e-008	6.02194027977e-009
1.26460065922e-008	5.29257171422e-009
1.26665354534e-008	4.46260894904e-009
1.26870643146e-008	3.57586671385e-009
1.27075931758e-008	2.59765231547e-009
1.2728122037e-008	1.75011827253e-009
1.27486508982e-008	1.45387768491e-009
1.27691797594e-008	2.00215066748e-009
1.27897086206e-008	3.19667181614e-009
1.28102374818e-008	4.35418456846e-009
1.28307663429e-008	4.78797046455e-009
1.28512952041e-008	4.30141433583e-009
1.28718240653e-008	3.29981508784e-009
1.28923529265e-008	2.4211066485e-009
1.29128817877e-008	2.06391015389e-009
1.29334106489e-008	2.14591944214e-009
1.29539395101e-008	2.32525132482e-009
1.29744683713e-008	2.41089170849e-009
1.29949972325e-008	2.5077686594e-009
1.30155260937e-008	2.91227886251e-009
1.30360549549e-008	3.69289754332e-009
1.3056583816e-008	4.54626114532e-009
1.30771126772e-008	4.98213470479e-009
1.30976415384e-008	4.6707739898e-009
1.31181703996e-008	3.79581166499e-009
1.31386992608e-008	2.91210078274e-009
1.3159228122e-008	2.50477483199e-009
1.31797569832e-008	2.67344502092e-009
1.32002858444e-008	3.13014836273e-009
1.32208147056e-008	3.59128971006e-009
1.32413435668e-008	4.01382793669e-009
1.3261872428e-008	4.51883686026e-009
1.32824012892e-008	5.13912690181e-009
1.33029301503e-008	5.6147775318e-009
1.33234590115e-008	5.53661294589e-009
1.33439878727e-008	4.6945585197e-009
1.33645167339e-008	3.3301166269e-009
1.33850455951e-008	2.03054462133e-009
1.34055744563e-008	1.44311451677e-009
1.34261033175e-008	1.77946923863e-009
1.34466321787e-008	2.74836065017e-009
1.34671610399e-008	3.78895137487e-009
1.34876899011e-008	4.4316892378e-009
1.35082187623e-008	4.52254278471e-009
1.35287476234e-008	4.14343093169e-009
1.35492764846e-008	3.46641981785e-009
1.35698053458e-008	2.59627963572e-009
1.3590334207e-008	1.68751435048e-009
1.36108630682e-008	9.9854724489e-010
1.36313919294e-008	9.01292818156e-010
1.36519207906e-008	1.61012891908e-009
1.36724496518e-008	3.02467650926e-009
1.3692978513e-008	4.66168348368e-009
1.37135073742e-008	5.84328851971e-009
1.37340362354e-008	6.03880856431e-009
1.37545650965e-008	5.17785903043e-009
1.37750939577e-008	3.67937125212e-009
1.37956228189e-008	2.29496843751e-009
1.38161516801e-008	1.65617197734e-009
1.38366805413e-008	1.94319604852e-009
1.38572094025e-008	2.90758617183e-009
1.38777382637e-008	4.08498124216e-009
1.38982671249e-008	5.1103175025e-009
1.39187959861e-008	5.76440006839e-009
1.39393248473e-008	5.90634741116e-009
1.39598537085e-008	5.42759837074e-009
1.39803825697e-008	4.35231495288e-009
1.40009114308e-008	2.96035329583e-009
1.4021440292e-008	1.7588610568e-009
1.40419691532e-008	1.2761460777e-009
1.40624980144e-008	1.74270753384e-009
1.40830268756e-008	2.91477952885e-009
1.41035557368e-008	4.17223011695e-009
1.4124084598e-008	4.87610218869e-009
1.41446134592e-008	4.75900918673e-009
1.41651423204e-008	3.99945410123e-009
1.41856711816e-008	3.04136094087e-009
1.42062000428e-008	2.2676385214e-009
1.42267289039e-008	1.80348480594e-009
1.42472577651e-008	1.64554458948e-009
1.42677866263e-008	1.77550640856e-009
1.42883154875e-008	2.26936869296e-009
1.43088443487e-008	3.11891046323e-009
1.43293732099e-008	4.08558342713e-009
1.43499020711e-008	4.77910777619e-009
1.43704309323e-008	4.87037299379e-009
1.43909597935e-008	4.38103242573e-009
1.44114886547e-008	3.62759378092e-009
1.44320175159e-008	3.06612868428e-009
1.4452546377e-008	2.92386603817e-009
1.44730752382e-008	3.13450465583e-009
1.44936040994e-008	3.42243700047e-009
1.45141329606e-008	3.62055940784e-009
1.45346618218e-008	3.79479914159e-009
1.4555190683e-008	4.12603196054e-009
1.45757195442e-008	4.62935823009e-009
1.45962484054e-008	5.03203434477e-009
1.46167772666e-008	4.99190955239e-009
1.46373061278e-008	4.36336922149e-009
1.4657834989e-008	3.3940330546e-009
1.46783638502e-008	2.5614950161e-009
1.46988927113e-008	2.20750684399e-009
1.47194215725e-008	2.37044517348e-009
1.47399504337e-008	2.83010126445e-009
1.47604792949e-008	3.30571192642e-009
1.47810081561e-008	3.66324592882e-009
1.48015370173e-008	3.90701426767e-009
1.48220658785e-008	4.01491284663e-009
1.48425947397e-008	3.87771903476e-009
1.48631236009e-008	3.41592376607e-009
1.48836524621e-008	2.62674859641e-009
1.49041813233e-008	1.76126746521e-009
1.49247101844e-008	1.247817627e-009
1.49452390456e-008	1.43900136251e-009
1.49657679068e-008	2.38013875276e-009
1.4986296768e-008	3.70587649456e-009
1.50068256292e-008	4.87530060767e-009
1.50273544904e-008	5.4368975988e-009
1.50478833516e-008	5.25499022075e-009
1.50684122128e-008	4.50117632056e-009
1.5088941074e-008	3.52019657868e-009
1.51094699352e-008	2.68921707125e-009
1.51299987964e-008	2.28626584331e-009
1.51505276575e-008	2.41689290803e-009
1.51710565187e-008	3.05109537635e-009
1.51915853799e-008	4.000179743e-009
1.52121142411e-008	4.96997865085e-009
1.52326431023e-008	5.62400437332e-009
1.52531719635e-008	5.65127233898e-009
1.52737008247e-008	4.9399813129e-009
1.52942296859e-008	3.69760888574e-009
1.53147585471e-008	2.38992026169e-009
1.53352874083e-008	1.553841944e-009
1.53558162695e-008	1.51080659094e-009
1.53763451307e-008	2.19641815846e-009
1.53968739918e-008	3.24921956008e-009
1.5417402853e-008	4.19494350368e-009
1.54379317142e-008	4.70432626187e-009
1.54584605754e-008	4.65782168391e-009
1.54789894366e-008	4.12724521226e-009
1.54995182978e-008	3.28662053128e-009
1.5520047159e-008	2.36013919519e-009
1.55405760202e-008	1.62422064687e-009
1.55611048814e-008	1.340548339e-009
1.55816337426e-008	1.68525993161e-009
1.56021626038e-008	2.59789834089e-009
1.56226914649e-008	3.77281983432e-009
1.56432203261e-008	4.71891681286e-009
1.56637491873e-008	5.03399366636e-009
1.56842780485e-008	4.67098493218e-009
1.57048069097e-008	3.93119536923e-009
1.57253357709e-008	3.24553717235e-009
1.57458646321e-008	2.87793811005e-009
1.57663934933e-008	2.86129786531e-009
1.57869223545e-008	3.08641801006e-009
1.58074512157e-008	3.44740280767e-009
1.58279800769e-008	3.90590848554e-009
1.5848508938e-008	4.41958336594e-009
1.58690377992e-008	4.84713202908e-009
1.58895666604e-008	4.98166485841e-009
1.59100955216e-008	4.6696628786e-009
1.59306243828e-008	3.969126805e-009
1.5951153244e-008	3.15997894518e-009
1.59716821052e-008	2.58683297005e-009
1.59922109664e-008	2.43354980611e-009
1.60127398276e-008	2.63211363816e-009
1.60332686888e-008	2.95480195867e-009
1.605379755e-008	3.22047322143e-009
1.60743264112e-008	3.43081030252e-009
1.60948552723e-008	3.63355923128e-009
1.61153841335e-008	3.82694098633e-009
1.61359129947e-008	3.85518017509e-009
1.61564418559e-008	3.57445495425e-009
1.61769707171e-008	2.99669333792e-009
1.61974995783e-008	2.35990160746e-009
1.62180284395e-008	1.96961269516e-009
1.62385573007e-008	2.03705186053e-009
1.62590861619e-008	2.5456081687e-009
1.62796150231e-008	3.28749272249e-009
1.63001438843e-008	4.00974542458e-009
1.63206727454e-008	4.48573489464e-009
1.63412016066e-008	4.64406779699e-009
1.63617304678e-008	4.49409220948e-009
1.6382259329e-008	4.08320488532e-009
1.64027881902e-008	3.51425866185e-009
1.64233170514e-008	2.9432003501e-009
1.64438459126e-008	2.59894017418e-009
1.64643747738e-008	2.70075561914e-009
1.6484903635e-008	3.2838149977e-009
1.65054324962e-008	4.17797174634e-009
1.65259613574e-008	5.01995600644e-009
1.65464902185e-008	5.42125011549e-009
1.65670190797e-008	5.18795317817e-009
1.65875479409e-008	4.36634772782e-009
1.66080768021e-008	3.26951621332e-009
1.66286056633e-008	2.29173924282e-009
1.66491345245e-008	1.7810117825e-009
1.66696633857e-008	1.86467041807e-009
1.66901922469e-008	2.45269449195e-009
1.67107211081e-008	3.2788454174e-009
1.67312499693e-008	4.03951405659e-009
1.67517788305e-008	4.50381199002e-009
1.67723076917e-008	4.50931603169e-009
1.67928365528e-008	4.03000033344e-009
1.6813365414e-008	3.1820914792e-009
1.68338942752e-008	2.25510654595e-009
1.68544231364e-008	1.62811120141e-009
1.68749519976e-008	1.58495505609e-009
1.68954808588e-008	2.17967066618e-009
1.691600972e-008	3.18622683793e-009
1.69365385812e-008	4.20777723775e-009
1.69570674424e-008	4.86472462313e-009
1.69775963036e-008	4.94256369166e-009
1.69981251648e-008	4.50334480817e-009
1.70186540259e-008	3.7955354415e-009
1.70391828871e-008	3.11447201362e-009
1.70597117483e-008	2.67557487277e-009
1.70802406095e-008	2.58573518153e-009
1.71007694707e-008	2.8642697103e-009
1.71212983319e-008	3.46425244047e-009
1.71418271931e-008	4.22226387187e-009
1.71623560543e-008	4.87163331897e-009
1.71828849155e-008	5.1295172554e-009
1.72034137767e-008	4.84895101849e-009
1.72239426379e-008	4.13764000839e-009
1.7244471499e-008	3.31710436896e-009
1.72650003602e-008	2.70519207035e-009
1.72855292214e-008	2.46225062561e-009
1.73060580826e-008	2.55745513655e-009
1.73265869438e-008	2.82870482593e-009
1.7347115805e-008	3.14626036335e-009
1.73676446662e-008	3.44684303322e-009
1.73881735274e-008	3.69651953491e-009
1.74087023886e-008	3.8428780158e-009
1.74292312498e-008	3.77683528896e-009
1.7449760111e-008	3.45314021821e-009
1.74702889722e-008	2.94941382428e-009
1.74908178333e-008	2.47909226481e-009
1.75113466945e-008	2.27856511437e-009
1.75318755557e-008	2.45338238614e-009
1.75524044169e-008	2.88547941096e-009
1.75729332781e-008	3.38760286489e-009
1.75934621393e-008	3.8142244918e-009
1.76139910005e-008	4.11406242407e-009
1.76345198617e-008	4.277207033e-009
1.76550487229e-008	4.28927249274e-009
1.76755775841e-008	4.11249523324e-009
1.76961064453e-008	3.74346686982e-009
1.77166353064e-008	3.28089311274e-009
1.77371641676e-008	2.91526291996e-009
1.77576930288e-008	2.84034040732e-009
1.777822189e-008	3.13204173708e-009
1.77987507512e-008	3.71114206033e-009
1.78192796124e-008	4.33294822244e-009
1.78398084736e-008	4.75404782208e-009
1.78603373348e-008	4.80650363954e-009
1.7880866196e-008	4.46967129974e-009
1.79013950572e-008	3.8606127184e-009
1.79219239184e-008	3.15172954402e-009
1.79424527795e-008	2.54247511933e-009
1.79629816407e-008	2.20969109677e-009
1.79835105019e-008	2.24958274231e-009
1.80040393631e-008	2.68388133939e-009
1.80245682243e-008	3.34679683966e-009
1.80450970855e-008	3.99060695599e-009
1.80656259467e-008	4.35389768683e-009
1.80861548079e-008	4.25532720172e-009
1.81066836691e-008	3.72311403929e-009
1.81272125303e-008	2.92652435618e-009
1.81477413915e-008	2.1845716347e-009
1.81682702527e-008	1.81907411356e-009
1.81887991138e-008	1.99340099982e-009
1.8209327975e-008	2.64479060874e-009
1.82298568362e-008	3.53979090484e-009
1.82503856974e-008	4.34206137712e-009
1.82709145586e-008	4.80273021353e-009
1.82914434198e-008	4.82540940538e-009
1.8311972281e-008	4.42744552132e-009
1.83325011422e-008	3.77659370443e-009
1.83530300034e-008	3.08694070306e-009
1.83735588646e-008	2.60015076137e-009
1.83940877258e-008	2.50703924287e-009
1.84146165869e-008	2.87981816172e-009
1.84351454481e-008	3.58553520208e-009
1.84556743093e-008	4.38077663034e-009
1.84762031705e-008	4.92475660252e-009
1.84967320317e-008	4.97541474687e-009
1.85172608929e-008	4.53181359106e-009
1.85377897541e-008	3.7601197711e-009
1.85583186153e-008	2.99972446882e-009
1.85788474765e-008	2.50764586873e-009
1.85993763377e-008	2.37905606326e-009
1.86199051989e-008	2.56510168661e-009
1.864043406e-008	2.96431057478e-009
1.86609629212e-008	3.44570283417e-009
1.86814917824e-008	3.87042886629e-009
1.87020206436e-008	4.08055234047e-009
1.87225495048e-008	3.96747878995e-009
1.8743078366e-008	3.56010576574e-009
1.87636072272e-008	3.00061331338e-009
1.87841360884e-008	2.5200828091e-009
1.88046649496e-008	2.31245711468e-009
1.88251938108e-008	2.4496940032e-009
1.8845722672e-008	2.83095835663e-009
1.88662515332e-008	3.31536531561e-009
1.88867803943e-008	3.74149244919e-009
1.89073092555e-008	4.05328259845e-009
1.89278381167e-008	4.22734203198e-009
1.89483669779e-008	4.23809343175e-009
1.89688958391e-008	4.07373379474e-009
1.89894247003e-008	3.72772168689e-009
1.90099535615e-008	3.33507066408e-009
1.90304824227e-008	3.05978931081e-009
1.90510112839e-008	3.03087044351e-009
1.90715401451e-008	3.27260085697e-009
1.90920690063e-008	3.65151375803e-009
1.91125978674e-008	4.01812583206e-009
1.91331267286e-008	4.25827639816e-009
1.91536555898e-008	4.30669366835e-009
1.9174184451e-008	4.18021084414e-009
1.91947133122e-008	3.88513488048e-009
1.92152421734e-008	3.46159123588e-009
1.92357710346e-008	3.00060487568e-009
1.92562998958e-008	2.62425969844e-009
1.9276828757e-008	2.46864928499e-009
1.92973576182e-008	2.61811372582e-009
1.93178864794e-008	3.04681946339e-009
1.93384153405e-008	3.59815555129e-009
1.93589442017e-008	4.03100886004e-009
1.93794730629e-008	4.15923739894e-009
1.94000019241e-008	3.92086496603e-009
1.94205307853e-008	3.4172291663e-009
1.94410596465e-008	2.83018430913e-009
1.94615885077e-008	2.37320252339e-009
1.94821173689e-008	2.22790941251e-009
1.95026462301e-008	2.44806308558e-009
1.95231750913e-008	3.00219848981e-009
1.95437039525e-008	3.69138697387e-009
1.95642328137e-008	4.31428448522e-009
1.95847616748e-008	4.67399985382e-009
1.9605290536e-008	4.64672478273e-009
1.96258193972e-008	4.27475033149e-009
1.96463482584e-008	3.66635832805e-009
1.96668771196e-008	3.05117020538e-009
1.96874059808e-008	2.68033639728e-009
1.9707934842e-008	2.69746358583e-009
1.97284637032e-008	3.14059089845e-009
1.97489925644e-008	3.80774611841e-009
1.97695214256e-008	4.43746328571e-009
1.97900502868e-008	4.77563677492e-009
1.98105791479e-008	4.67547423e-009
1.98311080091e-008	4.18906287436e-009
1.98516368703e-008	3.48961082253e-009
1.98721657315e-008	2.82409073904e-009
1.98926945927e-008	2.38640751604e-009
1.99132234539e-008	2.29536434304e-009
1.99337523151e-008	2.55093968171e-009
1.99542811763e-008	3.05255509758e-009
1.99748100375e-008	3.64210883674e-009
1.99953388987e-008	4.08332390123e-009
2.00158677599e-008	4.20639167942e-009
2.0036396621e-008	3.92685439721e-009
2.00569254822e-008	3.36685657132e-009
2.00774543434e-008	2.77367195878e-009
2.00979832046e-008	2.38348141224e-009
2.01185120658e-008	2.33141728145e-009
2.0139040927e-008	2.60590771184e-009
2.01595697882e-008	3.05254266308e-009
2.01800986494e-008	3.5593668013e-009
2.02006275106e-008	3.97839006183e-009
2.02211563718e-008	4.21892298874e-009
2.0241685233e-008	4.25167234752e-009
2.02622140942e-008	4.03437638852e-009
2.02827429553e-008	3.67456975958e-009
2.03032718165e-008	3.29743121696e-009
2.03238006777e-008	3.05052250127e-009
2.03443295389e-008	3.05359093566e-009
2.03648584001e-008	3.28942562078e-009
2.03853872613e-008	3.65121355372e-009
2.04059161225e-008	3.98595867424e-009
2.04264449837e-008	4.18344603403e-009
2.04469738449e-008	4.21736690015e-009
2.04675027061e-008	4.10419653818e-009
2.04880315673e-008	3.86929732699e-009
2.05085604284e-008	3.53419404853e-009
2.05290892896e-008	3.16252046773e-009
2.05496181508e-008	2.85473111816e-009
2.0570147012e-008	2.72241473809e-009
2.05906758732e-008	2.82565326692e-009
2.06112047344e-008	3.10794767699e-009
2.06317335956e-008	3.46802675466e-009
2.06522624568e-008	3.76826836401e-009
2.0672791318e-008	3.90738286171e-009
2.06933201792e-008	3.85437060046e-009
2.07138490404e-008	3.62517860175e-009
2.07343779015e-008	3.30114757752e-009
2.07549067627e-008	2.97023472484e-009
2.07754356239e-008	2.73005884566e-009
2.07959644851e-008	2.69480437964e-009
2.08164933463e-008	2.89166735001e-009
2.08370222075e-008	3.31448046786e-009
2.08575510687e-008	3.83608877996e-009
2.08780799299e-008	4.26166080203e-009
2.08986087911e-008	4.44947634293e-009
2.09191376523e-008	4.30896207604e-009
2.09396665135e-008	3.9001974983e-009
2.09601953747e-008	3.38498828967e-009
2.09807242358e-008	2.9449311878e-009
2.1001253097e-008	2.74799694111e-009
2.10217819582e-008	2.87373369545e-009
2.10423108194e-008	3.27541105349e-009
2.10628396806e-008	3.79793574368e-009
2.10833685418e-008	4.23281232287e-009
2.1103897403e-008	4.41218350744e-009
2.11244262642e-008	4.27038049367e-009
2.11449551254e-008	3.85389631319e-009
2.11654839866e-008	3.27300586633e-009
2.11860128478e-008	2.71248046246e-009
2.12065417089e-008	2.34940378263e-009
2.12270705701e-008	2.30608820928e-009
2.12475994313e-008	2.60704835497e-009
2.12681282925e-008	3.13257508822e-009
2.12886571537e-008	3.6888896382e-009
2.13091860149e-008	4.05165234696e-009
2.13297148761e-008	4.07124733925e-009
2.13502437373e-008	3.75343933712e-009
2.13707725985e-008	3.231124035e-009
2.13913014597e-008	2.74281308776e-009
2.14118303209e-008	2.48166065475e-009
2.1432359182e-008	2.53517828952e-009
2.14528880432e-008	2.87060819559e-009
2.14734169044e-008	3.37618843993e-009
2.14939457656e-008	3.90083787494e-009
2.15144746268e-008	4.31525837286e-009
2.1535003488e-008	4.47779502366e-009
2.15555323492e-008	4.35377778274e-009
2.15760612104e-008	3.99084587599e-009
2.15965900716e-008	3.53511309115e-009
2.16171189328e-008	3.19501070045e-009
2.1637647794e-008	3.08669378946e-009
2.16581766552e-008	3.23689519632e-009
2.16787055163e-008	3.55749252279e-009
2.16992343775e-008	3.92535426386e-009
2.17197632387e-008	4.19758983128e-009
2.17402920999e-008	4.30726654344e-009
2.17608209611e-008	4.22801882394e-009
2.17813498223e-008	3.98050170602e-009
2.18018786835e-008	3.63692609362e-009
2.18224075447e-008	3.26429816511e-009
2.18429364059e-008	2.98447844216e-009
2.18634652671e-008	2.88074142318e-009
2.18839941283e-008	2.97232061186e-009
2.19045229894e-008	3.22335202974e-009
2.19250518506e-008	3.47957640479e-009
2.19455807118e-008	3.65427155202e-009
2.1966109573e-008	3.69752584106e-009
2.19866384342e-008	3.58780383181e-009
2.20071672954e-008	3.41303740825e-009
2.20276961566e-008	3.18403681199e-009
2.20482250178e-008	2.93927593376e-009
2.2068753879e-008	2.76428036017e-009
2.20892827402e-008	2.69329225588e-009
2.21098116014e-008	2.78960010647e-009
2.21303404625e-008	3.04683567265e-009
2.21508693237e-008	3.38164030111e-009
2.21713981849e-008	3.68571040354e-009
2.21919270461e-008	3.87334786467e-009
2.22124559073e-008	3.86610965464e-009
2.22329847685e-008	3.68249208904e-009
2.22535136297e-008	3.40991768155e-009
2.22740424909e-008	3.11830117283e-009
2.22945713521e-008	2.93352098168e-009
2.23151002133e-008	2.9105713395e-009
2.23356290745e-008	3.05700220693e-009
2.23561579357e-008	3.3729610216e-009
2.23766867968e-008	3.72454866948e-009
2.2397215658e-008	3.99514998861e-009
2.24177445192e-008	4.07879419129e-009
2.24382733804e-008	3.91860499604e-009
2.24588022416e-008	3.59960283802e-009
2.24793311028e-008	3.21275694937e-009
2.2499859964e-008	2.90366353184e-009
2.25203888252e-008	2.80673106978e-009
2.25409176864e-008	2.96530000554e-009
2.25614465476e-008	3.36029426506e-009
2.25819754088e-008	3.8436187566e-009
2.26025042699e-008	4.24953272571e-009
2.26230331311e-008	4.45289671802e-009
2.26435619923e-008	4.36165059625e-009
2.26640908535e-008	4.04936839615e-009
2.26846197147e-008	3.63277141702e-009
2.27051485759e-008	3.26648041948e-009
2.27256774371e-008	3.08253578218e-009
2.27462062983e-008	3.13899484183e-009
2.27667351595e-008	3.43384609636e-009
2.27872640207e-008	3.84060960812e-009
2.28077928819e-008	4.24946478006e-009
2.2828321743e-008	4.46987602487e-009
2.28488506042e-008	4.41552749919e-009
2.28693794654e-008	4.10302858356e-009
2.28899083266e-008	3.59523877336e-009
2.29104371878e-008	3.1451923288e-009
2.2930966049e-008	2.88358559253e-009
2.29514949102e-008	2.91236124106e-009
2.29720237714e-008	3.18506665486e-009
2.29925526326e-008	3.53269324904e-009
2.30130814938e-008	3.83770792922e-009
2.3033610355e-008	3.94278210081e-009
2.30541392162e-008	3.82858322823e-009
2.30746680773e-008	3.49719009307e-009
2.30951969385e-008	3.00610913939e-009
2.31157257997e-008	2.52869325479e-009
2.31362546609e-008	2.16388995611e-009
2.31567835221e-008	2.03260652754e-009
2.31773123833e-008	2.18149276421e-009
2.31978412445e-008	2.50047360595e-009
2.32183701057e-008	2.8986524292e-009
2.32388989669e-008	3.20537774101e-009
2.32594278281e-008	3.34006200475e-009
2.32799566893e-008	3.29535065902e-009
2.33004855504e-008	3.11740366854e-009
2.33210144116e-008	2.90803781056e-009
2.33415432728e-008	2.72844324911e-009
2.3362072134e-008	2.67579580715e-009
2.33826009952e-008	2.78522871433e-009
2.34031298564e-008	3.05854608307e-009
2.34236587176e-008	3.45389983281e-009
2.34441875788e-008	3.81002784877e-009
2.346471644e-008	4.05743572074e-009
2.34852453012e-008	4.10397937856e-009
2.35057741624e-008	3.97241262107e-009
2.35263030235e-008	3.77262487916e-009
2.35468318847e-008	3.54841445116e-009
2.35673607459e-008	3.45034290028e-009
2.35878896071e-008	3.48636142178e-009
2.36084184683e-008	3.69190744642e-009
2.36289473295e-008	4.08413347586e-009
2.36494761907e-008	4.51674164736e-009
2.36700050519e-008	4.98179986153e-009
2.36905339131e-008	5.29485388867e-009
2.37110627743e-008	5.38231548219e-009
2.37315916355e-008	5.23709653422e-009
2.37521204967e-008	4.85508255821e-009
2.37726493578e-008	4.4178443126e-009
2.3793178219e-008	4.02517130738e-009
2.38137070802e-008	3.78486975094e-009
2.38342359414e-008	3.76578412897e-009
2.38547648026e-008	3.90766441427e-009
2.38752936638e-008	4.14828527084e-009
2.3895822525e-008	4.33722835425e-009
2.39163513862e-008	4.36351621502e-009
2.39368802474e-008	4.13366363361e-009
2.39574091086e-008	3.66503138949e-009
2.39779379698e-008	3.11572811995e-009
2.39984668309e-008	2.5721091923e-009
2.40189956921e-008	2.24928009551e-009
2.40395245533e-008	2.19212248354e-009
2.40600534145e-008	2.37408182002e-009
2.40805822757e-008	2.76261546972e-009
2.41011111369e-008	3.08083558664e-009
2.41216399981e-008	3.20537663079e-009
2.41421688593e-008	2.97987834408e-009
2.41626977205e-008	2.36612862636e-009
2.41832265817e-008	1.54901835803e-009
2.42037554429e-008	6.90372647938e-010
2.4224284304e-008	8.33302316039e-011
2.42448131652e-008	-9.45917510986e-011
2.42653420264e-008	1.67135194573e-010
2.42858708876e-008	8.44817771295e-010
2.43063997488e-008	1.66813918234e-009
2.432692861e-008	2.46586950858e-009
2.43474574712e-008	3.04717628907e-009
2.43679863324e-008	3.25232352161e-009
2.43885151936e-008	3.16720738525e-009
2.44090440548e-008	2.88014101457e-009
2.4429572916e-008	2.66729327514e-009
2.44501017772e-008	2.72138755975e-009
2.44706306383e-008	3.17593595867e-009
2.44911594995e-008	3.98653998701e-009
2.45116883607e-008	4.92301088784e-009
2.45322172219e-008	5.78450265465e-009
2.45527460831e-008	6.2474541096e-009
2.45732749443e-008	6.27946894483e-009
2.45938038055e-008	5.89070747736e-009
2.46143326667e-008	5.21320231428e-009
2.46348615279e-008	4.60052085316e-009
2.46553903891e-008	4.19360191017e-009
2.46759192503e-008	4.26222612759e-009
2.46964481114e-008	4.84133622081e-009
2.47169769726e-008	5.77756242848e-009
2.47375058338e-008	6.90257673241e-009
2.4758034695e-008	7.8058768338e-009
2.47785635562e-008	8.27022095251e-009
2.47990924174e-008	8.13091105556e-009
2.48196212786e-008	7.36977323612e-009
2.48401501398e-008	6.22687501561e-009
2.4860679001e-008	4.90281948373e-009
2.48812078622e-008	3.73896424932e-009
2.49017367234e-008	2.98642133245e-009
2.49222655845e-008	2.71714584166e-009
2.49427944457e-008	2.94011681667e-009
2.49633233069e-008	3.39346772904e-009
2.49838521681e-008	3.77999676004e-009
2.50043810293e-008	3.81735132393e-009
2.50249098905e-008	3.34214744768e-009
2.50454387517e-008	2.44368258961e-009
2.50659676129e-008	1.32500987959e-009
2.50864964741e-008	3.1615954299e-010
2.51070253353e-008	-3.07654346443e-010
2.51275541965e-008	-3.38431505043e-010
2.51480830577e-008	2.03109307151e-010
2.51686119188e-008	1.08129816212e-009
2.518914078e-008	2.01621053186e-009
2.52096696412e-008	2.5673780879e-009
2.52301985024e-008	2.44661713111e-009
2.52507273636e-008	1.52987467139e-009
2.52712562248e-008	-1.31365585077e-010
2.5291785086e-008	-2.10292294689e-009
2.53123139472e-008	-3.96221899734e-009
2.53328428084e-008	-5.18940579397e-009
2.53533716696e-008	-5.36519273453e-009
2.53739005308e-008	-4.49532588931e-009
2.53944293919e-008	-2.5914692614e-009
2.54149582531e-008	-1.94685156885e-010
2.54354871143e-008	2.15179740692e-009
2.54560159755e-008	3.93878352156e-009
2.54765448367e-008	4.7730694952e-009
2.54970736979e-008	4.75984940351e-009
2.55176025591e-008	4.21057499977e-009
2.55381314203e-008	3.66543262409e-009
2.55586602815e-008	3.63655816571e-009
2.55791891427e-008	4.45035919228e-009
2.55997180039e-008	6.121546825e-009
2.5620246865e-008	8.32240765192e-009
2.56407757262e-008	1.05172537346e-008
2.56613045874e-008	1.21274812415e-008
2.56818334486e-008	1.27997594745e-008
2.57023623098e-008	1.24312622418e-008
2.5722891171e-008	1.13067892826e-008
2.57434200322e-008	9.99478011465e-009
2.57639488934e-008	9.01189434188e-009
2.57844777546e-008	8.92531826224e-009
2.58050066158e-008	9.95083127009e-009
2.5825535477e-008	1.18805640881e-008
2.58460643382e-008	1.42429605887e-008
2.58665931993e-008	1.63461528757e-008
2.58871220605e-008	1.74144538789e-008
2.59076509217e-008	1.68965943459e-008
2.59281797829e-008	1.44866847407e-008
2.59487086441e-008	1.04874837703e-008
2.59692375053e-008	5.55836709992e-009
2.59897663665e-008	6.31178664889e-010
2.60102952277e-008	-3.38080852202e-009
2.60308240889e-008	-5.88577897531e-009
2.60513529501e-008	-6.78136746757e-009
2.60718818113e-008	-6.50128395563e-009
2.60924106724e-008	-5.70804692401e-009
2.61129395336e-008	-5.18266096705e-009
2.61334683948e-008	-5.44513589773e-009
2.6153997256e-008	-6.63165522496e-009
2.61745261172e-008	-8.51343884278e-009
2.61950549784e-008	-1.04252482203e-008
2.62155838396e-008	-1.16463354516e-008
2.62361127008e-008	-1.16966747399e-008
2.6256641562e-008	-1.0339480383e-008
2.62771704232e-008	-7.83852627251e-009
2.62976992844e-008	-4.86256812593e-009
2.63182281455e-008	-2.29895458226e-009
2.63387570067e-008	-8.3005624596e-010
2.63592858679e-008	-1.00519415014e-009
2.63798147291e-008	-2.82846057686e-009
2.64003435903e-008	-5.64059998709e-009
2.64208724515e-008	-8.4547400192e-009
2.64414013127e-008	-1.02069668273e-008
2.64619301739e-008	-9.60839408037e-009
2.64824590351e-008	-6.43815667445e-009
2.65029878963e-008	-7.47755635189e-010
2.65235167575e-008	6.41902708765e-009
2.65440456187e-008	1.34297941656e-008
2.65645744798e-008	1.9032114551e-008
2.6585103341e-008	2.20699956088e-008
2.66056322022e-008	2.22427072316e-008
2.66261610634e-008	2.01488639107e-008
2.66466899246e-008	1.69085723201e-008
2.66672187858e-008	1.38966873564e-008
2.6687747647e-008	1.22871854913e-008
2.67082765082e-008	1.26400028222e-008
2.67288053694e-008	1.47775400805e-008
2.67493342306e-008	1.77335017781e-008
2.67698630918e-008	2.03996322057e-008
2.67903919529e-008	2.17208580011e-008
2.68109208141e-008	2.10095691955e-008
2.68314496753e-008	1.84621988808e-008
2.68519785365e-008	1.50215875294e-008
2.68725073977e-008	1.19925935849e-008
2.68930362589e-008	1.0827839958e-008
2.69135651201e-008	1.2613762479e-008
2.69340939813e-008	1.72443623825e-008
2.69546228425e-008	2.37990480656e-008
2.69751517037e-008	3.00372491324e-008
2.69956805649e-008	3.3773531527e-008
2.7016209426e-008	3.31162510747e-008
2.70367382872e-008	2.68606967779e-008
2.70572671484e-008	1.57985269311e-008
2.70777960096e-008	1.59365143304e-009
2.70983248708e-008	-1.30703234902e-008
2.7118853732e-008	-2.51011478269e-008
2.71393825932e-008	-3.26878861756e-008
2.71599114544e-008	-3.50111335479e-008
2.71804403156e-008	-3.29297193957e-008
2.72009691768e-008	-2.82688912279e-008
2.7221498038e-008	-2.35082158184e-008
2.72420268992e-008	-2.1184877852e-008
2.72625557603e-008	-2.23529976751e-008
2.72830846215e-008	-2.71836562149e-008
2.73036134827e-008	-3.41369101875e-008
2.73241423439e-008	-4.10350935454e-008
2.73446712051e-008	-4.52067041579e-008
2.73652000663e-008	-4.47073063015e-008
