% time-domain voltage integration by openEMS v0.0.35 @Sun Apr 12 07:12:36 2020
% start-coordinates: (-0.00428889,-0.000333333,-0.001559) m -> [32,35,4]
% stop-coordinates: (-0.00428889,-0.000333333,3.5e-005) m -> [32,35,10]
% t/s	voltage
0	0
1.04107530824e-011	1.27544962174e-005
2.08215061647e-011	4.59612884676e-005
3.12322592471e-011	0.000136757257273
4.16430123295e-011	0.000347296151716
5.20537654118e-011	0.000767332728032
6.24645184942e-011	0.00148011786791
7.28752715766e-011	0.00247435612141
8.32860246589e-011	0.00349640598347
9.36967777413e-011	0.00389718410656
1.04107530824e-010	0.00259975446295
1.14518283906e-010	-0.00165668622367
1.24929036988e-010	-0.00973610453229
1.35339790071e-010	-0.0213502741881
1.45750543153e-010	-0.0345424177067
1.56161296236e-010	-0.0458807806499
1.66572049318e-010	-0.0515351029935
1.769828024e-010	-0.0488717611624
1.87393555483e-010	-0.0377694851486
1.97804308565e-010	-0.0208957261448
2.08215061647e-010	-0.00274184947102
2.1862581473e-010	0.012086166611
2.29036567812e-010	0.0204573353021
2.39447320894e-010	0.0215088259583
2.49858073977e-010	0.0164847393994
2.60268827059e-010	0.00791966484769
2.70679580142e-010	-0.00138486509047
2.81090333224e-010	-0.00923926613746
2.91501086306e-010	-0.0146039429455
3.01911839389e-010	-0.0176878600336
3.12322592471e-010	-0.0195985268635
3.22733345553e-010	-0.0216692092099
3.33144098636e-010	-0.0247444320198
3.43554851718e-010	-0.0287562909237
3.53965604801e-010	-0.0327930819766
3.64376357883e-010	-0.0355959768661
3.74787110965e-010	-0.0362032247795
3.85197864048e-010	-0.034360231337
3.9560861713e-010	-0.0305352008
4.06019370212e-010	-0.0255636538169
4.16430123295e-010	-0.0201882161164
4.26840876377e-010	-0.014780507363
4.37251629459e-010	-0.00940829893632
4.47662382542e-010	-0.00417298610326
4.58073135624e-010	0.000435947794003
4.68483888707e-010	0.00345688520967
4.78894641789e-010	0.00376961342538
4.89305394871e-010	0.000681065191472
4.99716147954e-010	-0.00553598491304
5.10126901036e-010	-0.0134873986863
5.20537654118e-010	-0.0210247444412
5.30948407201e-010	-0.0259963433092
5.41359160283e-010	-0.0270391625855
5.51769913366e-010	-0.0240503874048
5.62180666448e-010	-0.0181478414889
5.7259141953e-010	-0.0111747343854
5.83002172613e-010	-0.00499924032927
5.93412925695e-010	-0.000909336106431
6.03823678777e-010	0.000687105102927
6.1423443186e-010	0.000207629724727
6.24645184942e-010	-0.00142482340819
6.35055938024e-010	-0.00320969656475
6.45466691107e-010	-0.00444912082646
6.55877444189e-010	-0.00495665102797
6.66288197272e-010	-0.00503332922661
6.76698950354e-010	-0.00522917196311
6.87109703436e-010	-0.0059993818323
6.97520456519e-010	-0.00742344776616
7.07931209601e-010	-0.00912954767962
7.18341962683e-010	-0.0104604186364
7.28752715766e-010	-0.0107831472615
7.39163468848e-010	-0.00977611907918
7.4957422193e-010	-0.00755667528854
7.59984975013e-010	-0.00461483731949
7.70395728095e-010	-0.00162110223285
7.80806481178e-010	0.000786406886547
7.9121723426e-010	0.00215819769566
8.01627987342e-010	0.00230847288769
8.12038740425e-010	0.00132188299419
8.22449493507e-010	-0.000486985460796
8.32860246589e-010	-0.00265142511496
8.43270999672e-010	-0.0046614488693
8.53681752754e-010	-0.00608587649192
8.64092505837e-010	-0.00667781061209
8.74503258919e-010	-0.00642275519483
8.84914012001e-010	-0.00551303133132
8.95324765084e-010	-0.00425663601261
9.05735518166e-010	-0.00296454173629
9.16146271248e-010	-0.00186469599869
9.26557024331e-010	-0.00106995791664
9.36967777413e-010	-0.000594557458342
9.47378530495e-010	-0.000389945191856
9.57789283578e-010	-0.000376497175765
9.6820003666e-010	-0.000466229442523
9.78610789743e-010	-0.000586857149372
9.89021542825e-010	-0.000709234788886
9.99432295907e-010	-0.000864023759121
1.00984304899e-009	-0.00112360609963
1.02025380207e-009	-0.00154763929829
1.03066455515e-009	-0.00211879066372
1.04107530824e-009	-0.0027138051101
1.05148606132e-009	-0.00313753222061
1.0618968144e-009	-0.0032076904068
1.07230756748e-009	-0.00284310765581
1.08271832057e-009	-0.00210455713803
1.09312907365e-009	-0.0011705426294
1.10353982673e-009	-0.000266649677499
1.11395057981e-009	0.000410393503543
1.1243613329e-009	0.00074126846009
1.13477208598e-009	0.0006988112887
1.14518283906e-009	0.000338700576023
1.15559359214e-009	-0.000220517677306
1.16600434523e-009	-0.00082492074371
1.17641509831e-009	-0.00132241179115
1.18682585139e-009	-0.00160542659871
1.19723660447e-009	-0.00164351988481
1.20764735755e-009	-0.00148785759195
1.21805811064e-009	-0.00123985911917
1.22846886372e-009	-0.000998981132355
1.2388796168e-009	-0.000818500142898
1.24929036988e-009	-0.000692812162313
1.25970112297e-009	-0.000580890507379
1.27011187605e-009	-0.00044509475795
1.28052262913e-009	-0.000279657487695
1.29093338221e-009	-0.000112166487994
1.3013441353e-009	1.60830781618e-005
1.31175488838e-009	7.3086286733e-005
1.32216564146e-009	4.69030909899e-005
1.33257639454e-009	-5.77198852837e-005
1.34298714763e-009	-0.000227047454601
1.35339790071e-009	-0.000439624314666
1.36380865379e-009	-0.000661435734585
1.37421940687e-009	-0.000844289997715
1.38463015995e-009	-0.000936003311793
1.39504091304e-009	-0.000902192644574
1.40545166612e-009	-0.000745081202311
1.4158624192e-009	-0.00050676022245
1.42627317228e-009	-0.000251381326464
1.43668392537e-009	-3.79427717049e-005
1.44709467845e-009	9.93456553148e-005
1.45750543153e-009	0.000154150632867
1.46791618461e-009	0.00013683571602
1.4783269377e-009	6.29655443591e-005
1.48873769078e-009	-5.0373217796e-005
1.49914844386e-009	-0.000180745918456
1.50955919694e-009	-0.000298622656729
1.51996995003e-009	-0.000374974263039
1.53038070311e-009	-0.00039478635172
1.54079145619e-009	-0.000365888438935
1.55120220927e-009	-0.000315039094758
1.56161296236e-009	-0.000270913526279
1.57202371544e-009	-0.000246751902225
1.58243446852e-009	-0.000234473027703
1.5928452216e-009	-0.000213402756898
1.60325597468e-009	-0.000167428766375
1.61366672777e-009	-9.71522489549e-005
1.62407748085e-009	-1.97802874772e-005
1.63448823393e-009	4.1860033008e-005
1.64489898701e-009	7.12774214124e-005
1.6553097401e-009	6.39818493228e-005
1.66572049318e-009	2.46351339365e-005
1.67613124626e-009	-3.83897087416e-005
1.68654199934e-009	-0.000115384051611
1.69695275243e-009	-0.000193265998732
1.70736350551e-009	-0.000254012364522
1.71777425859e-009	-0.000278679436704
1.72818501167e-009	-0.000256584576007
1.73859576476e-009	-0.000193444033797
1.74900651784e-009	-0.000111046918732
1.75941727092e-009	-3.70447066941e-005
1.769828024e-009	8.97064920138e-006
1.78023877708e-009	2.38623697088e-005
1.79064953017e-009	1.83645521227e-005
1.80106028325e-009	6.73923838082e-006
1.81147103633e-009	-3.16208675363e-006
1.82188178941e-009	-1.23839339155e-005
1.8322925425e-009	-2.57539643334e-005
1.84270329558e-009	-4.49085592818e-005
1.85311404866e-009	-6.55011492937e-005
1.86352480174e-009	-8.08641432143e-005
1.87393555483e-009	-8.77304377552e-005
1.88434630791e-009	-8.83486448656e-005
1.89475706099e-009	-8.74187467018e-005
1.90516781407e-009	-8.6600363346e-005
1.91557856716e-009	-8.21347351517e-005
1.92598932024e-009	-6.82991842068e-005
1.93640007332e-009	-4.31076632735e-005
1.9468108264e-009	-1.19123076575e-005
1.95722157949e-009	1.49547347964e-005
1.96763233257e-009	2.87671001581e-005
1.97804308565e-009	2.75813956102e-005
1.98845383873e-009	1.61717317476e-005
1.99886459181e-009	1.41737013873e-006
2.0092753449e-009	-1.28250056138e-005
2.01968609798e-009	-2.71645243507e-005
2.03009685106e-009	-4.30752881896e-005
2.04050760414e-009	-5.90577097837e-005
2.05091835723e-009	-6.93886505302e-005
2.06132911031e-009	-6.7788202898e-005
2.07173986339e-009	-5.2601388475e-005
2.08215061647e-009	-2.90821009477e-005
2.09256136956e-009	-6.74886506133e-006
2.10297212264e-009	6.45695754922e-006
2.11338287572e-009	8.85280315557e-006
2.1237936288e-009	4.78094956882e-006
2.13420438189e-009	4.38130587616e-007
2.14461513497e-009	-8.8087327263e-007
2.15502588805e-009	-3.08583718217e-007
2.16543664113e-009	-1.05943910819e-006
2.17584739421e-009	-4.7821576564e-006
2.1862581473e-009	-1.01066223424e-005
2.19666890038e-009	-1.44221921355e-005
2.20707965346e-009	-1.64657401348e-005
2.21749040654e-009	-1.76401987167e-005
2.22790115963e-009	-2.02229987919e-005
2.23831191271e-009	-2.44024346186e-005
2.24872266579e-009	-2.72079329838e-005
2.25913341887e-009	-2.44443574252e-005
2.26954417196e-009	-1.43508531723e-005
2.27995492504e-009	2.40874214047e-007
2.29036567812e-009	1.31835176963e-005
2.3007764312e-009	1.88779247738e-005
2.31118718429e-009	1.59912767047e-005
2.32159793737e-009	7.83920519268e-006
2.33200869045e-009	-3.43596026325e-007
2.34241944353e-009	-5.15599232184e-006
2.35283019662e-009	-6.79642435472e-006
2.3632409497e-009	-7.68730680609e-006
2.37365170278e-009	-9.65924672144e-006
2.38406245586e-009	-1.21581068891e-005
2.39447320894e-009	-1.30289022929e-005
2.40488396203e-009	-1.06674499899e-005
2.41529471511e-009	-5.89655865366e-006
2.42570546819e-009	-1.17463604962e-006
2.43611622127e-009	1.26352736909e-006
2.44652697436e-009	1.40012734975e-006
2.45693772744e-009	1.16283424548e-006
2.46734848052e-009	2.46857261801e-006
2.4777592336e-009	5.35774304847e-006
2.48816998669e-009	7.78803780946e-006
2.49858073977e-009	7.46345008565e-006
2.50899149285e-009	3.84498908371e-006
2.51940224593e-009	-1.14808317417e-006
2.52981299902e-009	-4.62515150076e-006
2.5402237521e-009	-4.95934147601e-006
2.55063450518e-009	-3.01545513345e-006
2.56104525826e-009	-1.11773499087e-006
2.57145601134e-009	-1.14439806284e-006
2.58186676443e-009	-2.66621996112e-006
2.59227751751e-009	-3.68253295355e-006
2.60268827059e-009	-2.2457106795e-006
2.61309902367e-009	1.6717521675e-006
2.62350977676e-009	6.03752587405e-006
2.63392052984e-009	8.40533075333e-006
2.64433128292e-009	7.73802123369e-006
2.654742036e-009	5.03733174742e-006
2.66515278909e-009	2.35398837592e-006
2.67556354217e-009	1.04510559287e-006
2.68597429525e-009	1.03359186845e-006
2.69638504833e-009	1.11478642464e-006
2.70679580142e-009	4.64332311961e-007
2.7172065545e-009	-5.31934623377e-007
2.72761730758e-009	-7.76479586601e-007
2.73802806066e-009	4.48434363448e-007
2.74843881375e-009	2.58105850007e-006
2.75884956683e-009	4.15824694869e-006
2.76926031991e-009	4.00871531539e-006
2.77967107299e-009	2.40587497449e-006
2.79008182607e-009	8.5383338691e-007
2.80049257916e-009	9.65467393726e-007
2.81090333224e-009	3.01620308077e-006
2.82131408532e-009	5.70047347562e-006
2.8317248384e-009	7.16008391613e-006
2.84213559149e-009	6.37099616277e-006
2.85254634457e-009	3.9572001819e-006
2.86295709765e-009	1.53779900294e-006
2.87336785073e-009	4.77164416562e-007
2.88377860382e-009	8.93950226871e-007
2.8941893569e-009	1.88561365647e-006
2.90460010998e-009	2.36844460813e-006
2.91501086306e-009	2.11061493674e-006
2.92542161615e-009	1.79057199193e-006
2.93583236923e-009	2.22193094471e-006
2.94624312231e-009	3.48400323183e-006
2.95665387539e-009	4.90982537396e-006
2.96706462847e-009	5.4812363787e-006
2.97747538156e-009	4.93710701047e-006
2.98788613464e-009	3.85065874312e-006
2.99829688772e-009	3.19715224753e-006
3.0087076408e-009	3.45527995874e-006
3.01911839389e-009	4.18654303594e-006
3.02952914697e-009	4.46146342017e-006
3.03993990005e-009	3.72709491639e-006
3.05035065313e-009	2.29573853142e-006
3.06076140622e-009	1.23365244389e-006
3.0711721593e-009	1.36978238144e-006
3.08158291238e-009	2.64108604789e-006
3.09199366546e-009	4.18319558917e-006
3.10240441855e-009	4.97031420568e-006
3.11281517163e-009	4.63550184118e-006
3.12322592471e-009	3.72358330405e-006
3.13363667779e-009	3.13706854219e-006
3.14404743088e-009	3.31941482715e-006
3.15445818396e-009	4.08772465935e-006
3.16486893704e-009	4.62486340971e-006
