% time-domain current integration by openEMS v0.0.35 @Sun Apr 12 07:12:36 2020
% start-coordinates: (-0.00442105,-0.00102564,-0.001524) m -> [26,32,6]
% stop-coordinates: (-0.0042,0.001,-0.001524) m -> [36,38,6]
% t/s	current
3.25539496009e-015	-0
1.04140084773e-011	2.25307843493e-007
2.08247615597e-011	9.255369946e-007
3.12355146421e-011	2.92995855489e-006
4.16462677244e-011	7.85073007137e-006
5.20570208068e-011	1.83179454325e-005
6.24677738892e-011	3.76021271222e-005
7.28785269715e-011	6.78703872836e-005
8.32892800539e-011	0.000106531821075
9.37000331363e-011	0.000141167358379
1.04110786219e-010	0.000145441023051
1.14521539301e-010	8.01847854746e-005
1.24932292383e-010	-9.63901838986e-005
1.35343045466e-010	-0.000409481872339
1.45753798548e-010	-0.000846372160595
1.5616455163e-010	-0.00134522793815
1.66575304713e-010	-0.00180491991341
1.76986057795e-010	-0.00211667222902
1.87396810878e-010	-0.00220466824248
1.9780756396e-010	-0.00205504451878
2.08218317042e-010	-0.00171772635076
2.18629070125e-010	-0.00128115783446
2.29039823207e-010	-0.000835370796267
2.39450576289e-010	-0.000443509488832
2.49861329372e-010	-0.00013341048907
2.60272082454e-010	9.33214614633e-005
2.70682835537e-010	0.000246682262514
2.81093588619e-010	0.000339206861099
2.91504341701e-010	0.000385416467907
3.01915094784e-010	0.000404739868827
3.12325847866e-010	0.000420907133957
3.22736600948e-010	0.000455148896435
3.33147354031e-010	0.000516795902513
3.43558107113e-010	0.000597902806476
3.53968860195e-010	0.000676320749335
3.64379613278e-010	0.000726154481526
3.7479036636e-010	0.000729653635062
3.85201119443e-010	0.000684267550241
3.95611872525e-010	0.000601307954639
4.06022625607e-010	0.000497973989695
4.1643337869e-010	0.000388338085031
4.26844131772e-010	0.00027879580739
4.37254884854e-010	0.000170466126292
4.47665637937e-010	6.6385633545e-005
4.58076391019e-010	-2.19713947445e-005
4.68487144102e-010	-7.42844786146e-005
4.78897897184e-010	-6.88437212375e-005
4.89308650266e-010	5.42840643902e-006
4.99719403349e-010	0.00013910891721
5.10130156431e-010	0.000300868501654
5.20540909513e-010	0.000446436286438
5.30951662596e-010	0.000534295162652
5.41362415678e-010	0.000540928973351
5.5177316876e-010	0.000468707439722
5.62183921843e-010	0.000343389168847
5.72594674925e-010	0.000203095987672
5.83005428008e-010	8.41776127345e-005
5.9341618109e-010	9.84731468634e-006
6.03826934172e-010	-1.46551101352e-005
6.14237687255e-010	8.35876363681e-008
6.24648440337e-010	3.46786691807e-005
6.35059193419e-010	6.95966518833e-005
6.45469946502e-010	9.23502084333e-005
6.55880699584e-010	0.000100941222627
6.66291452667e-010	0.000102568454167
6.76702205749e-010	0.000108318839921
6.87112958831e-010	0.00012628697732
6.97523711914e-010	0.00015650880232
7.07934464996e-010	0.000190273800399
7.18345218078e-010	0.000214087354834
7.28755971161e-010	0.000216008906136
7.39166724243e-010	0.000191013023141
7.49577477325e-010	0.00014290503168
7.59988230408e-010	8.24613744044e-005
7.7039898349e-010	2.33549508266e-005
7.80809736573e-010	-2.20354613703e-005
7.91220489655e-010	-4.55147674074e-005
8.01631242737e-010	-4.43212484242e-005
8.1204199582e-010	-2.10496109503e-005
8.22452748902e-010	1.73145199369e-005
8.32863501984e-010	6.10807983321e-005
8.43274255067e-010	0.00010010771075
8.53685008149e-010	0.000126229802845
8.64095761232e-010	0.000135227644932
8.74506514314e-010	0.000127562336274
8.84917267396e-010	0.000107613384898
8.95328020479e-010	8.17280160845e-005
9.05738773561e-010	5.59861910006e-005
9.16149526643e-010	3.46308079315e-005
9.26560279726e-010	1.95950906345e-005
9.36971032808e-010	1.09282009362e-005
9.4738178589e-010	7.52004189053e-006
9.57792538973e-010	7.71529084886e-006
9.68203292055e-010	9.75757029664e-006
9.78614045138e-010	1.22991514218e-005
9.8902479822e-010	1.49303841681e-005
9.99435551302e-010	1.84238488146e-005
1.00984630438e-009	2.42469668592e-005
1.02025705747e-009	3.33950993081e-005
1.03066781055e-009	4.51698651887e-005
1.04107856363e-009	5.678621892e-005
1.05148931671e-009	6.42560480628e-005
1.0619000698e-009	6.41638107481e-005
1.07231082288e-009	5.5336560763e-005
1.08272157596e-009	3.94607704948e-005
1.09313232904e-009	2.03999752557e-005
1.10354308213e-009	2.70210193776e-006
1.11395383521e-009	-9.87629118754e-006
1.12436458829e-009	-1.52398524733e-005
1.13477534137e-009	-1.31508222694e-005
1.14518609446e-009	-4.99459429193e-006
1.15559684754e-009	6.66809592076e-006
1.16600760062e-009	1.8689679564e-005
1.1764183537e-009	2.81056400127e-005
1.18682910678e-009	3.29883296217e-005
1.19723985987e-009	3.30118127749e-005
1.20765061295e-009	2.94227975246e-005
1.21806136603e-009	2.43223130383e-005
1.22847211911e-009	1.9600338419e-005
1.2388828722e-009	1.61383632076e-005
1.24929362528e-009	1.36728876896e-005
1.25970437836e-009	1.13472460725e-005
1.27011513144e-009	8.4884586613e-006
1.28052588453e-009	5.09947767569e-006
1.29093663761e-009	1.81018333478e-006
1.30134739069e-009	-5.53588165531e-007
1.31175814377e-009	-1.4081374502e-006
1.32216889686e-009	-5.78116043926e-007
1.33257964994e-009	1.79532923994e-006
1.34299040302e-009	5.40243672731e-006
1.3534011561e-009	9.76984210865e-006
1.36381190919e-009	1.41606797115e-005
1.37422266227e-009	1.758075814e-005
1.38463341535e-009	1.90188802662e-005
1.39504416843e-009	1.78934860742e-005
1.40545492151e-009	1.43891693369e-005
1.4158656746e-009	9.44905150391e-006
1.42627642768e-009	4.37686821897e-006
1.43668718076e-009	2.94357164421e-007
1.44709793384e-009	-2.20425749831e-006
1.45750868693e-009	-3.05890421259e-006
1.46791944001e-009	-2.50656330536e-006
1.47833019309e-009	-8.62756678544e-007
1.48874094617e-009	1.51323445152e-006
1.49915169926e-009	4.14631904277e-006
1.50956245234e-009	6.42979148324e-006
1.51997320542e-009	7.80432947067e-006
1.5303839585e-009	8.03506554803e-006
1.54079471159e-009	7.35002504371e-006
1.55120546467e-009	6.31305965726e-006
1.56161621775e-009	5.47123863726e-006
1.57202697083e-009	5.02431021232e-006
1.58243772391e-009	4.75606248074e-006
1.592848477e-009	4.24765084972e-006
1.60325923008e-009	3.22249275087e-006
1.61366998316e-009	1.75189802576e-006
1.62408073624e-009	2.16576992784e-007
1.63449148933e-009	-9.29462032673e-007
1.64490224241e-009	-1.38966845498e-006
1.65531299549e-009	-1.11000576908e-006
1.66572374857e-009	-2.07552503184e-007
1.67613450166e-009	1.13959367809e-006
1.68654525474e-009	2.72015950031e-006
1.69695600782e-009	4.25286589234e-006
1.7073667609e-009	5.36549396202e-006
1.71777751399e-009	5.69665962757e-006
1.72818826707e-009	5.08286393597e-006
1.73859902015e-009	3.70202496924e-006
1.74900977323e-009	2.02971000363e-006
1.75942052632e-009	6.12573273884e-007
1.7698312794e-009	-2.04801466452e-007
1.78024203248e-009	-4.13435429891e-007
1.79065278556e-009	-2.57075981835e-007
1.80106353864e-009	-1.38680036343e-008
1.81147429173e-009	1.85462766922e-007
1.82188504481e-009	3.82134601296e-007
1.83229579789e-009	6.70144231663e-007
1.84270655097e-009	1.06462027816e-006
1.85311730406e-009	1.46680167745e-006
1.86352805714e-009	1.74773606432e-006
1.87393881022e-009	1.85993917512e-006
1.8843495633e-009	1.86083559583e-006
1.89476031639e-009	1.84077009635e-006
1.90517106947e-009	1.81750510819e-006
1.91558182255e-009	1.70315627201e-006
1.92599257563e-009	1.38836105634e-006
1.93640332872e-009	8.54744200751e-007
1.9468140818e-009	2.29653011274e-007
1.95722483488e-009	-2.77375932001e-007
1.96763558796e-009	-5.08450057168e-007
1.97804634104e-009	-4.48651206852e-007
1.98845709413e-009	-2.05820782639e-007
1.99886784721e-009	8.84586697225e-008
2.00927860029e-009	3.72623929934e-007
2.01968935337e-009	6.67764766149e-007
2.03010010646e-009	9.97694769467e-007
2.04051085954e-009	1.3149959841e-006
2.05092161262e-009	1.49735626565e-006
2.0613323657e-009	1.42490443977e-006
2.07174311879e-009	1.08492383788e-006
2.08215387187e-009	6.02735894972e-007
2.09256462495e-009	1.70759591356e-007
2.10297537803e-009	-6.56726371062e-008
2.11338613112e-009	-9.28176291382e-008
2.1237968842e-009	-9.23226650684e-009
2.13420763728e-009	6.76062725802e-008
2.14461839036e-009	8.53633608244e-008
2.15502914345e-009	7.78796263035e-008
2.16543989653e-009	1.06070736194e-007
2.17585064961e-009	1.94713024371e-007
2.18626140269e-009	3.06896453139e-007
2.19667215577e-009	3.9002242147e-007
2.20708290886e-009	4.27282003557e-007
2.21749366194e-009	4.51877269825e-007
2.22790441502e-009	5.06071899053e-007
2.2383151681e-009	5.84604549658e-007
2.24872592119e-009	6.2130590095e-007
2.25913667427e-009	5.36969935183e-007
2.26954742735e-009	3.11009046072e-007
2.27995818043e-009	1.50846712899e-008
2.29036893352e-009	-2.22889212864e-007
2.3007796866e-009	-3.02603012869e-007
2.31119043968e-009	-2.14188361269e-007
2.32160119276e-009	-3.76987863149e-008
2.33201194585e-009	1.22528163615e-007
2.34242269893e-009	2.07491709148e-007
2.35283345201e-009	2.30905200738e-007
2.36324420509e-009	2.44686987116e-007
2.37365495817e-009	2.8085582926e-007
2.38406571126e-009	3.2266945027e-007
2.39447646434e-009	3.27384810817e-007
2.40488721742e-009	2.69941523356e-007
2.4152979705e-009	1.72835925127e-007
2.42570872359e-009	8.73654144584e-008
2.43611947667e-009	5.07851396492e-008
2.44653022975e-009	5.55977095473e-008
2.45694098283e-009	5.97224314447e-008
2.46735173592e-009	2.84391710181e-008
2.477762489e-009	-3.13057171297e-008
2.48817324208e-009	-7.54392885938e-008
2.49858399516e-009	-6.05080927585e-008
2.50899474825e-009	1.61501070295e-008
2.51940550133e-009	1.11809903558e-007
2.52981625441e-009	1.70952461076e-007
2.54022700749e-009	1.6877962139e-007
2.55063776058e-009	1.29854569764e-007
2.56104851366e-009	1.00603990916e-007
2.57145926674e-009	1.118331312e-007
2.58187001982e-009	1.47130393202e-007
2.5922807729e-009	1.62304644391e-007
2.60269152599e-009	1.22898143218e-007
2.61310227907e-009	3.58160150427e-008
2.62351303215e-009	-5.32070103532e-008
2.63392378523e-009	-9.59855057658e-008
2.64433453832e-009	-7.76233974875e-008
2.6547452914e-009	-2.25628191686e-008
2.66515604448e-009	2.82859371481e-008
2.67556679756e-009	5.17115417153e-008
2.68597755065e-009	5.47153220509e-008
2.69638830373e-009	5.95566582717e-008
2.70679905681e-009	7.92184806642e-008
2.71720980989e-009	1.01422799048e-007
2.72762056298e-009	1.02958132686e-007
2.73803131606e-009	7.26958973019e-008
2.74844206914e-009	2.63336996653e-008
2.75885282222e-009	-4.60156623916e-009
2.7692635753e-009	4.8796022778e-011
2.77967432839e-009	3.13555901243e-008
2.79008508147e-009	5.7413558352e-008
2.80049583455e-009	4.9265988622e-008
2.81090658763e-009	5.85035087042e-009
2.82131734072e-009	-4.30907043381e-008
2.8317280938e-009	-6.22865314881e-008
2.84213884688e-009	-3.72922492886e-008
2.85254959996e-009	1.49512722203e-008
2.86296035305e-009	6.02880945166e-008
2.87337110613e-009	7.39249159665e-008
2.88378185921e-009	5.88120272482e-008
2.89419261229e-009	3.58317500115e-008
2.90460336538e-009	2.55964174301e-008
2.91501411846e-009	3.06061416211e-008
2.92542487154e-009	3.58189851113e-008
2.93583562462e-009	2.62999808598e-008
2.94624637771e-009	3.03710745442e-009
2.95665713079e-009	-1.97590246387e-008
2.96706788387e-009	-2.39112125655e-008
2.97747863695e-009	-7.77233566396e-009
2.98788939003e-009	1.38000224581e-008
2.99830014312e-009	2.22433609309e-008
3.0087108962e-009	1.13512834687e-008
3.01912164928e-009	-7.02329305824e-009
3.02953240236e-009	-1.29065300669e-008
3.03994315545e-009	2.69331201785e-009
3.05035390853e-009	3.0606006618e-008
3.06076466161e-009	4.97810894728e-008
3.07117541469e-009	4.4583131853e-008
3.08158616778e-009	1.95702760664e-008
3.09199692086e-009	-7.25948101632e-009
3.10240767394e-009	-1.68614953111e-008
3.11281842702e-009	-5.95648197432e-009
3.12322918011e-009	1.26307950765e-008
3.13363993319e-009	2.0570265491e-008
3.14405068627e-009	1.17440936975e-008
3.15446143935e-009	-6.78330591697e-009
3.16487219243e-009	-1.84274178139e-008
