7.3805e-013	0.000126889
2.21415e-012	0.000134127
3.69025e-012	0.000141754
5.16635e-012	0.000149788
6.64245e-012	0.000158251
8.11856e-012	0.000167163
9.59466e-012	0.000176547
1.10708e-011	0.000186425
1.25469e-011	0.000196822
1.4023e-011	0.000207764
1.54991e-011	0.000219275
1.69752e-011	0.000231385
1.84513e-011	0.000244122
1.99274e-011	0.000257515
2.14035e-011	0.000271596
2.28796e-011	0.000286398
2.43557e-011	0.000301955
2.58318e-011	0.000318302
2.73079e-011	0.000335477
2.8784e-011	0.000353517
3.02601e-011	0.000372463
3.17362e-011	0.000392358
3.32123e-011	0.000413243
3.46884e-011	0.000435166
3.61645e-011	0.000458173
3.76406e-011	0.000482313
3.91167e-011	0.000507638
4.05928e-011	0.0005342
4.20689e-011	0.000562056
4.3545e-011	0.000591262
4.50211e-011	0.00062188
4.64972e-011	0.00065397
4.79733e-011	0.000687597
4.94494e-011	0.00072283
5.09255e-011	0.000759737
5.24016e-011	0.000798391
5.38777e-011	0.000838868
5.53538e-011	0.000881245
5.68299e-011	0.000925603
5.8306e-011	0.000972027
5.97821e-011	0.0010206
6.12582e-011	0.00107142
6.27343e-011	0.00112458
6.42104e-011	0.00118017
6.56865e-011	0.0012383
6.71626e-011	0.00129907
6.86387e-011	0.00136258
7.01148e-011	0.00142895
7.15909e-011	0.0014983
7.3067e-011	0.00157074
7.45431e-011	0.00164641
7.60192e-011	0.00172542
7.74953e-011	0.00180791
7.89714e-011	0.00189402
8.04475e-011	0.00198389
8.19236e-011	0.00207766
8.33997e-011	0.0021755
8.48758e-011	0.00227755
8.63519e-011	0.00238397
8.7828e-011	0.00249494
8.93041e-011	0.00261063
9.07802e-011	0.00273121
9.22563e-011	0.00285687
9.37324e-011	0.0029878
9.52085e-011	0.00312418
9.66846e-011	0.00326624
9.81607e-011	0.00341416
9.96368e-011	0.00356817
1.01113e-010	0.00372848
1.02589e-010	0.00389533
1.04065e-010	0.00406895
1.05541e-010	0.00424957
1.07017e-010	0.00443744
1.08493e-010	0.00463283
1.0997e-010	0.00483598
1.11446e-010	0.00504718
1.12922e-010	0.00526669
1.14398e-010	0.0054948
1.15874e-010	0.00573181
1.1735e-010	0.00597801
1.18826e-010	0.00623372
1.20302e-010	0.00649924
1.21778e-010	0.00677491
1.23254e-010	0.00706106
1.24731e-010	0.00735803
1.26207e-010	0.00766616
1.27683e-010	0.00798583
1.29159e-010	0.0083174
1.30635e-010	0.00866124
1.32111e-010	0.00901774
1.33587e-010	0.00938731
1.35063e-010	0.00977034
1.36539e-010	0.0101672
1.38015e-010	0.0105785
1.39492e-010	0.0110044
1.40968e-010	0.0114455
1.42444e-010	0.0119023
1.4392e-010	0.0123752
1.45396e-010	0.0128646
1.46872e-010	0.0133711
1.48348e-010	0.0138952
1.49824e-010	0.0144373
1.513e-010	0.0149979
1.52776e-010	0.0155777
1.54253e-010	0.0161771
1.55729e-010	0.0167967
1.57205e-010	0.0174369
1.58681e-010	0.0180985
1.60157e-010	0.018782
1.61633e-010	0.0194879
1.63109e-010	0.0202169
1.64585e-010	0.0209695
1.66061e-010	0.0217464
1.67537e-010	0.0225482
1.69014e-010	0.0233756
1.7049e-010	0.0242291
1.71966e-010	0.0251095
1.73442e-010	0.0260174
1.74918e-010	0.0269535
1.76394e-010	0.0279185
1.7787e-010	0.028913
1.79346e-010	0.0299378
1.80822e-010	0.0309937
1.82298e-010	0.0320812
1.83775e-010	0.0332012
1.85251e-010	0.0343543
1.86727e-010	0.0355414
1.88203e-010	0.0367632
1.89679e-010	0.0380205
1.91155e-010	0.039314
1.92631e-010	0.0406445
1.94107e-010	0.0420128
1.95583e-010	0.0434197
1.97059e-010	0.044866
1.98536e-010	0.0463524
2.00012e-010	0.0478799
2.01488e-010	0.0494493
2.02964e-010	0.0510613
2.0444e-010	0.0527167
2.05916e-010	0.0544165
2.07392e-010	0.0561614
2.08868e-010	0.0579523
2.10344e-010	0.05979
2.1182e-010	0.0616754
2.13297e-010	0.0636093
2.14773e-010	0.0655925
2.16249e-010	0.067626
2.17725e-010	0.0697104
2.19201e-010	0.0718468
2.20677e-010	0.0740359
2.22153e-010	0.0762786
2.23629e-010	0.0785757
2.25105e-010	0.0809281
2.26581e-010	0.0833365
2.28058e-010	0.0858019
2.29534e-010	0.088325
2.3101e-010	0.0909066
2.32486e-010	0.0935476
2.33962e-010	0.0962488
2.35438e-010	0.0990109
2.36914e-010	0.101835
2.3839e-010	0.104721
2.39866e-010	0.107671
2.41342e-010	0.110685
2.42819e-010	0.113763
2.44295e-010	0.116907
2.45771e-010	0.120117
2.47247e-010	0.123395
2.48723e-010	0.126739
2.50199e-010	0.130152
2.51675e-010	0.133634
2.53151e-010	0.137186
2.54627e-010	0.140808
2.56104e-010	0.1445
2.5758e-010	0.148264
2.59056e-010	0.152099
2.60532e-010	0.156007
2.62008e-010	0.159988
2.63484e-010	0.164043
2.6496e-010	0.168171
2.66436e-010	0.172373
2.67912e-010	0.17665
2.69388e-010	0.181002
2.70865e-010	0.185429
2.72341e-010	0.189932
2.73817e-010	0.19451
2.75293e-010	0.199165
2.76769e-010	0.203896
2.78245e-010	0.208704
2.79721e-010	0.213588
2.81197e-010	0.218549
2.82673e-010	0.223586
2.84149e-010	0.228701
2.85626e-010	0.233892
2.87102e-010	0.239159
2.88578e-010	0.244504
2.90054e-010	0.249925
2.9153e-010	0.255422
2.93006e-010	0.260995
2.94482e-010	0.266643
2.95958e-010	0.272368
2.97434e-010	0.278167
2.9891e-010	0.284041
3.00387e-010	0.289989
3.01863e-010	0.29601
3.03339e-010	0.302105
3.04815e-010	0.308272
3.06291e-010	0.314511
3.07767e-010	0.320821
3.09243e-010	0.327201
3.10719e-010	0.33365
3.12195e-010	0.340169
3.13671e-010	0.346755
3.15148e-010	0.353407
3.16624e-010	0.360126
3.181e-010	0.366909
3.19576e-010	0.373755
3.21052e-010	0.380664
3.22528e-010	0.387633
3.24004e-010	0.394663
3.2548e-010	0.40175
3.26956e-010	0.408895
3.28432e-010	0.416095
3.29909e-010	0.423349
3.31385e-010	0.430656
3.32861e-010	0.438013
3.34337e-010	0.445419
3.35813e-010	0.452873
3.37289e-010	0.460372
3.38765e-010	0.467914
3.40241e-010	0.475499
3.41717e-010	0.483123
3.43193e-010	0.490785
3.4467e-010	0.498483
3.46146e-010	0.506215
3.47622e-010	0.513978
3.49098e-010	0.52177
3.50574e-010	0.529589
3.5205e-010	0.537433
3.53526e-010	0.5453
3.55002e-010	0.553186
3.56478e-010	0.56109
3.57954e-010	0.569009
3.59431e-010	0.57694
3.60907e-010	0.584881
3.62383e-010	0.59283
3.63859e-010	0.600783
3.65335e-010	0.608739
3.66811e-010	0.616693
3.68287e-010	0.624644
3.69763e-010	0.632589
3.71239e-010	0.640524
3.72715e-010	0.648448
3.74192e-010	0.656356
3.75668e-010	0.664247
3.77144e-010	0.672117
3.7862e-010	0.679963
3.80096e-010	0.687782
3.81572e-010	0.695572
3.83048e-010	0.703329
3.84524e-010	0.71105
3.86e-010	0.718732
3.87476e-010	0.726372
3.88953e-010	0.733968
3.90429e-010	0.741515
3.91905e-010	0.74901
3.93381e-010	0.756452
3.94857e-010	0.763835
3.96333e-010	0.771159
3.97809e-010	0.778418
3.99285e-010	0.785611
4.00761e-010	0.792734
4.02237e-010	0.799783
4.03714e-010	0.806757
4.0519e-010	0.813651
4.06666e-010	0.820464
4.08142e-010	0.827191
4.09618e-010	0.833829
4.11094e-010	0.840376
4.1257e-010	0.846829
4.14046e-010	0.853185
4.15522e-010	0.859441
4.16999e-010	0.865593
4.18475e-010	0.87164
4.19951e-010	0.877578
4.21427e-010	0.883404
4.22903e-010	0.889116
4.24379e-010	0.894711
4.25855e-010	0.900187
4.27331e-010	0.90554
4.28807e-010	0.910768
4.30283e-010	0.915869
4.3176e-010	0.92084
4.33236e-010	0.925678
4.34712e-010	0.930382
4.36188e-010	0.934949
4.37664e-010	0.939377
4.3914e-010	0.943664
4.40616e-010	0.947807
4.42092e-010	0.951804
4.43568e-010	0.955654
4.45044e-010	0.959354
4.46521e-010	0.962903
4.47997e-010	0.966299
4.49473e-010	0.96954
4.50949e-010	0.972624
4.52425e-010	0.975551
4.53901e-010	0.978318
4.55377e-010	0.980924
4.56853e-010	0.983368
4.58329e-010	0.985648
4.59805e-010	0.987764
4.61282e-010	0.989714
4.62758e-010	0.991497
4.64234e-010	0.993113
4.6571e-010	0.99456
4.67186e-010	0.995838
4.68662e-010	0.996946
4.70138e-010	0.997883
4.71614e-010	0.99865
4.7309e-010	0.999245
4.74566e-010	0.999668
4.76043e-010	0.99992
4.77519e-010	1
4.78995e-010	0.999908
4.80471e-010	0.999643
4.81947e-010	0.999207
4.83423e-010	0.998599
4.84899e-010	0.99782
4.86375e-010	0.996871
4.87851e-010	0.99575
4.89327e-010	0.99446
4.90804e-010	0.993001
4.9228e-010	0.991373
4.93756e-010	0.989577
4.95232e-010	0.987615
4.96708e-010	0.985488
4.98184e-010	0.983195
4.9966e-010	0.98074
5.01136e-010	0.978122
5.02612e-010	0.975343
5.04088e-010	0.972405
5.05565e-010	0.969309
5.07041e-010	0.966057
5.08517e-010	0.962649
5.09993e-010	0.959089
5.11469e-010	0.955378
5.12945e-010	0.951517
5.14421e-010	0.947509
5.15897e-010	0.943356
5.17373e-010	0.939059
5.18849e-010	0.934621
5.20326e-010	0.930044
5.21802e-010	0.92533
5.23278e-010	0.920482
5.24754e-010	0.915501
5.2623e-010	0.910391
5.27706e-010	0.905154
5.29182e-010	0.899791
5.30658e-010	0.894307
5.32134e-010	0.888704
5.3361e-010	0.882983
5.35087e-010	0.877149
5.36563e-010	0.871203
5.38039e-010	0.865148
5.39515e-010	0.858988
5.40991e-010	0.852725
5.42467e-010	0.846362
5.43943e-010	0.839902
5.45419e-010	0.833348
5.46895e-010	0.826703
5.48371e-010	0.81997
5.49848e-010	0.813151
5.51324e-010	0.806251
5.528e-010	0.799272
5.54276e-010	0.792217
5.55752e-010	0.785089
5.57228e-010	0.777891
5.58704e-010	0.770627
5.6018e-010	0.763299
5.61656e-010	0.755911
5.63132e-010	0.748466
5.64609e-010	0.740966
5.66085e-010	0.733415
5.67561e-010	0.725817
5.69037e-010	0.718174
5.70513e-010	0.710488
5.71989e-010	0.702765
5.73465e-010	0.695005
5.74941e-010	0.687213
5.76417e-010	0.679392
5.77894e-010	0.671544
5.7937e-010	0.663672
5.80846e-010	0.65578
5.82322e-010	0.64787
5.83798e-010	0.639946
5.85274e-010	0.63201
5.8675e-010	0.624065
5.88226e-010	0.616113
5.89702e-010	0.608159
5.91178e-010	0.600203
5.92655e-010	0.59225
5.94131e-010	0.584302
5.95607e-010	0.576361
5.97083e-010	0.568431
5.98559e-010	0.560513
6.00035e-010	0.55261
6.01511e-010	0.544725
6.02987e-010	0.536861
6.04463e-010	0.529018
6.05939e-010	0.521201
6.07416e-010	0.513411
6.08892e-010	0.50565
6.10368e-010	0.497921
6.11844e-010	0.490225
6.1332e-010	0.482566
6.14796e-010	0.474944
6.16272e-010	0.467363
6.17748e-010	0.459823
6.19224e-010	0.452328
6.207e-010	0.444877
6.22177e-010	0.437475
6.23653e-010	0.430121
6.25129e-010	0.422819
6.26605e-010	0.415568
6.28081e-010	0.408372
6.29557e-010	0.401232
6.31033e-010	0.394148
6.32509e-010	0.387123
6.33985e-010	0.380158
6.35461e-010	0.373254
6.36938e-010	0.366412
6.38414e-010	0.359634
6.3989e-010	0.35292
6.41366e-010	0.346272
6.42842e-010	0.339691
6.44318e-010	0.333178
6.45794e-010	0.326733
6.4727e-010	0.320358
6.48746e-010	0.314053
6.50222e-010	0.30782
6.51699e-010	0.301658
6.53175e-010	0.295569
6.54651e-010	0.289552
6.56127e-010	0.28361
6.57603e-010	0.277741
6.59079e-010	0.271948
6.60555e-010	0.266229
6.62031e-010	0.260586
6.63507e-010	0.255018
6.64983e-010	0.249527
6.6646e-010	0.244112
6.67936e-010	0.238773
6.69412e-010	0.233511
6.70888e-010	0.228325
6.72364e-010	0.223216
6.7384e-010	0.218184
6.75316e-010	0.213229
6.76792e-010	0.20835
6.78268e-010	0.203548
6.79744e-010	0.198823
6.81221e-010	0.194174
6.82697e-010	0.189601
6.84173e-010	0.185103
6.85649e-010	0.180682
6.87125e-010	0.176335
6.88601e-010	0.172064
6.90077e-010	0.167867
6.91553e-010	0.163744
6.93029e-010	0.159696
6.94505e-010	0.15572
6.95982e-010	0.151817
6.97458e-010	0.147987
6.98934e-010	0.144228
7.0041e-010	0.140541
7.01886e-010	0.136925
7.03362e-010	0.133378
7.04838e-010	0.129901
7.06314e-010	0.126493
7.0779e-010	0.123153
7.09266e-010	0.119881
7.10743e-010	0.116676
7.12219e-010	0.113536
7.13695e-010	0.110463
7.15171e-010	0.107454
7.16647e-010	0.104509
7.18123e-010	0.101627
7.19599e-010	0.0988075
7.21075e-010	0.0960498
7.22551e-010	0.093353
7.24027e-010	0.0907164
7.25504e-010	0.088139
7.2698e-010	0.0856202
7.28456e-010	0.083159
7.29932e-010	0.0807547
7.31408e-010	0.0784064
7.32884e-010	0.0761133
7.3436e-010	0.0738745
7.35836e-010	0.0716893
7.37312e-010	0.0695567
7.38789e-010	0.067476
7.40265e-010	0.0654462
7.41741e-010	0.0634666
7.43217e-010	0.0615363
7.44693e-010	0.0596544
7.46169e-010	0.0578201
7.47645e-010	0.0560326
7.49121e-010	0.054291
7.50597e-010	0.0525945
7.52073e-010	0.0509423
7.5355e-010	0.0493334
7.55026e-010	0.0477672
7.56502e-010	0.0462427
7.57978e-010	0.0447591
7.59454e-010	0.0433158
7.6093e-010	0.0419117
7.62406e-010	0.0405462
7.63882e-010	0.0392184
7.65358e-010	0.0379276
7.66834e-010	0.0366729
7.68311e-010	0.0354537
7.69787e-010	0.0342691
7.71263e-010	0.0331184
7.72739e-010	0.0320008
7.74215e-010	0.0309156
7.75691e-010	0.0298621
7.77167e-010	0.0288395
7.78643e-010	0.0278471
7.80119e-010	0.0268843
7.81595e-010	0.0259503
7.83072e-010	0.0250444
7.84548e-010	0.024166
7.86024e-010	0.0233144
7.875e-010	0.0224889
7.88976e-010	0.0216889
7.90452e-010	0.0209138
7.91928e-010	0.0201629
7.93404e-010	0.0194357
7.9488e-010	0.0187314
7.96356e-010	0.0180496
7.97833e-010	0.0173895
7.99309e-010	0.0167508
8.00785e-010	0.0161327
8.02261e-010	0.0155348
8.03737e-010	0.0149564
8.05213e-010	0.0143971
8.06689e-010	0.0138563
8.08165e-010	0.0133336
8.09641e-010	0.0128284
8.11117e-010	0.0123401
8.12594e-010	0.0118685
8.1407e-010	0.0114128
8.15546e-010	0.0109728
8.17022e-010	0.010548
8.18498e-010	0.0101378
8.19974e-010	0.00974194
8.2145e-010	0.00935991
8.22926e-010	0.00899131
8.24402e-010	0.00863574
8.25878e-010	0.00829281
8.27355e-010	0.00796212
8.28831e-010	0.00764331
8.30307e-010	0.007336
8.31783e-010	0.00703983
8.33259e-010	0.00675446
8.34735e-010	0.00647954
8.36211e-010	0.00621475
8.37687e-010	0.00595975
8.39163e-010	0.00571422
8.40639e-010	0.00547787
8.42116e-010	0.0052504
8.43592e-010	0.0050315
8.45068e-010	0.0048209
8.46544e-010	0.00461832
8.4802e-010	0.00442349
8.49496e-010	0.00423616
8.50972e-010	0.00405605
8.52448e-010	0.00388294
8.53924e-010	0.00371658
8.554e-010	0.00355673
8.56877e-010	0.00340317
8.58353e-010	0.00325568
8.59829e-010	0.00311405
8.61305e-010	0.00297807
8.62781e-010	0.00284753
8.64257e-010	0.00272225
8.65733e-010	0.00260203
8.67209e-010	0.00248669
8.68685e-010	0.00237606
8.70161e-010	0.00226996
8.71638e-010	0.00216822
8.73114e-010	0.00207069
8.7459e-010	0.0019772
8.76066e-010	0.00188761
8.77542e-010	0.00180177
8.79018e-010	0.00171954
8.80494e-010	0.00164078
8.8197e-010	0.00156535
8.83446e-010	0.00149314
8.84922e-010	0.00142401
8.86399e-010	0.00135785
8.87875e-010	0.00129454
8.89351e-010	0.00123397
8.90827e-010	0.00117604
8.92303e-010	0.00112062
8.93779e-010	0.00106764
8.95255e-010	0.00101699
8.96731e-010	0.000968571
8.98207e-010	0.0009223
8.99684e-010	0.000878089
9.0116e-010	0.000835853
9.02636e-010	0.000795512
9.04112e-010	0.000756988
9.05588e-010	0.000720205
9.07064e-010	0.000685092
9.0854e-010	0.000651579
9.10016e-010	0.000619598
9.11492e-010	0.000589086
9.12968e-010	0.00055998
9.14445e-010	0.00053222
9.15921e-010	0.00050575
9.17397e-010	0.000480513
9.18873e-010	0.000456458
9.20349e-010	0.000433531
9.21825e-010	0.000411686
9.23301e-010	0.000390874
9.24777e-010	0.00037105
9.26253e-010	0.000352172
9.27729e-010	0.000334196
9.29206e-010	0.000317083
9.30682e-010	0.000300795
9.32158e-010	0.000285294
9.33634e-010	0.000270546
9.3511e-010	0.000256515
9.36586e-010	0.000243171
9.38062e-010	0.000230481
9.39538e-010	0.000218416
9.41014e-010	0.000206947
9.4249e-010	0.000196046
9.43967e-010	0.000185688
9.45443e-010	0.000175846
9.46919e-010	0.000166498
9.48395e-010	0.000157619
9.49871e-010	0.000149188
9.51347e-010	0.000141184
9.52823e-010	0.000133587
9.54299e-010	0.000126376
