% time-domain voltage integration by openEMS v0.0.35 @Fri Apr 10 21:31:58 2020
% start-coordinates: (-0.0055,-0.001,0) m -> [20,21,16]
% stop-coordinates: (-0.0055,-0.001,0.001524) m -> [20,21,19]
% t/s	voltage
0	-0
4.13308255185e-011	2.54791763155e-006
8.26616510369e-011	9.5871105259e-006
1.23992476555e-010	3.15220631819e-005
1.65323302074e-010	9.04986773094e-005
2.06654127592e-010	0.000225019794016
2.47984953111e-010	0.000483882729895
2.89315778629e-010	0.000898340775166
3.30646604148e-010	0.00143352817395
3.71977429666e-010	0.00195559451822
4.13308255185e-010	0.00226420833496
4.54639080703e-010	0.0022050315165
4.95969906221e-010	0.00179626699537
5.3730073174e-010	0.00125915821991
5.78631557258e-010	0.000900314567843
6.19962382777e-010	0.000926211359911
6.61293208295e-010	0.00132755821687
7.02624033814e-010	0.0019112440641
7.43954859332e-010	0.00244070356712
7.85285684851e-010	0.00277459836798
8.26616510369e-010	0.00291584921069
8.67947335888e-010	0.00295419304166
9.09278161406e-010	0.00296632002573
9.50608986924e-010	0.00295375916176
9.91939812443e-010	0.00286292011151
1.03327063796e-009	0.00265290751122
1.07460146348e-009	0.00235456979135
1.115932289e-009	0.00206831668038
1.15726311452e-009	0.00191287387861
1.19859394004e-009	0.00195307121612
1.23992476555e-009	0.00215082999784
1.28125559107e-009	0.00237561028916
1.32258641659e-009	0.00247693696292
1.36391724211e-009	0.00237971084425
1.40524806763e-009	0.00213035312481
1.44657889315e-009	0.00185480370419
1.48790971866e-009	0.00166329881176
1.52924054418e-009	0.00158157391706
1.5705713697e-009	0.00156369240722
1.61190219522e-009	0.00156218308257
1.65323302074e-009	0.00157694856171
1.69456384626e-009	0.00163656123914
1.73589467178e-009	0.00173725298373
1.77722549729e-009	0.00181227101712
1.81855632281e-009	0.00177331798477
1.85988714833e-009	0.00158837222261
1.90121797385e-009	0.00132205133559
1.94254879937e-009	0.00109635994886
1.98387962489e-009	0.00100720737828
2.0252104504e-009	0.00106551471981
2.06654127592e-009	0.00120457389858
2.10787210144e-009	0.00133474575705
2.14920292696e-009	0.00139527939609
2.19053375248e-009	0.00137198425364
2.231864578e-009	0.00128420881811
2.27319540351e-009	0.00116017906112
2.31452622903e-009	0.0010249458428
2.35585705455e-009	0.000900500308489
2.39718788007e-009	0.000810357218143
2.43851870559e-009	0.000777178240241
2.47984953111e-009	0.000813692371594
2.52118035663e-009	0.000909575406695
2.56251118214e-009	0.00102448783582
2.60384200766e-009	0.00109778050683
2.64517283318e-009	0.00107794534415
2.6865036587e-009	0.000956063566264
2.72783448422e-009	0.000777559354901
2.76916530974e-009	0.000618619567831
2.81049613525e-009	0.00054048174934
2.85182696077e-009	0.000555926904781
2.89315778629e-009	0.0006311883335
2.93448861181e-009	0.000717017872375
2.97581943733e-009	0.000778503890615
3.01715026285e-009	0.000803968432592
3.05848108837e-009	0.000791942555225
3.09981191388e-009	0.000738944858313
3.1411427394e-009	0.000643915205728
3.18247356492e-009	0.000523513939697
3.22380439044e-009	0.000416788461735
3.26513521596e-009	0.00036830099998
3.30646604148e-009	0.000398917822167
3.34779686699e-009	0.000490318707307
3.38912769251e-009	0.000593940087128
3.43045851803e-009	0.000657938871882
3.47178934355e-009	0.000653305338346
3.51312016907e-009	0.000583953646128
3.55445099459e-009	0.000478731744806
3.59578182011e-009	0.000375052593881
3.63711264562e-009	0.000303206477838
3.67844347114e-009	0.00027856539964
3.71977429666e-009	0.000300605912344
3.76110512218e-009	0.000355976058927
3.8024359477e-009	0.000423132092692
3.84376677322e-009	0.000478262474644
3.88509759873e-009	0.000500392503454
3.92642842425e-009	0.000476524146507
3.96775924977e-009	0.000407370665926
4.00909007529e-009	0.000311433948809
4.05042090081e-009	0.000221942136704
4.09175172633e-009	0.000173377349711
4.13308255185e-009	0.00018392023776
4.17441337736e-009	0.000244515984377
4.21574420288e-009	0.000323565269355
4.2570750284e-009	0.000383552076528
4.29840585392e-009	0.000400112752686
4.33973667944e-009	0.000370881680283
4.38106750496e-009	0.000310362695018
4.42239833047e-009	0.000239207642153
4.46372915599e-009	0.000175882014446
4.50505998151e-009	0.000135308138852
4.54639080703e-009	0.000128571733512
4.58772163255e-009	0.000158909475431
4.62905245807e-009	0.000216500586248
4.67038328359e-009	0.000278227489616
4.7117141091e-009	0.00031651014433
4.75304493462e-009	0.000312450094498
4.79437576014e-009	0.000265626738837
4.83570658566e-009	0.000194143722183
4.87703741118e-009	0.000125196085719
4.9183682367e-009	8.26158920972e-005
4.95969906221e-009	7.8032437159e-005
5.00102988773e-009	0.000108621021354
5.04236071325e-009	0.00015991928376
5.08369153877e-009	0.000211302773096
5.12502236429e-009	0.000243201022386
5.16635318981e-009	0.000243993876211
5.20768401533e-009	0.000213458144572
5.24901484084e-009	0.000161957017554
5.29034566636e-009	0.000105965955299
5.33167649188e-009	6.27274421277e-005
5.3730073174e-009	4.57120095234e-005
5.41433814292e-009	6.03880671406e-005
5.45566896844e-009	0.000101402689324
5.49699979395e-009	0.000152775290189
5.53833061947e-009	0.000193030638911
5.57966144499e-009	0.000204204741749
5.62099227051e-009	0.000180841037945
5.66232309603e-009	0.000132717952511
5.70365392155e-009	7.9424766227e-005
5.74498474706e-009	4.0169422391e-005
5.78631557258e-009	2.58680547631e-005
5.8276463981e-009	3.76118423446e-005
5.86897722362e-009	6.88587642799e-005
5.91030804914e-009	0.000108575870399
5.95163887466e-009	0.000143269189721
5.99296970018e-009	0.000160009625688
6.03430052569e-009	0.000150886266056
6.07563135121e-009	0.000117416835565
6.11696217673e-009	7.1284472142e-005
6.15829300225e-009	2.98201439364e-005
6.19962382777e-009	8.2157127963e-006
6.24095465329e-009	1.28586466417e-005
6.2822854788e-009	3.9839843339e-005
6.32361630432e-009	7.76489796408e-005
6.36494712984e-009	0.000111921424832
6.40627795536e-009	0.000130014697788
6.44760878088e-009	0.000124935515487
6.4889396064e-009	9.82206620392e-005
6.53027043192e-009	5.97474809183e-005
6.57160125743e-009	2.36195983234e-005
6.61293208295e-009	2.27719181112e-006
6.65426290847e-009	1.80217580237e-006
6.69559373399e-009	2.04910543289e-005
6.73692455951e-009	5.06444666826e-005
6.77825538503e-009	8.15671719465e-005
6.81958621054e-009	0.000102411351691
6.86091703606e-009	0.000105162245745
6.90224786158e-009	8.74554734764e-005
6.9435786871e-009	5.48709776922e-005
6.98490951262e-009	1.9682040147e-005
7.02624033814e-009	-4.36914888269e-006
7.06757116366e-009	-8.67408516569e-006
7.10890198917e-009	6.57830923956e-006
7.15023281469e-009	3.36497068929e-005
7.19156364021e-009	6.16852194071e-005
7.23289446573e-009	8.10842666397e-005
7.27422529125e-009	8.56662263686e-005
7.31555611677e-009	7.39425540814e-005
7.35688694228e-009	4.9307844165e-005
7.3982177678e-009	1.98835855372e-005
7.43954859332e-009	-3.78350364372e-006
7.48087941884e-009	-1.28413789753e-005
7.52221024436e-009	-4.28863324942e-006
7.56354106988e-009	1.76521061803e-005
7.6048718954e-009	4.37884718849e-005
7.64620272091e-009	6.42757768219e-005
7.68753354643e-009	7.20910175005e-005
7.72886437195e-009	6.46951102681e-005
7.77019519747e-009	4.45670411864e-005
7.81152602299e-009	1.8557459498e-005
7.85285684851e-009	-3.96808434289e-006
7.89418767402e-009	-1.46371503433e-005
7.93551849954e-009	-9.8554367014e-006
7.97684932506e-009	7.6766989423e-006
8.01818015058e-009	3.04354607579e-005
8.0595109761e-009	4.96562752232e-005
8.10084180162e-009	5.88539078308e-005
8.14217262714e-009	5.5422038713e-005
8.18350345265e-009	4.06974422731e-005
8.22483427817e-009	1.9337089725e-005
8.26616510369e-009	-1.56707733368e-006
8.30749592921e-009	-1.44168934639e-005
8.34882675473e-009	-1.41000223266e-005
8.39015758025e-009	-8.71633687893e-007
8.43148840576e-009	1.95115926545e-005
8.47281923128e-009	3.860466677e-005
8.5141500568e-009	4.92054259666e-005
8.55548088232e-009	4.81186834804e-005
8.59681170784e-009	3.64524603356e-005
8.63814253336e-009	1.84896257451e-005
8.67947335888e-009	1.7316517642e-007
8.72080418439e-009	-1.23807258205e-005
8.76213500991e-009	-1.47509808812e-005
8.80346583543e-009	-5.89044384469e-006
8.84479666095e-009	1.06905570192e-005
8.88612748647e-009	2.83130530079e-005
8.92745831199e-009	4.00710905524e-005
8.9687891375e-009	4.18284917032e-005
9.01011996302e-009	3.35645854648e-005
9.05145078854e-009	1.85865706044e-005
9.09278161406e-009	2.03376441732e-006
9.13411243958e-009	-1.05570163669e-005
9.1754432651e-009	-1.48066633301e-005
9.21677409061e-009	-9.09636855795e-006
9.25810491613e-009	4.46762442152e-006
9.29943574165e-009	2.04556081371e-005
9.34076656717e-009	3.2494413972e-005
9.38209739269e-009	3.60786234523e-005
9.42342821821e-009	3.03847455143e-005
9.46475904373e-009	1.80890647243e-005
9.50608986924e-009	3.72836586848e-006
9.54742069476e-009	-8.00640304988e-006
9.58875152028e-009	-1.34012275339e-005
9.6300823458e-009	-1.05842432276e-005
9.67141317132e-009	-3.43074233911e-007
9.71274399684e-009	1.35703485284e-005
9.75407482235e-009	2.56652456301e-005
9.79540564787e-009	3.10938330585e-005
9.83673647339e-009	2.79807181869e-005
9.87806729891e-009	1.79546668733e-005
9.91939812443e-009	5.06648075316e-006
9.96072894995e-009	-6.08065079177e-006
1.00020597755e-008	-1.19637188618e-005
1.0043390601e-008	-1.08233728042e-005
1.00847214265e-008	-3.11553878873e-006
1.0126052252e-008	8.49032244332e-006
1.01673830775e-008	1.97054700948e-005
1.02087139031e-008	2.61404584307e-005
1.02500447286e-008	2.52644658758e-005
1.02913755541e-008	1.76918924808e-005
1.03327063796e-008	6.57018608763e-006
1.03740372051e-008	-3.90381433135e-006
1.04153680307e-008	-1.02467975012e-005
1.04566988562e-008	-1.06200168375e-005
1.04980296817e-008	-5.01813065057e-006
1.05393605072e-008	4.60003536773e-006
1.05806913327e-008	1.48265803546e-005
1.06220221582e-008	2.17827755478e-005
1.06633529838e-008	2.26928127631e-005
1.07046838093e-008	1.72303339241e-005
1.07460146348e-008	7.72810199123e-006
1.07873454603e-008	-2.02702847218e-006
1.08286762858e-008	-8.52018661135e-006
1.08700071114e-008	-9.83785207609e-006
1.09113379369e-008	-5.89459068578e-006
1.09526687624e-008	1.84722364338e-006
1.09939995879e-008	1.07769624265e-005
1.10353304134e-008	1.77123865797e-005
1.10766612389e-008	1.99649703063e-005
1.11179920645e-008	1.65586538969e-005
1.115932289e-008	8.84433984538e-006
1.12006537155e-008	-7.62526610742e-008
1.1241984541e-008	-6.78755100125e-006
1.12833153665e-008	-9.03903401195e-006
1.13246461921e-008	-6.38081291982e-006
1.13659770176e-008	-3.75746935788e-008
1.14073078431e-008	7.73614260652e-006
1.14486386686e-008	1.43107454278e-005
1.14899694941e-008	1.72998643393e-005
1.15313003196e-008	1.55072930283e-005
1.15726311452e-008	9.50903563535e-006
1.16139619707e-008	1.66370966781e-006
1.16552927962e-008	-4.94163407438e-006
1.16966236217e-008	-7.91603270045e-006
1.17379544472e-008	-6.46645435154e-006
1.17792852728e-008	-1.41281466881e-006
1.18206160983e-008	5.31215755473e-006
1.18619469238e-008	1.14271028906e-005
1.19032777493e-008	1.4849256786e-005
1.19446085748e-008	1.42949888868e-005
1.19859394004e-008	9.87283669929e-006
1.20272702259e-008	3.16862417549e-006
1.20686010514e-008	-3.1785423289e-006
1.21099318769e-008	-6.72212559039e-006
1.21512627024e-008	-6.28130896985e-006
1.21925935279e-008	-2.32083823448e-006
1.22339243535e-008	3.49108540831e-006
1.2275255179e-008	9.08946367417e-006
1.23165860045e-008	1.26376062326e-005
1.235791683e-008	1.29380091494e-005
1.23992476555e-008	9.8255713965e-006
1.24405784811e-008	4.3479035412e-006
1.24819093066e-008	-1.45484625591e-006
1.25232401321e-008	-5.33762465693e-006
1.25645709576e-008	-5.85173688705e-006
1.26059017831e-008	-2.96956864076e-006
1.26472326086e-008	2.0128294409e-006
1.26885634342e-008	7.17927969163e-006
1.27298942597e-008	1.07619739538e-005
1.27712250852e-008	1.16328296826e-005
1.28125559107e-008	9.53777112045e-006
1.28538867362e-008	5.1497476079e-006
1.28952175618e-008	7.26380022797e-009
1.29365483873e-008	-3.93309903757e-006
1.29778792128e-008	-5.16467525813e-006
1.30192100383e-008	-3.26634437897e-006
1.30605408638e-008	8.60920636114e-007
1.31018716893e-008	5.5545115174e-006
1.31432025149e-008	9.11856591301e-006
1.31845333404e-008	1.04084019767e-005
1.32258641659e-008	9.09522850634e-006
1.32671949914e-008	5.65086997995e-006
1.33085258169e-008	1.23153702702e-006
1.33498566425e-008	-2.57478336607e-006
1.3391187468e-008	-4.31742569162e-006
1.34325182935e-008	-3.31589251346e-006
1.3473849119e-008	-1.51886609956e-008
1.35151799445e-008	4.1887677753e-006
1.35565107701e-008	7.69668940848e-006
1.35978415956e-008	9.30249711928e-006
1.36391724211e-008	8.58783664626e-006
1.36805032466e-008	5.89821138419e-006
1.37218340721e-008	2.15300303807e-006
1.37631648976e-008	-1.35456488692e-006
1.38044957232e-008	-3.36080461238e-006
1.38458265487e-008	-3.08564813167e-006
1.38871573742e-008	-6.22067659606e-007
1.39284881997e-008	3.0244723348e-006
1.39698190252e-008	6.41009660285e-006
1.40111498508e-008	8.28112570161e-006
1.40524806763e-008	8.07368837741e-006
1.40938115018e-008	6.00645012128e-006
1.41351423273e-008	2.84847760668e-006
1.41764731528e-008	-3.25312498717e-007
1.42178039783e-008	-2.42792452809e-006
1.42591348039e-008	-2.68142946425e-006
1.43004656294e-008	-9.48344535345e-007
1.43417964549e-008	2.10288874314e-006
1.43831272804e-008	5.25859752543e-006
1.44244581059e-008	7.30817532713e-006
1.44657889315e-008	7.54285360927e-006
1.4507119757e-008	6.0186898736e-006
1.45484505825e-008	3.36166897341e-006
1.4589781408e-008	5.20937746273e-007
1.46311122335e-008	-1.55584916683e-006
1.46724430591e-008	-2.16248531615e-006
1.47137738846e-008	-1.04755136476e-006
1.47551047101e-008	1.39936304322e-006
1.47964355356e-008	4.24822735567e-006
1.48377663611e-008	6.38239521322e-006
1.48790971866e-008	7.0004709869e-006
1.49204280122e-008	5.96015433985e-006
1.49617588377e-008	3.75167735456e-006
1.50030896632e-008	1.20790573988e-006
1.50444204887e-008	-7.93717617853e-007
1.50857513142e-008	-1.61428170031e-006
1.51270821398e-008	-9.69118218563e-007
1.51684129653e-008	9.32449808033e-007
1.52097437908e-008	3.40171629887e-006
1.52510746163e-008	5.50604352156e-006
1.52924054418e-008	6.41975202598e-006
1.53337362673e-008	5.83195992476e-006
1.53750670929e-008	4.04664308462e-006
1.54163979184e-008	1.78579500698e-006
1.54577287439e-008	-1.28002469069e-007
1.54990595694e-008	-1.08416762146e-006
1.55403903949e-008	-7.91916960452e-007
1.55817212205e-008	6.49843428846e-007
1.5623052046e-008	2.74004162293e-006
1.56643828715e-008	4.71729435958e-006
1.5705713697e-008	5.81843505643e-006
1.57470445225e-008	5.62326874842e-006
1.5788375348e-008	4.25195207754e-006
1.58297061736e-008	2.27680186526e-006
1.58710369991e-008	4.52496323078e-007
1.59123678246e-008	-5.92627628748e-007
1.59536986501e-008	-5.56708044996e-007
1.59950294756e-008	5.15501710652e-007
1.60363603012e-008	2.24267739668e-006
1.60776911267e-008	4.03215756251e-006
1.61190219522e-008	5.22253719737e-006
1.61603527777e-008	5.34647415407e-006
1.62016836032e-008	4.36491461642e-006
1.62430144288e-008	2.6822633572e-006
1.62843452543e-008	9.76845512923e-007
1.63256760798e-008	-1.34545253161e-007
1.63670069053e-008	-3.05912621457e-007
1.64083377308e-008	4.6854518132e-007
1.64496685563e-008	1.89194327049e-006
1.64909993819e-008	3.47405034518e-006
1.65323302074e-008	4.66489802875e-006
1.65736610329e-008	5.01272711517e-006
1.66149918584e-008	4.37882329152e-006
1.66563226839e-008	3.00624219562e-006
1.66976535095e-008	1.44495737686e-006
1.6738984335e-008	3.00687439392e-007
1.67803151605e-008	-4.46992558523e-008
1.6821645986e-008	4.80066262298e-007
1.68629768115e-008	1.64366235822e-006
1.6904307637e-008	3.02873070268e-006
1.69456384626e-008	4.17211197146e-006
1.69869692881e-008	4.65980178888e-006
1.70283001136e-008	4.30616432823e-006
1.70696309391e-008	3.23583037698e-006
1.71109617646e-008	1.85781448181e-006
1.71522925902e-008	7.13712296374e-007
1.71936234157e-008	2.2366842245e-007
1.72349542412e-008	5.31300841544e-007
1.72762850667e-008	1.47238847603e-006
1.73176158922e-008	2.68190558472e-006
1.73589467178e-008	3.74609783194e-006
1.74002775433e-008	4.31245825894e-006
1.74416083688e-008	4.17595390445e-006
1.74829391943e-008	3.3749117847e-006
1.75242700198e-008	2.19633955112e-006
1.75656008453e-008	1.10154169874e-006
1.76069316709e-008	5.07856142917e-007
1.76482624964e-008	6.18103939587e-007
1.76895933219e-008	1.3517864943e-006
1.77309241474e-008	2.40149051933e-006
1.77722549729e-008	3.39413406891e-006
1.78135857985e-008	3.99407497298e-006
1.7854916624e-008	4.00919827825e-006
1.78962474495e-008	3.43286160387e-006
1.7937578275e-008	2.45937997079e-006
1.79789091005e-008	1.45229120108e-006
1.8020239926e-008	7.97513280304e-007
1.80615707516e-008	7.38933067623e-007
1.81029015771e-008	1.27909731873e-006
1.81442324026e-008	2.17684748804e-006
1.81855632281e-008	3.09219342398e-006
1.82268940536e-008	3.71083001482e-006
1.82682248792e-008	3.8324506022e-006
1.83095557047e-008	3.43290025739e-006
1.83508865302e-008	2.64742686795e-006
1.83922173557e-008	1.75226659849e-006
1.84335481812e-008	1.08312795533e-006
1.84748790067e-008	8.90782558827e-007
1.85162098323e-008	1.24928504874e-006
1.85575406578e-008	1.99882174456e-006
1.85988714833e-008	2.83499343823e-006
1.86402023088e-008	3.45562000348e-006
1.86815331343e-008	3.65778373634e-006
1.87228639599e-008	3.39863220233e-006
1.87641947854e-008	2.77258482129e-006
1.88055256109e-008	1.99567591608e-006
1.88468564364e-008	1.34528124818e-006
1.88881872619e-008	1.06679581791e-006
1.89295180875e-008	1.26691614355e-006
1.8970848913e-008	1.86262263924e-006
1.90121797385e-008	2.60995022927e-006
1.9053510564e-008	3.2252114579e-006
1.90948413895e-008	3.49310107595e-006
1.9136172215e-008	3.34394997026e-006
1.91775030406e-008	2.84956718133e-006
1.92188338661e-008	2.18348657199e-006
1.92601646916e-008	1.57961687819e-006
1.93014955171e-008	1.24888290998e-006
1.93428263426e-008	1.32184339918e-006
1.93841571682e-008	1.77196614004e-006
1.94254879937e-008	2.42002124651e-006
1.94668188192e-008	3.01448596929e-006
1.95081496447e-008	3.33258333285e-006
1.95494804702e-008	3.27770862896e-006
1.95908112957e-008	2.89492265892e-006
1.96321421213e-008	2.32743752804e-006
1.96734729468e-008	1.77592642103e-006
1.97148037723e-008	1.4263287369e-006
1.97561345978e-008	1.40318186936e-006
1.97974654233e-008	1.72425552591e-006
1.98387962489e-008	2.26796737479e-006
1.98801270744e-008	2.82254018202e-006
1.99214578999e-008	3.17519982218e-006
1.99627887254e-008	3.20212961924e-006
2.00041195509e-008	2.91781418582e-006
2.00454503764e-008	2.43881106599e-006
2.0086781202e-008	1.93772586954e-006
2.01281120275e-008	1.58628296276e-006
2.0169442853e-008	1.49972538566e-006
2.02107736785e-008	1.71494571077e-006
2.0252104504e-008	2.1537231305e-006
2.02934353296e-008	2.65327935267e-006
2.03347661551e-008	3.02039586586e-006
2.03760969806e-008	3.11858570967e-006
2.04174278061e-008	2.92343281671e-006
2.04587586316e-008	2.52340021234e-006
2.05000894572e-008	2.07189088997e-006
2.05414202827e-008	1.72730915438e-006
2.05827511082e-008	1.60043941833e-006
2.06240819337e-008	1.73125727088e-006
2.06654127592e-008	2.07596553992e-006
2.07067435847e-008	2.51110009231e-006
2.07480744103e-008	2.87532179755e-006
2.07894052358e-008	3.02497858229e-006
2.08307360613e-008	2.91139497222e-006
2.08720668868e-008	2.58751549609e-006
2.09133977123e-008	2.18477384806e-006
2.09547285379e-008	1.85197791325e-006
2.09960593634e-008	1.69599138644e-006
2.10373901889e-008	1.76336845925e-006
2.10787210144e-008	2.02918204195e-006
2.11200518399e-008	2.39960104409e-006
2.11613826654e-008	2.74245371656e-006
2.1202713491e-008	2.9258945915e-006
2.12440443165e-008	2.88195496978e-006
2.1285375142e-008	2.63330900907e-006
2.13267059675e-008	2.28070859976e-006
2.1368036793e-008	1.96117127871e-006
2.14093676186e-008	1.78514301297e-006
2.14506984441e-008	1.80414508577e-006
2.14920292696e-008	2.00535657768e-006
2.15333600951e-008	2.31554690799e-006
2.15746909206e-008	2.62683340679e-006
2.16160217462e-008	2.82711346244e-006
2.16573525717e-008	2.8384675943e-006
2.16986833972e-008	2.65970595592e-006
2.17400142227e-008	2.35974482621e-006
2.17813450482e-008	2.05915171136e-006
2.18226758737e-008	1.86856584605e-006
2.18640066993e-008	1.84908037681e-006
2.19053375248e-008	1.99671114842e-006
2.19466683503e-008	2.25343364946e-006
2.19879991758e-008	2.53151813467e-006
2.20293300013e-008	2.733913675e-006
2.20706608269e-008	2.78627703665e-006
2.21119916524e-008	2.66665335857e-006
2.21533224779e-008	2.42108399107e-006
2.21946533034e-008	2.14651856822e-006
2.22359841289e-008	1.9493813852e-006
2.22773149544e-008	1.89547722584e-006
2.231864578e-008	1.99697797143e-006
2.23599766055e-008	2.20885044655e-006
2.2401307431e-008	2.45529474796e-006
2.24426382565e-008	2.65137384758e-006
2.2483969082e-008	2.72798286005e-006
2.25252999076e-008	2.6581712973e-006
2.25666307331e-008	2.46555316608e-006
2.26079615586e-008	2.22287633278e-006
2.26492923841e-008	2.02482476652e-006
2.26906232096e-008	1.94391373043e-006
2.27319540351e-008	2.00532042527e-006
2.27732848607e-008	2.17742081077e-006
2.28146156862e-008	2.39358314502e-006
2.28559465117e-008	2.57931367287e-006
2.28972773372e-008	2.67109385277e-006
2.29386081627e-008	2.63889012331e-006
2.29799389883e-008	2.49301911026e-006
2.30212698138e-008	2.28550061365e-006
2.30626006393e-008	2.09488871405e-006
2.31039314648e-008	1.99497014819e-006
2.31452622903e-008	2.02017247375e-006
2.31865931159e-008	2.15562158701e-006
2.32279239414e-008	2.34357116824e-006
2.32692547669e-008	2.51730557466e-006
2.33105855924e-008	2.61807315383e-006
2.33519164179e-008	2.61392301582e-006
2.33932472434e-008	2.50659297762e-006
2.3434578069e-008	2.33295986618e-006
2.34759088945e-008	2.15792385916e-006
2.351723972e-008	2.0471377411e-006
2.35585705455e-008	2.04235470846e-006
2.3599901371e-008	2.1411567559e-006
2.36412321966e-008	2.30263674439e-006
2.36825630221e-008	2.46460706421e-006
2.37238938476e-008	2.57045826402e-006
2.37652246731e-008	2.58566126377e-006
2.38065554986e-008	2.50924199463e-006
2.38478863241e-008	2.36824018884e-006
2.38892171497e-008	2.21211735152e-006
2.39305479752e-008	2.0975883217e-006
2.39718788007e-008	2.0687569986e-006
2.40132096262e-008	2.13612429434e-006
2.40545404517e-008	2.27033774536e-006
2.40958712773e-008	2.41862653638e-006
2.41372021028e-008	2.52630843534e-006
2.41785329283e-008	2.55737245425e-006
2.42198637538e-008	2.50611014962e-006
2.42611945793e-008	2.39236464949e-006
2.43025254049e-008	2.25569135637e-006
2.43438562304e-008	2.14432702705e-006
2.43851870559e-008	2.09915879168e-006
2.44265178814e-008	2.13878468003e-006
2.44678487069e-008	2.24616701416e-006
2.45091795324e-008	2.37865492636e-006
2.4550510358e-008	2.48541675774e-006
2.45918411835e-008	2.529703238e-006
2.4633172009e-008	2.49903655458e-006
2.46745028345e-008	2.40841768573e-006
2.471583366e-008	2.2896720111e-006
2.47571644856e-008	2.18505726934e-006
2.47984953111e-008	2.13123905723e-006
2.48398261366e-008	2.14818737732e-006
2.48811569621e-008	2.22979167575e-006
2.49224877876e-008	2.34427795931e-006
2.49638186131e-008	2.44841612584e-006
2.50051494387e-008	2.50242192124e-006
2.50464802642e-008	2.48922970059e-006
2.50878110897e-008	2.41771908804e-006
2.51291419152e-008	2.31665842421e-006
2.51704727407e-008	2.22029063934e-006
2.52118035663e-008	2.16172259115e-006
2.52531343918e-008	2.16169075884e-006
2.52944652173e-008	2.22093058255e-006
2.53357960428e-008	2.31754847846e-006
2.53771268683e-008	2.41463146722e-006
2.54184576938e-008	2.47477214543e-006
2.54597885194e-008	2.47691855293e-006
2.55011193449e-008	2.42373334913e-006
2.55424501704e-008	2.33749369727e-006
2.55837809959e-008	2.24955590511e-006
2.56251118214e-008	2.18945911001e-006
2.5666442647e-008	2.17774561406e-006
2.57077734725e-008	2.21872721795e-006
2.5749104298e-008	2.29745035085e-006
2.57904351235e-008	2.384768095e-006
2.5831765949e-008	2.44767534241e-006
2.58730967746e-008	2.46261447501e-006
2.59144276001e-008	2.42624582825e-006
2.59557584256e-008	2.35378615798e-006
2.59970892511e-008	2.27380837714e-006
2.60384200766e-008	2.21408288326e-006
2.60797509021e-008	2.19480284613e-006
2.61210817277e-008	2.22103949454e-006
2.61624125532e-008	2.28331941798e-006
2.62037433787e-008	2.35955587868e-006
2.62450742042e-008	2.42224473368e-006
2.62864050297e-008	2.44704153829e-006
2.63277358553e-008	2.4246845669e-006
2.63690666808e-008	2.36598054926e-006
2.64103975063e-008	2.29436386689e-006
2.64517283318e-008	2.23656070375e-006
2.64930591573e-008	2.21111338305e-006
2.65343899828e-008	2.22574124109e-006
2.65757208084e-008	2.27419877774e-006
2.66170516339e-008	2.34011531575e-006
2.66583824594e-008	2.39923247136e-006
2.66997132849e-008	2.42984685883e-006
2.67410441104e-008	2.42008127316e-006
2.6782374936e-008	2.37458323227e-006
2.68237057615e-008	2.31220042224e-006
2.6865036587e-008	2.25633095852e-006
2.69063674125e-008	2.22647997816e-006
2.6947698238e-008	2.23196423121e-006
2.69890290635e-008	2.26942734116e-006
2.70303598891e-008	2.32519971632e-006
2.70716907146e-008	2.37925110014e-006
2.71130215401e-008	2.41249244937e-006
2.71543523656e-008	2.41294401349e-006
2.71956831911e-008	2.37999017827e-006
2.72370140167e-008	2.3267589313e-006
2.72783448422e-008	2.27382508911e-006
2.73196756677e-008	2.24112773139e-006
2.73610064932e-008	2.23939730404e-006
2.74023373187e-008	2.26743452458e-006
2.74436681443e-008	2.31366414027e-006
2.74849989698e-008	2.36240441609e-006
2.75263297953e-008	2.39655867063e-006
2.75676606208e-008	2.40430847498e-006
2.76089914463e-008	2.38177074152e-006
2.76503222718e-008	2.33775494962e-006
2.76916530974e-008	2.28953592796e-006
2.77329839229e-008	2.25548660637e-006
2.77743147484e-008	2.2475227297e-006
2.78156455739e-008	2.26665019909e-006
2.78569763994e-008	2.3052969027e-006
2.7898307225e-008	2.34875449223e-006
2.79396380505e-008	2.382385901e-006
2.7980968876e-008	2.39456437612e-006
2.80222997015e-008	2.38071595504e-006
2.8063630527e-008	2.34567676216e-006
2.81049613525e-008	2.30325667872e-006
2.81462921781e-008	2.26907127399e-006
2.81876230036e-008	2.25586427405e-006
2.82289538291e-008	2.26756287702e-006
2.82702846546e-008	2.29905162996e-006
2.83116154801e-008	2.33793150528e-006
2.83529463057e-008	2.36984180901e-006
2.83942771312e-008	2.38474865455e-006
2.84356079567e-008	2.37769938849e-006
2.84769387822e-008	2.35106926993e-006
2.85182696077e-008	2.31450655974e-006
2.85596004333e-008	2.28138924285e-006
2.86009312588e-008	2.26459826536e-006
2.86422620843e-008	2.27019268095e-006
2.86835929098e-008	2.29483066505e-006
2.87249237353e-008	2.32867955674e-006
2.87662545608e-008	2.35882941979e-006
2.88075853864e-008	2.37573794948e-006
2.88489162119e-008	2.37387632751e-006
2.88902470374e-008	2.3538862024e-006
2.89315778629e-008	2.32287663948e-006
2.89729086884e-008	2.29249940276e-006
2.9014239514e-008	2.2738502139e-006
2.90555703395e-008	2.2738821599e-006
2.9096901165e-008	2.29202021274e-006
2.91382319905e-008	2.32105458053e-006
2.9179562816e-008	2.34949084188e-006
2.92208936415e-008	2.36739685988e-006
2.92622244671e-008	2.36941298226e-006
2.93035552926e-008	2.35469508425e-006
2.93448861181e-008	2.32928186961e-006
2.93862169436e-008	2.3019629225e-006
2.94275477691e-008	2.28277986025e-006
2.94688785947e-008	2.27842849654e-006
2.95102094202e-008	2.29075931202e-006
2.95515402457e-008	2.31500109749e-006
2.95928710712e-008	2.34135745814e-006
2.96342018967e-008	2.35976153817e-006
2.96755327222e-008	2.36445896462e-006
2.97168635478e-008	2.35444599639e-006
2.97581943733e-008	2.33389232562e-006
2.97995251988e-008	2.30989246575e-006
2.98408560243e-008	2.29060685797e-006
2.98821868498e-008	2.28356441312e-006
2.99235176754e-008	2.29117586059e-006
2.99648485009e-008	2.31064404943e-006
3.00061793264e-008	2.3340920734e-006
3.00475101519e-008	2.35239269841e-006
3.00888409774e-008	2.35968502693e-006
3.0130171803e-008	2.35376535329e-006
3.01715026285e-008	2.33697278418e-006
3.0212833454e-008	2.31590308886e-006
3.02541642795e-008	2.29770637361e-006
3.0295495105e-008	2.28911801514e-006
3.03368259305e-008	2.29274917274e-006
3.03781567561e-008	2.30753562391e-006
3.04194875816e-008	2.32788056564e-006
3.04608184071e-008	2.34587412251e-006
3.05021492326e-008	2.3549918069e-006
3.05434800581e-008	2.35222148603e-006
3.05848108837e-008	2.33895991641e-006
3.06261417092e-008	2.3206998776e-006
3.06674725347e-008	2.30397233736e-006
3.07088033602e-008	2.2943430622e-006
3.07501341857e-008	2.29506144933e-006
3.07914650112e-008	2.30566217851e-006
3.08327958368e-008	2.32300021707e-006
3.08741266623e-008	2.34000538057e-006
3.09154574878e-008	2.35026936934e-006
3.09567883133e-008	2.35002437421e-006
3.09981191388e-008	2.34008609823e-006
3.10394499644e-008	2.3247490617e-006
3.10807807899e-008	2.30926082168e-006
3.11221116154e-008	2.29901343118e-006
3.11634424409e-008	2.29754186876e-006
3.12047732664e-008	2.30516764077e-006
3.1246104092e-008	2.3194638743e-006
3.12874349175e-008	2.33476691847e-006
3.1328765743e-008	2.345275675e-006
3.13700965685e-008	2.3475887474e-006
3.1411427394e-008	2.3407609433e-006
3.14527582195e-008	2.32784111631e-006
3.14940890451e-008	2.31356295899e-006
3.15354198706e-008	2.30318983085e-006
3.15767506961e-008	2.30041155191e-006
3.16180815216e-008	2.30552450375e-006
3.16594123471e-008	2.31677006468e-006
3.17007431727e-008	2.33026207752e-006
3.17420739982e-008	2.34083540818e-006
3.17834048237e-008	2.34493143125e-006
3.18247356492e-008	2.3406762466e-006
3.18660664747e-008	2.33007062889e-006
3.19073973002e-008	2.31730064115e-006
3.19487281258e-008	2.30711316362e-006
3.19900589513e-008	2.30325599659e-006
3.20313897768e-008	2.30627597375e-006
3.20727206023e-008	2.31496539982e-006
3.21140514278e-008	2.32664888244e-006
3.21553822534e-008	2.33699893215e-006
3.21967130789e-008	2.34200877003e-006
3.22380439044e-008	2.33988953369e-006
3.22793747299e-008	2.33157493312e-006
3.23207055554e-008	2.32060961025e-006
3.23620363809e-008	2.31074682233e-006
3.24033672065e-008	2.30584237215e-006
3.2444698032e-008	2.30712521443e-006
3.24860288575e-008	2.31396336403e-006
3.2527359683e-008	2.3240658038e-006
3.25686905085e-008	2.33346088407e-006
3.26100213341e-008	2.33898299484e-006
3.26513521596e-008	2.33863147514e-006
3.26926829851e-008	2.33263642713e-006
3.27340138106e-008	2.32327795402e-006
3.27753446361e-008	2.31387741678e-006
3.28166754617e-008	2.30827311043e-006
3.28580062872e-008	2.30837827075e-006
3.28993371127e-008	2.31349929436e-006
3.29406679382e-008	2.32191621308e-006
3.29819987637e-008	2.33042771924e-006
3.30233295892e-008	2.33619562096e-006
3.30646604148e-008	2.33722641951e-006
3.31059912403e-008	2.33301568642e-006
3.31473220658e-008	2.32524098465e-006
3.31886528913e-008	2.31667536355e-006
3.32299837168e-008	2.31072363022e-006
3.32713145424e-008	2.30979026128e-006
3.33126453679e-008	2.3133426339e-006
3.33539761934e-008	2.3202196644e-006
3.33953070189e-008	2.32797481203e-006
3.34366378444e-008	2.3337828452e-006
3.34779686699e-008	2.33567493524e-006
3.35192994955e-008	2.33284072237e-006
3.3560630321e-008	2.32663091992e-006
3.36019611465e-008	2.3191693117e-006
3.3643291972e-008	2.31324816014e-006
3.36846227975e-008	2.31114336202e-006
3.37259536231e-008	2.31338890444e-006
3.37672844486e-008	2.31905721648e-006
3.38086152741e-008	2.32606146255e-006
3.38499460996e-008	2.33158596075e-006
3.38912769251e-008	2.33397076954e-006
3.39326077506e-008	2.33239006775e-006
3.39739385762e-008	2.32761829011e-006
3.40152694017e-008	2.32122999932e-006
3.40566002272e-008	2.31536239426e-006
3.40979310527e-008	2.31260401051e-006
3.41392618782e-008	2.31380136029e-006
3.41805927038e-008	2.31828346386e-006
3.42219235293e-008	2.32433774272e-006
3.42632543548e-008	2.32957438584e-006
3.43045851803e-008	2.33238847613e-006
3.43459160058e-008	2.33183720866e-006
3.43872468314e-008	2.32816034895e-006
3.44285776569e-008	2.32272145695e-006
3.44699084824e-008	2.31726232869e-006
3.45112393079e-008	2.31415810958e-006
3.45525701334e-008	2.31446824728e-006
3.45939009589e-008	2.3177476578e-006
3.46352317845e-008	2.32285640323e-006
3.467656261e-008	2.32783963838e-006
3.47178934355e-008	2.33098182889e-006
3.4759224261e-008	2.3311864652e-006
3.48005550865e-008	2.32829142988e-006
3.48418859121e-008	2.3237557798e-006
3.48832167376e-008	2.31902231462e-006
3.49245475631e-008	2.31576427723e-006
3.49658783886e-008	2.31520004945e-006
3.50072092141e-008	2.31740057188e-006
3.50485400396e-008	2.32176944337e-006
3.50898708652e-008	2.32643265008e-006
3.51312016907e-008	2.32965624036e-006
3.51725325162e-008	2.33031869357e-006
3.52138633417e-008	2.32830132063e-006
3.52551941672e-008	2.32464083183e-006
3.52965249928e-008	2.32049023907e-006
3.53378558183e-008	2.31711874221e-006
3.53791866438e-008	2.31600063216e-006
3.54205174693e-008	2.3174660555e-006
3.54618482948e-008	2.32100899211e-006
3.55031791204e-008	2.32516595133e-006
3.55445099459e-008	2.32828438129e-006
3.55858407714e-008	2.32946899814e-006
3.56271715969e-008	2.32823890656e-006
3.56685024224e-008	2.32526929267e-006
3.57098332479e-008	2.3215610554e-006
3.57511640735e-008	2.3182986979e-006
3.5792494899e-008	2.31688989061e-006
3.58338257245e-008	2.31773844916e-006
3.587515655e-008	2.32046818383e-006
3.59164873755e-008	2.32400225286e-006
3.59578182011e-008	2.32701415825e-006
3.59991490266e-008	2.32868262628e-006
3.60404798521e-008	2.32810236866e-006
3.60818106776e-008	2.32558443258e-006
3.61231415031e-008	2.3223332164e-006
3.61644723286e-008	2.31941703532e-006
3.62058031542e-008	2.31783883464e-006
3.62471339797e-008	2.31809360685e-006
3.62884648052e-008	2.32003833389e-006
3.63297956307e-008	2.32309059811e-006
3.63711264562e-008	2.32602747019e-006
3.64124572818e-008	2.32783816045e-006
3.64537881073e-008	2.32772913478e-006
3.64951189328e-008	2.32576769577e-006
3.65364497583e-008	2.32308059367e-006
3.65777805838e-008	2.32039360526e-006
3.66191114093e-008	2.31865135447e-006
3.66604422349e-008	2.31844933296e-006
3.67017730604e-008	2.31989611166e-006
3.67431038859e-008	2.32248555676e-006
3.67844347114e-008	2.32514594245e-006
3.68257655369e-008	2.32695015256e-006
3.68670963625e-008	2.32728564242e-006
3.6908427188e-008	2.32593777127e-006
3.69497580135e-008	2.32366869568e-006
3.6991088839e-008	2.3212026008e-006
3.70324196645e-008	2.31936348882e-006
3.70737504901e-008	2.31890101077e-006
3.71150813156e-008	2.31993010402e-006
3.71564121411e-008	2.32205218254e-006
3.71977429666e-008	2.32432353187e-006
3.72390737921e-008	2.32609443174e-006
3.72804046176e-008	2.32683782997e-006
3.73217354432e-008	2.32600416439e-006
3.73630662687e-008	2.32404386225e-006
3.74043970942e-008	2.32180855164e-006
3.74457279197e-008	2.32003628753e-006
3.74870587452e-008	2.31941976381e-006
3.75283895708e-008	2.32000820688e-006
3.75697203963e-008	2.32164541103e-006
3.76110512218e-008	2.32366915043e-006
3.76523820473e-008	2.32542925005e-006
3.76937128728e-008	2.32631998642e-006
3.77350436983e-008	2.32585364301e-006
3.77763745239e-008	2.32429613334e-006
3.78177053494e-008	2.32239392517e-006
3.78590361749e-008	2.32069430695e-006
3.79003670004e-008	2.31985347909e-006
3.79416978259e-008	2.32011495882e-006
3.79830286515e-008	2.32139132095e-006
3.8024359477e-008	2.32323566252e-006
3.80656903025e-008	2.32481590956e-006
3.8107021128e-008	2.32575939663e-006
3.81483519535e-008	2.32564116232e-006
3.81896827791e-008	2.32450224757e-006
3.82310136046e-008	2.32287095514e-006
3.82723444301e-008	2.32125853472e-006
3.83136752556e-008	2.32026604863e-006
3.83550060811e-008	2.32029731251e-006
3.83963369066e-008	2.32131458233e-006
3.84376677322e-008	2.32286629398e-006
3.84789985577e-008	2.32427555602e-006
3.85203293832e-008	2.32523484556e-006
3.85616602087e-008	2.32543243328e-006
3.86029910342e-008	2.32463992234e-006
3.86443218598e-008	2.32321986005e-006
3.86856526853e-008	2.32170100389e-006
3.87269835108e-008	2.32071897699e-006
3.87683143363e-008	2.32058630445e-006
3.88096451618e-008	2.3212518272e-006
3.88509759873e-008	2.3224972665e-006
3.88923068129e-008	2.32383740695e-006
3.89336376384e-008	2.32483500895e-006
3.89749684639e-008	2.32516936194e-006
3.90162992894e-008	2.32458512528e-006
3.90576301149e-008	2.32343779771e-006
3.90989609405e-008	2.32213062645e-006
3.9140291766e-008	2.32115803556e-006
3.91816225915e-008	2.32082618368e-006
3.9222953417e-008	2.32118213717e-006
3.92642842425e-008	2.32223499097e-006
3.9305615068e-008	2.32350896567e-006
3.93469458936e-008	2.32446086557e-006
3.93882767191e-008	2.32483012041e-006
3.94296075446e-008	2.32449826854e-006
3.94709383701e-008	2.32360753216e-006
3.95122691956e-008	2.3225231871e-006
3.95536000212e-008	2.32152149238e-006
3.95949308467e-008	2.32104332554e-006
3.96362616722e-008	2.32122340549e-006
3.96775924977e-008	2.32209981732e-006
3.97189233232e-008	2.32322872762e-006
3.97602541488e-008	2.32408581269e-006
3.98015849743e-008	2.32450611293e-006
3.98429157998e-008	2.32441038861e-006
3.98842466253e-008	2.32377874454e-006
3.99255774508e-008	2.3227848942e-006
3.99669082763e-008	2.32180082094e-006
4.00082391019e-008	2.32130241784e-006
4.00495699274e-008	2.32139825584e-006
4.00909007529e-008	2.32199681705e-006
4.01322315784e-008	2.32292723013e-006
4.01735624039e-008	2.32376578424e-006
4.02148932295e-008	2.32429181324e-006
4.0256224055e-008	2.32432591929e-006
4.02975548805e-008	2.32382376453e-006
4.0338885706e-008	2.32294883062e-006
4.03802165315e-008	2.32209117712e-006
4.0421547357e-008	2.32160221003e-006
4.04628781826e-008	2.32155173308e-006
4.05042090081e-008	2.32190143379e-006
4.05455398336e-008	2.32268428135e-006
4.05868706591e-008	2.32351544582e-006
4.06282014846e-008	2.32407285239e-006
4.06695323102e-008	2.32416596191e-006
4.07108631357e-008	2.32377681186e-006
4.07521939612e-008	2.32309525927e-006
4.07935247867e-008	2.32235015574e-006
4.08348556122e-008	2.32183606386e-006
4.08761864377e-008	2.32164541103e-006
4.09175172633e-008	2.32186459925e-006
4.09588480888e-008	2.32251989019e-006
4.10001789143e-008	2.32331763073e-006
4.10415097398e-008	2.32382171816e-006
4.10828405653e-008	2.32396905631e-006
4.11241713909e-008	2.32374941334e-006
4.11655022164e-008	2.32324578064e-006
4.12068330419e-008	2.32255820265e-006
4.12481638674e-008	2.32198851791e-006
4.12894946929e-008	2.32178808801e-006
4.13308255185e-008	2.32193406191e-006
4.1372156344e-008	2.32242678067e-006
4.14134871695e-008	2.32308173054e-006
4.1454817995e-008	2.32359536767e-006
4.14961488205e-008	2.32383308685e-006
4.1537479646e-008	2.32374077314e-006
4.15788104716e-008	2.32331376537e-006
4.16201412971e-008	2.32269690059e-006
4.16614721226e-008	2.3221673473e-006
4.17028029481e-008	2.32195645822e-006
4.17441337736e-008	2.32200989103e-006
4.17854645992e-008	2.32235026942e-006
4.18267954247e-008	2.32289903579e-006
4.18681262502e-008	2.32342426898e-006
4.19094570757e-008	2.32371075981e-006
4.19507879012e-008	2.32367767694e-006
4.19921187267e-008	2.3233377533e-006
4.20334495523e-008	2.32283275636e-006
4.20747803778e-008	2.32235368003e-006
4.21161112033e-008	2.32208651596e-006
4.21574420288e-008	2.32206662076e-006
4.21987728543e-008	2.32228990171e-006
4.22401036799e-008	2.32277795931e-006
4.22814345054e-008	2.32326567584e-006
4.23227653309e-008	2.32355046137e-006
4.23640961564e-008	2.32355750995e-006
4.24054269819e-008	2.3233463935e-006
4.24467578075e-008	2.32294678426e-006
4.2488088633e-008	2.32248191878e-006
4.25294194585e-008	2.32215927554e-006
4.2570750284e-008	2.32211925777e-006
4.26120811095e-008	2.32230763686e-006
4.2653411935e-008	2.322680416e-006
4.26947427606e-008	2.32308582326e-006
4.27360735861e-008	2.3233843649e-006
4.27774044116e-008	2.32349339058e-006
4.28187352371e-008	2.32335230521e-006
4.28600660626e-008	2.32301374581e-006
4.29013968882e-008	2.3225793484e-006
4.29427277137e-008	2.32227762353e-006
4.29840585392e-008	2.32220736507e-006
4.30253893647e-008	2.32233014685e-006
4.30667201902e-008	2.32259458244e-006
4.31080510157e-008	2.32295440128e-006
4.31493818413e-008	2.32327806771e-006
4.31907126668e-008	2.32342824802e-006
4.32320434923e-008	2.32331740335e-006
4.32733743178e-008	2.32303978009e-006
4.33147051433e-008	2.32269201206e-006
4.33560359689e-008	2.32240972764e-006
4.33973667944e-008	2.32228603636e-006
4.34386976199e-008	2.32233242059e-006
4.34800284454e-008	2.32253694321e-006
4.35213592709e-008	2.3228756163e-006
4.35626900964e-008	2.32319405313e-006
4.3604020922e-008	2.32332956784e-006
4.36453517475e-008	2.3232582862e-006
4.3686682573e-008	2.32306604175e-006
4.37280133985e-008	2.32281138324e-006
4.3769344224e-008	2.32250692989e-006
4.38106750496e-008	2.32232116559e-006
4.38520058751e-008	2.32233173847e-006
4.38933367006e-008	2.3225387622e-006
4.39346675261e-008	2.32280876844e-006
4.39759983516e-008	2.32305569625e-006
4.40173291772e-008	2.32320792293e-006
4.40586600027e-008	2.32321360727e-006
4.40999908282e-008	2.32308320847e-006
4.41413216537e-008	2.32285412949e-006
4.41826524792e-008	2.32256218169e-006
4.42239833047e-008	2.32236050124e-006
4.42653141303e-008	2.32237505315e-006
