% time-domain current integration by openEMS v0.0.35 @Fri Apr 10 21:31:58 2020
% start-coordinates: (-0.00882148,-0.0038,0.000508) m -> [19,20,17]
% stop-coordinates: (-0.0055,0.001,0.000508) m -> [20,22,17]
% t/s	current
7.38050455687e-013	0
4.20688759741e-011	1.30491059736e-007
8.33997014926e-011	5.15658939548e-007
1.24730527011e-010	1.81607788363e-006
1.66061352529e-010	5.58637839276e-006
2.07392178048e-010	1.50298656081e-005
2.48723003566e-010	3.53476643795e-005
2.90053829085e-010	7.26364814909e-005
3.31384654603e-010	0.000130429121782
3.72715480122e-010	0.000204609328648
4.1404630564e-010	0.000280261912849
4.55377131159e-010	0.000334831420332
4.96707956677e-010	0.000348038680386
5.38038782196e-010	0.000312986754579
5.79369607714e-010	0.000240213907091
6.20700433232e-010	0.000151741085574
6.62031258751e-010	6.98612493579e-005
7.03362084269e-010	8.40555458126e-006
7.44692909788e-010	-2.94801739074e-005
7.86023735306e-010	-4.83772018924e-005
8.27354560825e-010	-5.58320643904e-005
8.68685386343e-010	-5.83089349675e-005
9.10016211862e-010	-5.91338248341e-005
9.5134703738e-010	-5.86311507504e-005
9.92677862899e-010	-5.58488281968e-005
1.03400868842e-009	-5.05980206071e-005
1.07533951394e-009	-4.42273303634e-005
1.11667033945e-009	-3.91944304283e-005
1.15800116497e-009	-3.76973403036e-005
1.19933199049e-009	-4.02495388698e-005
1.24066281601e-009	-4.5117620175e-005
1.28199364153e-009	-4.9108210078e-005
1.32332446705e-009	-4.94986452395e-005
1.36465529256e-009	-4.58043941762e-005
1.40598611808e-009	-3.99856435251e-005
1.4473169436e-009	-3.48484099959e-005
1.48864776912e-009	-3.20377148455e-005
1.52997859464e-009	-3.1238731026e-005
1.57130942016e-009	-3.11819349008e-005
1.61264024568e-009	-3.1220533856e-005
1.65397107119e-009	-3.17977537634e-005
1.69530189671e-009	-3.34678115905e-005
1.73663272223e-009	-3.56231103069e-005
1.77796354775e-009	-3.64540755982e-005
1.81929437327e-009	-3.43614483427e-005
1.86062519879e-009	-2.95113841275e-005
1.9019560243e-009	-2.39946202782e-005
1.94328684982e-009	-2.03971630981e-005
1.98461767534e-009	-2.00366594072e-005
2.02594850086e-009	-2.23011538765e-005
2.06727932638e-009	-2.53784437518e-005
2.1086101519e-009	-2.75505026366e-005
2.14994097742e-009	-2.80010826827e-005
2.19127180293e-009	-2.68399653578e-005
2.23260262845e-009	-2.46347444772e-005
2.27393345397e-009	-2.19531375478e-005
2.31526427949e-009	-1.9249966499e-005
2.35659510501e-009	-1.69658815139e-005
2.39792593053e-009	-1.55824036483e-005
2.43925675604e-009	-1.55169600475e-005
2.48058758156e-009	-1.68717378983e-005
2.52191840708e-009	-1.91783146875e-005
2.5632492326e-009	-2.13773728319e-005
2.60458005812e-009	-2.21874743147e-005
2.64591088364e-009	-2.08274705074e-005
2.68724170916e-009	-1.76079047378e-005
2.72857253467e-009	-1.38690284075e-005
2.76990336019e-009	-1.12115103548e-005
2.81123418571e-009	-1.05162644104e-005
2.85256501123e-009	-1.15635439215e-005
2.89389583675e-009	-1.33730900416e-005
2.93522666227e-009	-1.49853176481e-005
2.97655748778e-009	-1.59132832778e-005
3.0178883133e-009	-1.60875406436e-005
3.05921913882e-009	-1.55004836415e-005
3.10054996434e-009	-1.40506062962e-005
3.14188078986e-009	-1.18112311611e-005
3.18321161538e-009	-9.33156206884e-006
3.2245424409e-009	-7.5427660704e-006
3.26587326641e-009	-7.24736719349e-006
3.30720409193e-009	-8.54726658872e-006
3.34853491745e-009	-1.0723792002e-005
3.38986574297e-009	-1.26463264678e-005
3.43119656849e-009	-1.33868943522e-005
3.47252739401e-009	-1.26447075672e-005
3.51385821952e-009	-1.07842552097e-005
3.55518904504e-009	-8.53300025483e-006
3.59651987056e-009	-6.63295122649e-006
3.63785069608e-009	-5.57862040296e-006
3.6791815216e-009	-5.53137624593e-006
3.72051234712e-009	-6.34775005892e-006
3.76184317263e-009	-7.66078392189e-006
3.80317399815e-009	-8.99940823729e-006
3.84450482367e-009	-9.88688134385e-006
3.88583564919e-009	-9.95647042146e-006
3.92716647471e-009	-9.04262833501e-006
3.96849730023e-009	-7.31031104806e-006
4.00982812575e-009	-5.29140197614e-006
4.05115895126e-009	-3.73189186575e-006
4.09248977678e-009	-3.25011274072e-006
4.1338206023e-009	-3.99416830987e-006
4.17515142782e-009	-5.53377913093e-006
4.21648225334e-009	-7.09696678314e-006
4.25781307886e-009	-7.98172004579e-006
4.29914390437e-009	-7.8783969002e-006
4.34047472989e-009	-6.93091487847e-006
4.38180555541e-009	-5.53453173779e-006
4.42313638093e-009	-4.10688789998e-006
4.46446720645e-009	-2.98641134577e-006
4.50579803197e-009	-2.43896147367e-006
4.54712885749e-009	-2.63996889771e-006
4.588459683e-009	-3.55692759513e-006
4.62979050852e-009	-4.86264934807e-006
4.67112133404e-009	-6.00292878516e-006
4.71245215956e-009	-6.44560805085e-006
4.75378298508e-009	-5.95052006247e-006
4.7951138106e-009	-4.69012866233e-006
4.83644463611e-009	-3.16180876325e-006
4.87777546163e-009	-1.93050868802e-006
4.91910628715e-009	-1.39203064009e-006
4.96043711267e-009	-1.65047606515e-006
5.00176793819e-009	-2.52585732596e-006
5.04309876371e-009	-3.64545280718e-006
5.08442958923e-009	-4.57597843706e-006
5.12576041474e-009	-4.96789607496e-006
5.16709124026e-009	-4.68412872578e-006
5.20842206578e-009	-3.82768075724e-006
5.2497528913e-009	-2.67995301328e-006
5.29108371682e-009	-1.60259764925e-006
5.33241454234e-009	-9.24625851439e-007
5.37374536785e-009	-8.60918248691e-007
5.41507619337e-009	-1.43230272442e-006
5.45640701889e-009	-2.42903911385e-006
5.49773784441e-009	-3.45132252733e-006
5.53906866993e-009	-4.05957734984e-006
5.58039949545e-009	-3.9725514398e-006
5.62173032097e-009	-3.21823381455e-006
5.66306114648e-009	-2.11739734368e-006
5.704391972e-009	-1.10220707938e-006
5.74572279752e-009	-5.10128984388e-007
5.78705362304e-009	-4.68381387009e-007
5.82838444856e-009	-9.15251803235e-007
5.86971527408e-009	-1.66961694958e-006
5.91104609959e-009	-2.47933485298e-006
5.95237692511e-009	-3.06390029436e-006
5.99370775063e-009	-3.18881802741e-006
6.03503857615e-009	-2.76369155472e-006
6.07636940167e-009	-1.91612798517e-006
6.11770022719e-009	-9.58024656939e-007
6.15903105271e-009	-2.50695563864e-007
6.20036187822e-009	-4.30838369425e-008
6.24169270374e-009	-3.68863538824e-007
6.28302352926e-009	-1.0635350236e-006
6.32435435478e-009	-1.85163355582e-006
6.3656851803e-009	-2.439870741e-006
6.40701600582e-009	-2.61192462858e-006
6.44834683133e-009	-2.29535999097e-006
6.48967765685e-009	-1.60200806931e-006
6.53100848237e-009	-7.89829016412e-007
6.57233930789e-009	-1.53961366323e-007
6.61367013341e-009	9.97235218847e-008
6.65500095893e-009	-8.12583493826e-008
6.69633178445e-009	-5.99383838562e-007
6.73766260996e-009	-1.25749397739e-006
6.77899343548e-009	-1.83049735369e-006
6.820324261e-009	-2.11267274608e-006
6.86165508652e-009	-1.98275733965e-006
6.90298591204e-009	-1.4586821635e-006
6.94431673756e-009	-7.22701543054e-007
6.98564756307e-009	-6.21991489425e-008
7.02697838859e-009	2.65730960791e-007
7.06830921411e-009	1.6092246824e-007
7.10964003963e-009	-2.91827348065e-007
7.15097086515e-009	-8.90274122867e-007
7.19230169067e-009	-1.41056671055e-006
7.23363251618e-009	-1.68593339822e-006
7.2749633417e-009	-1.62994865605e-006
7.31629416722e-009	-1.25605038193e-006
7.35762499274e-009	-6.7957984129e-007
7.39895581826e-009	-9.62611466093e-008
7.44028664378e-009	2.78030938716e-007
7.4816174693e-009	3.02463661228e-007
7.52294829481e-009	-1.73807563897e-008
7.56427912033e-009	-5.38452411547e-007
7.60560994585e-009	-1.05103811165e-006
7.64694077137e-009	-1.37073550377e-006
7.68827159689e-009	-1.3937217318e-006
7.72960242241e-009	-1.11327790364e-006
7.77093324792e-009	-6.21757749286e-007
7.81226407344e-009	-9.14508291316e-008
7.85359489896e-009	2.84217179569e-007
7.89492572448e-009	3.6497903011e-007
7.93625655e-009	1.33354831178e-007
7.97758737552e-009	-3.01903952504e-007
8.01891820104e-009	-7.62091417528e-007
8.06024902655e-009	-1.07898131319e-006
8.10157985207e-009	-1.15416742119e-006
8.14291067759e-009	-9.72634552454e-007
8.18424150311e-009	-5.94153277689e-007
8.22557232863e-009	-1.36842004395e-007
8.26690315415e-009	2.40076303726e-007
8.30823397966e-009	3.94141977722e-007
8.34956480518e-009	2.61313118699e-007
8.3908956307e-009	-9.97472966446e-008
8.43222645622e-009	-5.32992316948e-007
8.47355728174e-009	-8.6506088337e-007
8.51488810726e-009	-9.79289325187e-007
8.55621893278e-009	-8.51173240335e-007
8.59754975829e-009	-5.38849917575e-007
8.63888058381e-009	-1.49541961036e-007
8.68021140933e-009	1.90704326997e-007
8.72154223485e-009	3.65034367178e-007
8.76287306037e-009	3.09437751866e-007
8.80420388589e-009	4.14191276832e-008
8.8455347114e-009	-3.32129985736e-007
8.88686553692e-009	-6.59158217786e-007
8.92819636244e-009	-8.16275360194e-007
8.96952718796e-009	-7.5545136724e-007
9.01085801348e-009	-5.10998120262e-007
9.052188839e-009	-1.73677506154e-007
9.09351966452e-009	1.45141285657e-007
9.13485049003e-009	3.38149106938e-007
9.17618131555e-009	3.35114691552e-007
9.21751214107e-009	1.35068859208e-007
9.25884296659e-009	-1.85025498922e-007
9.30017379211e-009	-4.96453765209e-007
9.34150461763e-009	-6.75525598126e-007
9.38283544314e-009	-6.61214244246e-007
9.42416626866e-009	-4.72205130109e-007
9.46549709418e-009	-1.86693540627e-007
9.5068279197e-009	9.64478203969e-008
9.54815874522e-009	2.88352964617e-007
9.58948957074e-009	3.26701865561e-007
9.63082039626e-009	1.95524080482e-007
9.67215122177e-009	-6.28465386399e-008
9.71348204729e-009	-3.49058552729e-007
9.75481287281e-009	-5.4921673609e-007
9.79614369833e-009	-5.83708924751e-007
9.83747452385e-009	-4.46978617674e-007
9.87880534937e-009	-2.00984771936e-007
9.92013617488e-009	6.06590333518e-008
9.9614670004e-009	2.48992506613e-007
1.00027978259e-008	3.07709058234e-007
1.00441286514e-008	2.20774978743e-007
1.0085459477e-008	1.6618173504e-008
1.01267903025e-008	-2.32319464999e-007
1.0168121128e-008	-4.31000586332e-007
1.02094519535e-008	-5.00916883084e-007
1.0250782779e-008	-4.15431600231e-007
1.02921136046e-008	-2.15357260913e-007
1.03334444301e-008	1.91078015632e-008
1.03747752556e-008	2.04875732379e-007
1.04161060811e-008	2.82999252477e-007
1.04574369066e-008	2.33688552953e-007
1.04987677321e-008	7.46153006048e-008
1.05400985577e-008	-1.40119567504e-007
1.05814293832e-008	-3.31469379944e-007
1.06227602087e-008	-4.25218530609e-007
1.06640910342e-008	-3.8307672412e-007
1.07054218597e-008	-2.23980492819e-007
1.07467526853e-008	-1.44979424022e-008
1.07880835108e-008	1.64865738839e-007
1.08294143363e-008	2.53836617503e-007
1.08707451618e-008	2.30327202644e-007
1.09120759873e-008	1.0871684708e-007
1.09534068128e-008	-6.93605102242e-008
1.09947376384e-008	-2.43934579203e-007
1.10360684639e-008	-3.50385136016e-007
1.10773992894e-008	-3.45606281371e-007
1.11187301149e-008	-2.29234345284e-007
1.11600609404e-008	-4.89775402457e-008
1.1201391766e-008	1.23738516322e-007
1.12427225915e-008	2.24822557016e-007
1.1284053417e-008	2.24760697165e-007
1.13253842425e-008	1.3122203768e-007
1.1366715068e-008	-1.95746139298e-008
1.14080458935e-008	-1.75614061959e-007
1.14493767191e-008	-2.84236392645e-007
1.14907075446e-008	-3.0386513572e-007
1.15320383701e-008	-2.24404374194e-007
1.15733691956e-008	-7.56004112645e-008
1.16147000211e-008	8.3521129568e-008
1.16560308467e-008	1.91391322346e-007
1.16973616722e-008	2.11619607171e-007
1.17386924977e-008	1.44719138007e-007
1.17800233232e-008	1.90881905837e-008
1.18213541487e-008	-1.20109618251e-007
1.18626849743e-008	-2.26284299742e-007
1.19040157998e-008	-2.62877478008e-007
1.19453466253e-008	-2.14007613408e-007
1.19866774508e-008	-9.59889518981e-008
1.20280082763e-008	4.67459955189e-008
1.20693391018e-008	1.58196201028e-007
1.21106699274e-008	1.95727238861e-007
1.21520007529e-008	1.50864238435e-007
1.21933315784e-008	4.64348062224e-008
1.22346624039e-008	-7.69078667417e-008
1.22759932294e-008	-1.77459810402e-007
1.2317324055e-008	-2.23187385018e-007
1.23586548805e-008	-1.97550050984e-007
1.2399985706e-008	-1.07553546513e-007
1.24413165315e-008	1.49216390355e-008
1.2482647357e-008	1.22928952351e-007
1.25239781825e-008	1.74643730588e-007
1.25653090081e-008	1.52038580836e-007
1.26066398336e-008	6.84344598767e-008
1.26479706591e-008	-4.1547082219e-008
1.26893014846e-008	-1.37459551297e-007
1.27306323101e-008	-1.88537356394e-007
1.27719631357e-008	-1.78981125032e-007
1.28132939612e-008	-1.11896547139e-007
1.28546247867e-008	-9.74664970954e-009
1.28959556122e-008	9.09306763219e-008
1.29372864377e-008	1.50485163886e-007
1.29786172632e-008	1.46710888771e-007
1.30199480888e-008	8.32311286558e-008
1.30612789143e-008	-1.23660868212e-008
1.31026097398e-008	-1.02881955399e-007
1.31439405653e-008	-1.57587393801e-007
1.31852713908e-008	-1.60151216733e-007
1.32266022164e-008	-1.11263190661e-007
1.32679330419e-008	-2.78592651171e-008
1.33092638674e-008	6.21269933276e-008
1.33505946929e-008	1.25411958152e-007
1.33919255184e-008	1.36915176085e-007
1.3433256344e-008	9.25503869098e-008
1.34745871695e-008	1.12005267283e-008
1.3515917995e-008	-7.33614200499e-008
1.35572488205e-008	-1.30261227582e-007
1.3598579646e-008	-1.42318697272e-007
1.36399104715e-008	-1.07632267543e-007
1.36812412971e-008	-3.96618560217e-008
1.37225721226e-008	3.90165055819e-008
1.37639029481e-008	1.00929014479e-007
1.38052337736e-008	1.22576736317e-007
1.38465645991e-008	9.55499004363e-008
1.38878954247e-008	3.01228979538e-008
1.39292262502e-008	-4.68791157004e-008
1.39705570757e-008	-1.05576859255e-007
1.40118879012e-008	-1.25598091927e-007
1.40532187267e-008	-1.02714921013e-007
1.40945495522e-008	-4.74634873626e-008
1.41358803778e-008	2.06713721695e-008
1.41772112033e-008	7.9123907426e-008
1.42185420288e-008	1.07016568052e-007
1.42598728543e-008	9.35976203209e-008
1.43012036798e-008	4.31604547657e-008
1.43425345054e-008	-2.45993874159e-008
1.43838653309e-008	-8.24904162755e-008
1.44251961564e-008	-1.09305133833e-007
1.44665269819e-008	-9.67534106167e-008
1.45078578074e-008	-5.25194963075e-008
1.4549188633e-008	6.45140119104e-009
1.45905194585e-008	6.03340168936e-008
1.4631850284e-008	9.11166395667e-008
1.46731811095e-008	8.8095440276e-008
1.4714511935e-008	5.11662037184e-008
1.47558427605e-008	-6.28087093446e-009
1.47971735861e-008	-6.14258226506e-008
1.48385044116e-008	-9.30717334313e-008
1.48798352371e-008	-9.0077392656e-008
1.49211660626e-008	-5.58267672091e-008
1.49624968881e-008	-4.8422954535e-009
1.50038277137e-008	4.48738752823e-008
1.50451585392e-008	7.66608749814e-008
1.50864893647e-008	8.02728408189e-008
1.51278201902e-008	5.44794360735e-008
1.51691510157e-008	7.63063212617e-009
1.52104818412e-008	-4.25950759109e-008
1.52518126668e-008	-7.69269377088e-008
1.52931434923e-008	-8.22408097179e-008
1.53344743178e-008	-5.73947467331e-008
1.53758051433e-008	-1.39788696174e-008
1.54171359688e-008	3.16235961861e-008
1.54584667944e-008	6.35133687865e-008
1.54997976199e-008	7.19895467682e-008
1.55411284454e-008	5.47992229372e-008
1.55824592709e-008	1.74562444499e-008
1.56237900964e-008	-2.69118736185e-008
1.56651209219e-008	-6.15643216406e-008
1.57064517475e-008	-7.31048501734e-008
1.5747782573e-008	-5.72080125494e-008
1.57891133985e-008	-2.12620427931e-008
1.5830444224e-008	2.0087352226e-008
1.58717750495e-008	5.18862961485e-008
1.59131058751e-008	6.37859685071e-008
1.59544367006e-008	5.31505754964e-008
1.59957675261e-008	2.37080968191e-008
1.60370983516e-008	-1.43621967652e-008
1.60784291771e-008	-4.7463593944e-008
1.61197600027e-008	-6.31880041624e-008
1.61610908282e-008	-5.50894405649e-008
1.62024216537e-008	-2.68429296568e-008
1.62437524792e-008	1.0035741127e-008
1.62850833047e-008	4.1329617062e-008
1.63264141302e-008	5.5997801951e-008
1.63677449558e-008	5.04459443107e-008
1.64090757813e-008	2.74394054145e-008
1.64504066068e-008	-4.84408957391e-009
1.64917374323e-008	-3.52442484086e-008
1.65330682578e-008	-5.31088559796e-008
1.65743990834e-008	-5.13242781608e-008
1.66157299089e-008	-3.03025800008e-008
1.66570607344e-008	1.45863765511e-009
1.66983915599e-008	3.15026049691e-008
1.67397223854e-008	4.83880100433e-008
1.67810532109e-008	4.71419170367e-008
1.68223840365e-008	2.96608195782e-008
1.6863714862e-008	2.31407781826e-009
1.69050456875e-008	-2.51413396768e-008
1.6946376513e-008	-4.37095337702e-008
1.69877073385e-008	-4.63715110754e-008
1.70290381641e-008	-3.17061221722e-008
1.70703689896e-008	-5.37153965752e-009
1.71116998151e-008	2.2405236777e-008
1.71530306406e-008	4.08409590591e-008
1.71943614661e-008	4.35565468138e-008
1.72356922917e-008	3.07046086334e-008
1.72770231172e-008	7.68404539997e-009
1.73183539427e-008	-1.70851350845e-008
1.73596847682e-008	-3.52060780529e-008
1.74010155937e-008	-4.07680182946e-008
1.74423464192e-008	-3.14359951403e-008
1.74836772448e-008	-1.0491424618e-008
1.75250080703e-008	1.44073872832e-008
1.75663388958e-008	3.3460164417e-008
1.76076697213e-008	3.94279027205e-008
1.76490005468e-008	3.08860066411e-008
1.76903313724e-008	1.17586260728e-008
1.77316621979e-008	-1.04025783543e-008
1.77729930234e-008	-2.79307954543e-008
1.78143238489e-008	-3.52987719054e-008
1.78556546744e-008	-2.99348172916e-008
1.78969854999e-008	-1.37532403244e-008
1.79383163255e-008	7.76073783015e-009
1.7979647151e-008	2.63945452161e-008
1.80209779765e-008	3.47858275518e-008
1.8062308802e-008	3.01708560357e-008
1.81036396275e-008	1.48337608863e-008
1.81449704531e-008	-4.82445550176e-009
1.81863012786e-008	-2.15957882688e-008
1.82276321041e-008	-3.01953271276e-008
1.82689629296e-008	-2.78662497522e-008
1.83102937551e-008	-1.54643053918e-008
1.83516245806e-008	2.55433718621e-009
1.83929554062e-008	1.99411029911e-008
1.84342862317e-008	2.9816600744e-008
1.84756170572e-008	2.86552221951e-008
1.85169478827e-008	1.70710130476e-008
1.85582787082e-008	-1.80596870791e-010
1.85996095338e-008	-1.62063660269e-008
1.86409403593e-008	-2.55322269993e-008
1.86822711848e-008	-2.53435903375e-008
1.87236020103e-008	-1.61918389807e-008
1.87649328358e-008	-1.2859846521e-009
1.88062636614e-008	1.43314968781e-008
1.88475944869e-008	2.49525697882e-008
1.88889253124e-008	2.63913424448e-008
1.89302561379e-008	1.82046342445e-008
1.89715869634e-008	3.66451047284e-009
1.90129177889e-008	-1.12959472887e-008
1.90542486145e-008	-2.12081410211e-008
1.909557944e-008	-2.28743353148e-008
1.91369102655e-008	-1.62581912377e-008
1.9178241091e-008	-3.99745658797e-009
1.92195719165e-008	9.81162795455e-009
1.92609027421e-008	2.03183585512e-008
1.93022335676e-008	2.36300863321e-008
1.93435643931e-008	1.84384134627e-008
1.93848952186e-008	6.62340937652e-009
1.94262260441e-008	-6.92971369176e-009
1.94675568696e-008	-1.71183849318e-008
1.95088876952e-008	-2.04026964212e-008
1.95502185207e-008	-1.59430069147e-008
1.95915493462e-008	-5.90157167579e-009
1.96328801717e-008	6.24384188797e-009
1.96742109972e-008	1.62482809429e-008
1.97155418228e-008	2.06344257236e-008
1.97568726483e-008	1.78550152441e-008
1.97982034738e-008	8.78339623256e-009
1.98395342993e-008	-3.22844950773e-009
1.98808651248e-008	-1.3328995685e-008
1.99221959503e-008	-1.78415255903e-008
1.99635267759e-008	-1.52670018849e-008
2.00048576014e-008	-7.16434822579e-009
2.00461884269e-008	3.31679217425e-009
2.00875192524e-008	1.27182442355e-008
2.01288500779e-008	1.77595005368e-008
2.01701809035e-008	1.67877285406e-008
2.0211511729e-008	9.98372673422e-009
2.02528425545e-008	-1.72568626056e-010
2.029417338e-008	-9.78732295209e-009
2.03355042055e-008	-1.51511123647e-008
2.03768350311e-008	-1.43878464698e-008
2.04181658566e-008	-8.10076894453e-009
2.04594966821e-008	1.03670316776e-009
2.05008275076e-008	9.76965175425e-009
2.05421583331e-008	1.5120553698e-008
2.05834891586e-008	1.53910111322e-008
2.06248199842e-008	1.0498881764e-008
2.06661508097e-008	2.12746087414e-009
2.07074816352e-008	-6.62461285827e-009
2.07488124607e-008	-1.24838983595e-008
2.07901432862e-008	-1.31775435008e-008
2.08314741118e-008	-8.6194500426e-009
2.08728049373e-008	-8.2755757802e-010
2.09141357628e-008	7.26780591265e-009
2.09554665883e-008	1.27205783684e-008
2.09967974138e-008	1.38531248695e-008
2.10381282393e-008	1.05372208736e-008
2.10794590649e-008	3.79612963286e-009
2.11207898904e-008	-3.941020843e-009
2.11621207159e-008	-9.92671544964e-009
2.12034515414e-008	-1.17442349179e-008
2.12447823669e-008	-8.73135874713e-009
2.12861131925e-008	-2.28151808557e-009
2.1327444018e-008	5.02607377939e-009
2.13687748435e-008	1.05515631788e-008
2.1410105669e-008	1.24200134621e-008
2.14514364945e-008	1.02751371855e-008
2.14927673201e-008	4.8883253001e-009
2.15340981456e-008	-1.86531146085e-009
2.15754289711e-008	-7.53365192452e-009
2.16167597966e-008	-1.01098978078e-008
2.16580906221e-008	-8.47867198672e-009
2.16994214476e-008	-3.41161188189e-009
2.17407522732e-008	3.11295034194e-009
2.17820830987e-008	8.58157012118e-009
2.18234139242e-008	1.1044538617e-008
2.18647447497e-008	9.81704140202e-009
2.19060755752e-008	5.54156276422e-009
2.19474064008e-008	-2.1796120464e-010
2.19887372263e-008	-5.47862288869e-009
2.20300680518e-008	-8.43045633303e-009
2.20713988773e-008	-7.92662557814e-009
2.21127297028e-008	-4.12966860708e-009
2.21540605283e-008	1.51247858682e-009
2.21953913539e-008	6.78849332303e-009
2.22367221794e-008	9.64166346762e-009
2.22780530049e-008	9.23424892108e-009
2.23193838304e-008	5.94442672863e-009
2.23607146559e-008	1.05977848719e-009
2.24020454815e-008	-3.7375782469e-009
2.2443376307e-008	-6.86973322672e-009
2.24847071325e-008	-7.16081727248e-009
2.2526037958e-008	-4.43728387367e-009
2.25673687835e-008	2.31146213281e-010
2.2608699609e-008	5.11118125601e-009
2.26500304346e-008	8.24393620036e-009
2.26913612601e-008	8.60530136038e-009
2.27326920856e-008	6.19127682455e-009
2.27740229111e-008	2.02174987862e-009
2.28153537366e-008	-2.34429808899e-009
2.28566845622e-008	-5.45598854984e-009
2.28980153877e-008	-6.26250384883e-009
2.29393462132e-008	-4.45891856771e-009
2.29806770387e-008	-7.04022617981e-010
2.30220078642e-008	3.62302854384e-009
2.30633386898e-008	6.91509693951e-009
2.31046695153e-008	7.86884868376e-009
2.31460003408e-008	6.25853724401e-009
2.31873311663e-008	2.76242673181e-009
2.32286619918e-008	-1.17774678898e-009
2.32699928173e-008	-4.20736112616e-009
2.33113236429e-008	-5.36327116052e-009
2.33526544684e-008	-4.29020463599e-009
2.33939852939e-008	-1.34783695316e-009
2.34353161194e-008	2.45309705882e-009
2.34766469449e-008	5.67009283969e-009
2.35179777705e-008	7.04522529205e-009
2.3559308596e-008	6.10069861295e-009
2.36006394215e-008	3.31206484461e-009
2.3641970247e-008	-1.71106018243e-010
2.36833010725e-008	-3.09531622555e-009
2.3724631898e-008	-4.51856019268e-009
2.37659627236e-008	-3.97939725616e-009
2.38072935491e-008	-1.6995846952e-009
2.38486243746e-008	1.51348533706e-009
2.38899552001e-008	4.49293002802e-009
2.39312860256e-008	6.14550366151e-009
2.39726168512e-008	5.8464788566e-009
2.40139476767e-008	3.7374627837e-009
2.40552785022e-008	6.76098288466e-010
2.40966093277e-008	-2.1300696762e-009
2.41379401532e-008	-3.74350017651e-009
2.41792709788e-008	-3.61452179298e-009
2.42206018043e-008	-1.88406490409e-009
2.42619326298e-008	8.04665445386e-010
2.43032634553e-008	3.51693851819e-009
2.43445942808e-008	5.2844728593e-009
2.43859251063e-008	5.46782397137e-009
2.44272559319e-008	3.94996257924e-009
2.44685867574e-008	1.34914346361e-009
2.45099175829e-008	-1.29335275822e-009
2.45512484084e-008	-2.97350588596e-009
2.45925792339e-008	-3.19219495282e-009
2.46339100595e-008	-1.94078997318e-009
2.4675240885e-008	2.65038435643e-010
2.47165717105e-008	2.69480238124e-009
2.4757902536e-008	4.49220571852e-009
2.47992333615e-008	4.99494001716e-009
2.4840564187e-008	3.99705069043e-009
2.48818950126e-008	1.87880111469e-009
2.49232258381e-008	-5.03013186659e-010
2.49645566636e-008	-2.26804353076e-009
2.50058874891e-008	-2.79711742657e-009
2.50472183146e-008	-1.94108018547e-009
2.50885491402e-008	-7.77178321698e-011
2.51298799657e-008	2.07128270091e-009
2.51712107912e-008	3.77096798232e-009
2.52125416167e-008	4.46352332872e-009
2.52538724422e-008	3.89658172395e-009
2.52952032677e-008	2.25630447659e-009
2.53365340933e-008	1.6549850379e-010
2.53778649188e-008	-1.59150259638e-009
2.54191957443e-008	-2.34490937778e-009
2.54605265698e-008	-1.85386184182e-009
2.55018573953e-008	-3.55559137688e-010
2.55431882209e-008	1.53277923687e-009
2.55845190464e-008	3.14936965395e-009
2.56258498719e-008	3.96427513039e-009
2.56671806974e-008	3.73349351435e-009
2.57085115229e-008	2.49558262944e-009
2.57498423485e-008	6.95917767857e-010
2.5791173174e-008	-9.77739000874e-010
2.58325039995e-008	-1.88628024311e-009
2.5873834825e-008	-1.69505409708e-009
2.59151656505e-008	-5.5529270071e-010
2.5956496476e-008	1.08904318896e-009
2.59978273016e-008	2.61979837823e-009
2.60391581271e-008	3.53299833833e-009
2.60804889526e-008	3.51646756158e-009
2.61218197781e-008	2.5878064136e-009
2.61631506036e-008	1.08557596246e-009
2.62044814292e-008	-4.24838386692e-010
2.62458122547e-008	-1.40893385847e-009
2.62871430802e-008	-1.50188095294e-009
2.63284739057e-008	-6.63089139152e-010
2.63698047312e-008	7.48268447204e-010
2.64111355567e-008	2.17355333731e-009
2.64524663823e-008	3.09983638758e-009
2.64937972078e-008	3.25049387406e-009
2.65351280333e-008	2.60886956482e-009
2.65764588588e-008	1.40570566298e-009
2.66177896843e-008	4.71449546069e-011
2.66591205099e-008	-9.71099534119e-010
2.67004513354e-008	-1.25710197807e-009
2.67417821609e-008	-7.01752767007e-010
2.67831129864e-008	4.70360972393e-010
2.68244438119e-008	1.77484404951e-009
2.68657746375e-008	2.71467648361e-009
2.6907105463e-008	3.00977975876e-009
2.69484362885e-008	2.58377808038e-009
2.6989767114e-008	1.61081370464e-009
2.70310979395e-008	4.06287115062e-010
2.7072428765e-008	-5.78740166901e-010
2.71137595906e-008	-9.71522640114e-010
2.71550904161e-008	-6.41515451871e-010
2.71964212416e-008	2.70079181242e-010
2.72377520671e-008	1.40935429993e-009
2.72790828926e-008	2.3493513801e-009
2.73204137182e-008	2.76626010987e-009
2.73617445437e-008	2.5305426643e-009
2.74030753692e-008	1.73558101224e-009
2.74444061947e-008	7.05366542952e-010
2.74857370202e-008	-2.08680739355e-010
2.75270678457e-008	-6.81037726213e-010
2.75683986713e-008	-5.65731406166e-010
2.76097294968e-008	1.15861542582e-010
2.76510603223e-008	1.1177302417e-009
2.76923911478e-008	2.0425310332e-009
2.77337219733e-008	2.53301712938e-009
2.77750527989e-008	2.42961917252e-009
2.78163836244e-008	1.82246573388e-009
2.78577144499e-008	9.407872259e-010
2.78990452754e-008	9.14459064028e-011
2.79403761009e-008	-4.27612251164e-010
2.79817069264e-008	-4.46635145535e-010
2.8023037752e-008	5.53751489107e-011
2.80643685775e-008	9.06204777884e-010
2.8105699403e-008	1.75730374696e-009
2.81470302285e-008	2.28120677903e-009
2.8188361054e-008	2.30465824202e-009
2.82296918796e-008	1.86272708369e-009
2.82710227051e-008	1.12864551038e-009
2.83123535306e-008	3.49800077792e-010
2.83536843561e-008	-1.86266307933e-010
2.83950151816e-008	-2.90367174749e-010
2.84363460072e-008	4.88385443198e-011
2.84776768327e-008	7.29550309053e-010
2.85190076582e-008	1.48060375071e-009
2.85603384837e-008	2.03783523389e-009
2.86016693092e-008	2.19355689168e-009
2.86430001347e-008	1.88856752459e-009
2.86843309603e-008	1.26276356038e-009
2.87256617858e-008	5.54556234267e-010
2.87669926113e-008	3.46772610627e-011
2.88083234368e-008	-1.35033151327e-010
2.88496542623e-008	7.37801486572e-011
2.88909850879e-008	5.94535809473e-010
2.89323159134e-008	1.26775501208e-009
2.89736467389e-008	1.82557990946e-009
2.90149775644e-008	2.05561589972e-009
2.90563083899e-008	1.87007986874e-009
2.90976392154e-008	1.36796463046e-009
2.9138970041e-008	7.40293049084e-010
2.91803008665e-008	2.24253504655e-010
2.9221631692e-008	-2.66037192276e-013
2.92629625175e-008	1.13081044528e-010
2.9304293343e-008	5.33346589116e-010
2.93456241686e-008	1.11325426655e-009
2.93869549941e-008	1.62964297612e-009
2.94282858196e-008	1.89125626271e-009
2.94696166451e-008	1.81096826424e-009
2.95109474706e-008	1.44156164783e-009
2.95522782961e-008	9.08848107883e-010
2.95936091217e-008	4.03190092424e-010
2.96349399472e-008	1.28246552267e-010
2.96762707727e-008	1.6745270448e-010
2.97176015982e-008	4.98109720137e-010
2.97589324237e-008	9.85009185328e-010
2.98002632493e-008	1.44951495251e-009
2.98415940748e-008	1.742444522e-009
2.98829249003e-008	1.75817926884e-009
2.99242557258e-008	1.48158862956e-009
2.99655865513e-008	1.02487995868e-009
3.00069173769e-008	5.50805068222e-010
3.00482482024e-008	2.66193594944e-010
3.00895790279e-008	2.51218851277e-010
3.01309098534e-008	4.77712314151e-010
3.01722406789e-008	8.74052108468e-010
3.02135715044e-008	1.29772304014e-009
3.025490233e-008	1.61070767835e-009
3.02962331555e-008	1.68640523768e-009
3.0337563981e-008	1.4971018869e-009
3.03788948065e-008	1.11683551296e-009
3.0420225632e-008	6.90945634041e-010
3.04615564576e-008	3.87261139823e-010
3.05028872831e-008	3.15899473247e-010
3.05442181086e-008	4.73178329852e-010
3.05855489341e-008	8.07286626436e-010
3.06268797596e-008	1.19171728041e-009
3.06682105851e-008	1.4898090539e-009
3.07095414107e-008	1.59742952199e-009
3.07508722362e-008	1.47367740233e-009
3.07922030617e-008	1.18184484421e-009
3.08335338872e-008	8.16134937409e-010
3.08748647127e-008	5.10400277598e-010
3.09161955383e-008	3.8874228836e-010
3.09575263638e-008	4.87763718304e-010
3.09988571893e-008	7.63872631815e-010
3.10401880148e-008	1.09391917746e-009
3.10815188403e-008	1.36609090706e-009
3.11228496659e-008	1.50594203774e-009
3.11641804914e-008	1.45380885108e-009
3.12055113169e-008	1.23724763768e-009
3.12468421424e-008	9.16977938026e-010
3.12881729679e-008	6.15148099126e-010
3.13295037934e-008	4.63207139312e-010
3.1370834619e-008	5.07630271152e-010
3.14121654445e-008	7.18911152831e-010
3.145349627e-008	1.01563868427e-009
3.14948270955e-008	1.28243116126e-009
3.1536157921e-008	1.44007961111e-009
3.15774887466e-008	1.4207374166e-009
3.16188195721e-008	1.24172838678e-009
3.16601503976e-008	9.79913705734e-010
3.17014812231e-008	7.14392267565e-010
3.17428120486e-008	5.56170332011e-010
3.17841428741e-008	5.49019940621e-010
3.18254736997e-008	6.97501834068e-010
3.18668045252e-008	9.43789379981e-010
3.19081353507e-008	1.19424004019e-009
3.19494661762e-008	1.36571598475e-009
3.19907970017e-008	1.38717015652e-009
3.20321278273e-008	1.2527976434e-009
3.20734586528e-008	1.03367703286e-009
3.21147894783e-008	7.9580730894e-010
3.21561203038e-008	6.25014595634e-010
3.21974511293e-008	5.88946946767e-010
3.22387819548e-008	6.97395641236e-010
3.22801127804e-008	9.0460228197e-010
3.23214436059e-008	1.1198260097e-009
3.23627744314e-008	1.2826304463e-009
3.24041052569e-008	1.33823541137e-009
3.24454360824e-008	1.2605971822e-009
3.2486766908e-008	1.08463094062e-009
3.25280977335e-008	8.63281668373e-010
3.2569428559e-008	6.87594425841e-010
3.26107593845e-008	6.33049057619e-010
3.265209021e-008	7.03008318226e-010
3.26934210356e-008	8.68923044628e-010
3.27347518611e-008	1.05679298645e-009
3.27760826866e-008	1.21934085051e-009
3.28174135121e-008	1.29912969271e-009
3.28587443376e-008	1.25256094385e-009
3.29000751631e-008	1.10652764729e-009
3.29414059887e-008	9.18217724077e-010
3.29827368142e-008	7.54448170603e-010
3.30240676397e-008	6.79192591058e-010
3.30653984652e-008	7.10516034896e-010
3.31067292907e-008	8.38754288246e-010
3.31480601163e-008	1.01273256448e-009
3.31893909418e-008	1.16888121404e-009
3.32307217673e-008	1.26088028907e-009
3.32720525928e-008	1.23185039946e-009
3.33133834183e-008	1.11429998562e-009
3.33547142438e-008	9.6085062129e-010
3.33960450694e-008	8.15835510259e-010
3.34373758949e-008	7.28022864216e-010
3.34787067204e-008	7.28102300673e-010
3.35200375459e-008	8.2357176634e-010
3.35613683714e-008	9.7661534415e-010
3.3602699197e-008	1.12024434173e-009
3.36440300225e-008	1.20964516181e-009
3.3685360848e-008	1.20937948545e-009
3.37266916735e-008	1.12749642955e-009
3.3768022499e-008	1.00036090522e-009
3.38093533246e-008	8.61376525663e-010
3.38506841501e-008	7.67120200695e-010
3.38920149756e-008	7.51922357711e-010
3.39333458011e-008	8.21490930836e-010
3.39746766266e-008	9.46130507273e-010
3.40160074521e-008	1.07191622245e-009
3.40573382777e-008	1.16508513948e-009
3.40986691032e-008	1.19113197083e-009
3.41399999287e-008	1.13337395025e-009
3.41813307542e-008	1.02668873403e-009
3.42226615797e-008	9.01768215655e-010
3.42639924053e-008	8.08479172498e-010
3.43053232308e-008	7.75701058942e-010
3.43466540563e-008	8.16594236674e-010
3.43879848818e-008	9.20132414706e-010
3.44293157073e-008	1.0389504812e-009
3.44706465328e-008	1.13528009216e-009
3.45119773584e-008	1.17078413631e-009
3.45533081839e-008	1.12646314498e-009
3.45946390094e-008	1.03568420506e-009
3.46359698349e-008	9.33972232886e-010
3.46773006604e-008	8.48225267802e-010
3.4718631486e-008	8.08225930626e-010
3.47599623115e-008	8.20755075015e-010
3.4801293137e-008	9.00122476555e-010
3.48426239625e-008	1.00896968558e-009
3.4883954788e-008	1.10062481351e-009
3.49252856135e-008	1.1450645987e-009
3.49666164391e-008	1.1241115816e-009
3.50079472646e-008	1.05499320391e-009
3.50492780901e-008	9.59942902945e-010
3.50906089156e-008	8.69826155547e-010
3.51319397411e-008	8.24205814709e-010
3.51732705667e-008	8.36493652123e-010
3.52146013922e-008	9.04545549574e-010
3.52559322177e-008	9.93790050252e-010
3.52972630432e-008	1.06375230846e-009
3.53385938687e-008	1.10707454315e-009
3.53799246943e-008	1.10772035988e-009
3.54212555198e-008	1.06475617212e-009
3.54625863453e-008	9.88972237437e-010
3.55039171708e-008	9.05849284472e-010
3.55452479963e-008	8.52236725635e-010
3.55865788218e-008	8.45645775627e-010
3.56279096474e-008	8.87994511256e-010
3.56692404729e-008	9.65481916637e-010
3.57105712984e-008	1.04068942353e-009
3.57519021239e-008	1.09677500415e-009
3.57932329494e-008	1.10627207395e-009
3.5834563775e-008	1.06428321711e-009
3.58758946005e-008	9.93141124894e-010
3.5917225426e-008	9.22261600422e-010
3.59585562515e-008	8.82652340106e-010
3.5999887077e-008	8.69797178726e-010
3.60412179025e-008	8.8683360655e-010
3.60825487281e-008	9.42558253669e-010
3.61238795536e-008	1.01589381352e-009
3.61652103791e-008	1.07584574582e-009
3.62065412046e-008	1.09797948511e-009
3.62478720301e-008	1.06796482768e-009
3.62892028557e-008	1.00786901047e-009
3.63305336812e-008	9.3969698689e-010
3.63718645067e-008	8.93138507596e-010
3.64131953322e-008	8.77372507979e-010
3.64545261577e-008	8.9319607266e-010
3.64958569832e-008	9.45368228145e-010
3.65371878088e-008	1.00602048914e-009
3.65785186343e-008	1.05120478988e-009
3.66198494598e-008	1.07161024498e-009
3.66611802853e-008	1.05980313414e-009
3.67025111108e-008	1.02116948231e-009
3.67438419364e-008	9.65193924785e-010
3.67851727619e-008	9.13287168114e-010
3.68265035874e-008	8.88750684158e-010
3.68678344129e-008	8.95807872325e-010
3.69091652384e-008	9.38442101805e-010
3.6950496064e-008	9.92961601831e-010
3.69918268895e-008	1.03501374138e-009
3.7033157715e-008	1.05669784034e-009
3.70744885405e-008	1.05354591717e-009
3.7115819366e-008	1.02441177763e-009
3.71571501915e-008	9.77083747244e-010
3.71984810171e-008	9.31414834149e-010
3.72398118426e-008	9.09372688263e-010
3.72811426681e-008	9.06650476917e-010
3.73224734936e-008	9.29197552235e-010
3.73638043191e-008	9.73051084152e-010
3.74051351447e-008	1.01561714594e-009
3.74464659702e-008	1.04612563057e-009
3.74877967957e-008	1.05183173282e-009
3.75291276212e-008	1.0334149092e-009
3.75704584467e-008	9.94052617997e-010
3.76117892722e-008	9.47021461251e-010
3.76531200978e-008	9.12310227363e-010
3.76944509233e-008	9.01659191754e-010
3.77357817488e-008	9.23048804058e-010
3.77771125743e-008	9.72106173336e-010
3.78184433998e-008	1.01733044211e-009
3.78597742254e-008	1.04243302879e-009
3.79011050509e-008	1.04344821672e-009
3.79424358764e-008	1.02317587736e-009
3.79837667019e-008	9.89884174629e-010
3.80250975274e-008	9.50112100107e-010
3.8066428353e-008	9.26084431363e-010
3.81077591785e-008	9.25515608596e-010
3.8149090004e-008	9.42171007878e-010
3.81904208295e-008	9.68144564517e-010
3.8231751655e-008	9.91154158747e-010
3.82730824805e-008	1.01061459201e-009
3.83144133061e-008	1.02975417082e-009
3.83557441316e-008	1.03421704534e-009
3.83970749571e-008	1.01218555759e-009
3.84384057826e-008	9.67382396411e-010
3.84797366081e-008	9.32971144785e-010
3.85210674337e-008	9.26344279062e-010
3.85623982592e-008	9.37578348292e-010
3.86037290847e-008	9.57525503331e-010
3.86450599102e-008	9.82358860924e-010
3.86863907357e-008	1.01012731513e-009
3.87277215612e-008	1.03288233522e-009
3.87690523868e-008	1.03247665972e-009
3.88103832123e-008	1.00691766036e-009
3.88517140378e-008	9.69941016393e-010
3.88930448633e-008	9.41685174283e-010
3.89343756888e-008	9.35192812079e-010
3.89757065144e-008	9.40703182017e-010
3.90170373399e-008	9.57563806026e-010
3.90583681654e-008	9.81525749566e-010
3.90996989909e-008	1.00578512185e-009
3.91410298164e-008	1.01999797497e-009
3.91823606419e-008	1.01760855298e-009
3.92236914675e-008	1.0047265242e-009
3.9265022293e-008	9.85888259919e-010
3.93063531185e-008	9.61920321174e-010
3.9347683944e-008	9.43657818553e-010
3.93890147695e-008	9.37803168455e-010
3.94303455951e-008	9.49001877082e-010
3.94716764206e-008	9.75214353716e-010
3.95130072461e-008	1.00022179428e-009
3.95543380716e-008	1.01593589097e-009
3.95956688971e-008	1.01828112609e-009
3.96369997227e-008	1.00965358296e-009
3.96783305482e-008	9.89085258141e-010
3.97196613737e-008	9.5976471215e-010
3.97609921992e-008	9.41201450111e-010
3.98023230247e-008	9.44939793079e-010
3.98436538502e-008	9.61720258985e-010
3.98849846758e-008	9.79616832097e-010
3.99263155013e-008	9.91040804976e-010
3.99676463268e-008	1.00123487279e-009
4.00089771523e-008	1.00761110566e-009
4.00503079778e-008	1.00579156115e-009
4.00916388034e-008	9.95118987213e-010
4.01329696289e-008	9.75816427662e-010
4.01743004544e-008	9.58185530919e-010
4.02156312799e-008	9.503644538e-010
4.02569621054e-008	9.51698053697e-010
4.02982929309e-008	9.62470436683e-010
4.03396237565e-008	9.83785164443e-010
4.0380954582e-008	1.00723329677e-009
4.04222854075e-008	1.01698205413e-009
4.0463616233e-008	1.00542141279e-009
4.05049470585e-008	9.87728787649e-010
4.05462778841e-008	9.72289471157e-010
4.05876087096e-008	9.63430779599e-010
4.06289395351e-008	9.59887502816e-010
4.06702703606e-008	9.57751544739e-010
4.07116011861e-008	9.61837276492e-010
4.07529320117e-008	9.77128489232e-010
4.07942628372e-008	9.98761517934e-010
4.08355936627e-008	1.01219421733e-009
4.08769244882e-008	1.00768982048e-009
4.09182553137e-008	9.92473436767e-010
4.09595861392e-008	9.75876712772e-010
4.10009169648e-008	9.62510959823e-010
4.10422477903e-008	9.60078017087e-010
4.10835786158e-008	9.64793245295e-010
4.11249094413e-008	9.70309055326e-010
4.11662402668e-008	9.75438840811e-010
4.12075710924e-008	9.85802439679e-010
4.12489019179e-008	1.00038521911e-009
4.12902327434e-008	1.00659902635e-009
4.13315635689e-008	9.99839766536e-010
4.13728943944e-008	9.84834103157e-010
4.14142252199e-008	9.67532609586e-010
4.14555560455e-008	9.59139434542e-010
4.1496886871e-008	9.60873491884e-010
4.15382176965e-008	9.67131819074e-010
4.1579548522e-008	9.76342562353e-010
4.16208793475e-008	9.89759385561e-010
4.16622101731e-008	1.00243657819e-009
4.17035409986e-008	1.00214270216e-009
4.17448718241e-008	9.90779236432e-010
4.17862026496e-008	9.79732073247e-010
4.18275334751e-008	9.7445318481e-010
4.18688643006e-008	9.7274432953e-010
4.19101951262e-008	9.70646563125e-010
4.19515259517e-008	9.66296043181e-010
4.19928567772e-008	9.67744662184e-010
4.20341876027e-008	9.79451741934e-010
4.20755184282e-008	9.96399851516e-010
4.21168492538e-008	1.00428720895e-009
4.21581800793e-008	9.97979587858e-010
4.21995109048e-008	9.86698500682e-010
4.22408417303e-008	9.75738267961e-010
4.22821725558e-008	9.67984470357e-010
4.23235033814e-008	9.65408197828e-010
4.23648342069e-008	9.68469304752e-010
4.24061650324e-008	9.74750724581e-010
4.24474958579e-008	9.82715353537e-010
4.24888266834e-008	9.91461024391e-010
4.25301575089e-008	9.97085747301e-010
4.25714883345e-008	9.94890614336e-010
4.261281916e-008	9.88800485935e-010
4.26541499855e-008	9.81089653962e-010
4.2695480811e-008	9.72759206519e-010
4.27368116365e-008	9.67174673683e-010
4.27781424621e-008	9.67266822194e-010
4.28194732876e-008	9.73606639754e-010
4.28608041131e-008	9.83255810105e-010
4.29021349386e-008	9.91434490061e-010
4.29434657641e-008	9.94524351761e-010
4.29847965896e-008	9.90919235555e-010
4.30261274152e-008	9.85559300837e-010
4.30674582407e-008	9.82190107024e-010
4.31087890662e-008	9.78941816498e-010
4.31501198917e-008	9.74608505011e-010
4.31914507172e-008	9.70345470641e-010
4.32327815428e-008	9.7068342253e-010
4.32741123683e-008	9.75709513185e-010
4.33154431938e-008	9.84247572333e-010
4.33567740193e-008	9.93779725178e-010
4.33981048448e-008	9.98614191339e-010
4.34394356703e-008	9.94210491712e-010
4.34807664959e-008	9.83238379604e-010
4.35220973214e-008	9.71707492248e-010
4.35634281469e-008	9.67251057027e-010
4.36047589724e-008	9.72096181329e-010
4.36460897979e-008	9.80603265255e-010
4.36874206235e-008	9.84336501197e-010
4.3728751449e-008	9.82572134767e-010
4.37700822745e-008	9.84290537964e-010
4.38114131e-008	9.90165838211e-010
4.38527439255e-008	9.92188442517e-010
4.38940747511e-008	9.86462689312e-010
4.39354055766e-008	9.78881087299e-010
4.39767364021e-008	9.75754699262e-010
4.40180672276e-008	9.7561092538e-010
4.40593980531e-008	9.74545333321e-010
4.41007288786e-008	9.74115565988e-010
4.41420597042e-008	9.78264469431e-010
4.41833905297e-008	9.88896742271e-010
4.42247213552e-008	9.98113591777e-010
4.42660521807e-008	9.95249771485e-010
