% time-domain voltage integration by openEMS v0.0.35-62-gbb235b2 @Sat May 09 16:24:24 2020
% start-coordinates: (0.0047217,-0.017144,-0.00150002) m -> [62,37,18]
% stop-coordinates: (0.0047217,-0.017144,1.7e-08) m -> [62,37,23]
% t/s	voltage
0	0
1.04163358737e-11	-0.000404440657374
2.08326717474e-11	-0.00166040465884
3.12490076211e-11	-0.0052279067158
4.16653434948e-11	-0.0139121314568
5.20816793685e-11	-0.0321803113717
6.24980152422e-11	-0.0653843147285
7.29143511159e-11	-0.116320532352
8.33306869897e-11	-0.178662973677
9.37470228634e-11	-0.227903473095
1.04163358737e-10	-0.214894464145
1.14579694611e-10	-0.0697355778415
1.24996030484e-10	0.276821545531
1.35412366358e-10	0.855334610826
1.45828702232e-10	1.61739568163
1.56245038106e-10	2.41783896165
1.66661373979e-10	3.04145432188
1.77077709853e-10	3.27576738336
1.87494045727e-10	3.00167287473
1.979103816e-10	2.25566566571
2.08326717474e-10	1.22778500683
2.18743053348e-10	0.190092603254
2.29159389222e-10	-0.608784809943
2.39575725095e-10	-1.0305255606
2.49992060969e-10	-1.07763713726
2.60408396843e-10	-0.861458016969
2.70824732716e-10	-0.534757835637
2.8124106859e-10	-0.226275840746
2.91657404464e-10	-0.00494247545089
3.02073740337e-10	0.119899602579
3.12490076211e-10	0.173441350739
3.22906412085e-10	0.184531926766
3.33322747959e-10	0.164085397462
3.43739083832e-10	0.100218305498
3.54155419706e-10	-0.0311489663573
3.6457175558e-10	-0.24752144381
3.74988091453e-10	-0.541374784176
3.85404427327e-10	-0.872076579465
3.95820763201e-10	-1.17223752823
4.06237099075e-10	-1.36747388574
4.16653434948e-10	-1.40405174171
4.27069770822e-10	-1.27140195145
4.37486106696e-10	-1.00980777856
4.47902442569e-10	-0.697614476084
4.58318778443e-10	-0.422790289051
4.68735114317e-10	-0.251034885636
4.79151450191e-10	-0.204461547753
4.89567786064e-10	-0.259004961739
4.99984121938e-10	-0.359759436149
5.10400457812e-10	-0.44507432716
5.20816793685e-10	-0.468025210956
5.31233129559e-10	-0.407738142131
5.41649465433e-10	-0.269024572069
5.52065801306e-10	-0.0744173875598
