0	0.00012341
4.80728e-013	0.00012796
9.61457e-013	0.000132669
1.44219e-012	0.000137541
1.92291e-012	0.000142581
2.40364e-012	0.000147795
2.88437e-012	0.000153189
3.3651e-012	0.000158768
3.84583e-012	0.000164538
4.32656e-012	0.000170506
4.80728e-012	0.000176677
5.28801e-012	0.000183058
5.76874e-012	0.000189655
6.24947e-012	0.000196476
6.7302e-012	0.000203528
7.21093e-012	0.000210817
7.69166e-012	0.000218351
8.17238e-012	0.000226138
8.65311e-012	0.000234186
9.13384e-012	0.000242502
9.61457e-012	0.000251096
1.00953e-011	0.000259975
1.0576e-011	0.000269148
1.10568e-011	0.000278625
1.15375e-011	0.000288414
1.20182e-011	0.000298525
1.24989e-011	0.000308968
1.29797e-011	0.000319754
1.34604e-011	0.000330891
1.39411e-011	0.000342392
1.44219e-011	0.000354266
1.49026e-011	0.000366526
1.53833e-011	0.000379182
1.5864e-011	0.000392246
1.63448e-011	0.000405731
1.68255e-011	0.000419649
1.73062e-011	0.000434012
1.7787e-011	0.000448835
1.82677e-011	0.00046413
1.87484e-011	0.000479911
1.92291e-011	0.000496192
1.97099e-011	0.000512989
2.01906e-011	0.000530315
2.06713e-011	0.000548186
2.11521e-011	0.000566618
2.16328e-011	0.000585627
2.21135e-011	0.00060523
2.25942e-011	0.000625444
2.3075e-011	0.000646285
2.35557e-011	0.000667772
2.40364e-011	0.000689923
2.45172e-011	0.000712757
2.49979e-011	0.000736292
2.54786e-011	0.00076055
2.59593e-011	0.000785549
2.64401e-011	0.00081131
2.69208e-011	0.000837856
2.74015e-011	0.000865207
2.78823e-011	0.000893385
2.8363e-011	0.000922414
2.88437e-011	0.000952316
2.93244e-011	0.000983116
2.98052e-011	0.00101484
3.02859e-011	0.00104751
3.07666e-011	0.00108115
3.12474e-011	0.00111579
3.17281e-011	0.00115146
3.22088e-011	0.00118818
3.26895e-011	0.00122598
3.31703e-011	0.00126489
3.3651e-011	0.00130494
3.41317e-011	0.00134617
3.46125e-011	0.00138859
3.50932e-011	0.00143224
3.55739e-011	0.00147716
3.60546e-011	0.00152338
3.65354e-011	0.00157093
3.70161e-011	0.00161985
3.74968e-011	0.00167016
3.79776e-011	0.00172192
3.84583e-011	0.00177514
3.8939e-011	0.00182988
3.94197e-011	0.00188617
3.99005e-011	0.00194405
4.03812e-011	0.00200356
4.08619e-011	0.00206474
4.13426e-011	0.00212763
4.18234e-011	0.00219228
4.23041e-011	0.00225873
4.27848e-011	0.00232702
4.32656e-011	0.0023972
4.37463e-011	0.00246932
4.4227e-011	0.00254342
4.47077e-011	0.00261956
4.51885e-011	0.00269777
4.56692e-011	0.00277812
4.61499e-011	0.00286066
4.66307e-011	0.00294543
4.71114e-011	0.00303249
4.75921e-011	0.0031219
4.80728e-011	0.0032137
4.85536e-011	0.00330797
4.90343e-011	0.00340476
4.9515e-011	0.00350411
4.99958e-011	0.00360611
5.04765e-011	0.0037108
5.09572e-011	0.00381826
5.14379e-011	0.00392854
5.19187e-011	0.00404171
5.23994e-011	0.00415783
5.28801e-011	0.00427698
5.33609e-011	0.00439923
5.38416e-011	0.00452464
5.43223e-011	0.00465328
5.4803e-011	0.00478523
5.52838e-011	0.00492056
5.57645e-011	0.00505935
5.62452e-011	0.00520168
5.6726e-011	0.00534762
5.72067e-011	0.00549726
5.76874e-011	0.00565066
5.81681e-011	0.00580793
5.86489e-011	0.00596914
5.91296e-011	0.00613437
5.96103e-011	0.00630372
6.00911e-011	0.00647727
6.05718e-011	0.00665511
6.10525e-011	0.00683733
6.15332e-011	0.00702403
6.2014e-011	0.00721531
6.24947e-011	0.00741125
6.29754e-011	0.00761196
6.34562e-011	0.00781753
6.39369e-011	0.00802807
6.44176e-011	0.00824367
6.48983e-011	0.00846445
6.53791e-011	0.00869051
6.58598e-011	0.00892195
6.63405e-011	0.00915889
6.68213e-011	0.00940143
6.7302e-011	0.0096497
6.77827e-011	0.00990379
6.82634e-011	0.0101638
6.87442e-011	0.01043
6.92249e-011	0.0107022
6.97056e-011	0.0109809
7.01864e-011	0.0112659
7.06671e-011	0.0115575
7.11478e-011	0.0118558
7.16285e-011	0.0121608
7.21093e-011	0.0124729
7.259e-011	0.012792
7.30707e-011	0.0131183
7.35515e-011	0.0134519
7.40322e-011	0.013793
7.45129e-011	0.0141418
7.49936e-011	0.0144983
7.54744e-011	0.0148627
7.59551e-011	0.0152351
7.64358e-011	0.0156158
7.69166e-011	0.0160047
7.73973e-011	0.0164022
7.7878e-011	0.0168083
7.83587e-011	0.0172233
7.88395e-011	0.0176471
7.93202e-011	0.0180801
7.98009e-011	0.0185224
8.02817e-011	0.0189741
8.07624e-011	0.0194354
8.12431e-011	0.0199064
8.17238e-011	0.0203874
8.22046e-011	0.0208785
8.26853e-011	0.0213798
8.3166e-011	0.0218916
8.36468e-011	0.022414
8.41275e-011	0.0229472
8.46082e-011	0.0234913
8.50889e-011	0.0240466
8.55697e-011	0.0246133
8.60504e-011	0.0251914
8.65311e-011	0.0257813
8.70119e-011	0.026383
8.74926e-011	0.0269968
8.79733e-011	0.0276229
8.8454e-011	0.0282614
8.89348e-011	0.0289126
8.94155e-011	0.0295766
8.98962e-011	0.0302537
9.0377e-011	0.030944
9.08577e-011	0.0316478
9.13384e-011	0.0323651
9.18191e-011	0.0330964
9.22999e-011	0.0338417
9.27806e-011	0.0346012
9.32613e-011	0.0353752
9.37421e-011	0.0361639
9.42228e-011	0.0369675
9.47035e-011	0.0377862
9.51842e-011	0.0386201
9.5665e-011	0.0394696
9.61457e-011	0.0403349
9.66264e-011	0.0412161
9.71072e-011	0.0421135
9.75879e-011	0.0430273
9.80686e-011	0.0439577
9.85493e-011	0.0449049
9.90301e-011	0.0458692
9.95108e-011	0.0468508
9.99915e-011	0.0478499
1.00472e-010	0.0488668
1.00953e-010	0.0499016
1.01434e-010	0.0509546
1.01914e-010	0.052026
1.02395e-010	0.0531161
1.02876e-010	0.0542251
1.03357e-010	0.0553532
1.03837e-010	0.0565006
1.04318e-010	0.0576676
1.04799e-010	0.0588544
1.0528e-010	0.0600612
1.0576e-010	0.0612884
1.06241e-010	0.062536
1.06722e-010	0.0638044
1.07202e-010	0.0650937
1.07683e-010	0.0664043
1.08164e-010	0.0677363
1.08645e-010	0.0690899
1.09125e-010	0.0704655
1.09606e-010	0.0718632
1.10087e-010	0.0732833
1.10568e-010	0.074726
1.11048e-010	0.0761916
1.11529e-010	0.0776802
1.1201e-010	0.0791921
1.1249e-010	0.0807276
1.12971e-010	0.0822868
1.13452e-010	0.08387
1.13933e-010	0.0854775
1.14413e-010	0.0871094
1.14894e-010	0.0887659
1.15375e-010	0.0904474
1.15856e-010	0.092154
1.16336e-010	0.0938859
1.16817e-010	0.0956434
1.17298e-010	0.0974267
1.17778e-010	0.099236
1.18259e-010	0.101072
1.1874e-010	0.102934
1.19221e-010	0.104822
1.19701e-010	0.106738
1.20182e-010	0.10868
1.20663e-010	0.11065
1.21144e-010	0.112647
1.21624e-010	0.114672
1.22105e-010	0.116725
1.22586e-010	0.118806
1.23066e-010	0.120915
1.23547e-010	0.123053
1.24028e-010	0.125219
1.24509e-010	0.127415
1.24989e-010	0.129639
1.2547e-010	0.131892
1.25951e-010	0.134175
1.26432e-010	0.136487
1.26912e-010	0.138829
1.27393e-010	0.141201
1.27874e-010	0.143603
1.28355e-010	0.146035
1.28835e-010	0.148498
1.29316e-010	0.150991
1.29797e-010	0.153515
1.30277e-010	0.156069
1.30758e-010	0.158654
1.31239e-010	0.161271
1.3172e-010	0.163918
1.322e-010	0.166597
1.32681e-010	0.169308
1.33162e-010	0.17205
1.33643e-010	0.174823
1.34123e-010	0.177628
1.34604e-010	0.180466
1.35085e-010	0.183335
1.35565e-010	0.186236
1.36046e-010	0.189169
1.36527e-010	0.192134
1.37008e-010	0.195132
1.37488e-010	0.198162
1.37969e-010	0.201224
1.3845e-010	0.204319
1.38931e-010	0.207446
1.39411e-010	0.210605
1.39892e-010	0.213797
1.40373e-010	0.217022
1.40853e-010	0.220279
1.41334e-010	0.223569
1.41815e-010	0.226891
1.42296e-010	0.230246
1.42776e-010	0.233634
1.43257e-010	0.237054
1.43738e-010	0.240506
1.44219e-010	0.243991
1.44699e-010	0.247509
1.4518e-010	0.251059
1.45661e-010	0.254641
1.46141e-010	0.258255
1.46622e-010	0.261902
1.47103e-010	0.26558
1.47584e-010	0.269291
1.48064e-010	0.273034
1.48545e-010	0.276808
1.49026e-010	0.280614
1.49507e-010	0.284452
1.49987e-010	0.288321
1.50468e-010	0.292222
1.50949e-010	0.296153
1.51429e-010	0.300116
1.5191e-010	0.304109
1.52391e-010	0.308133
1.52872e-010	0.312188
1.53352e-010	0.316272
1.53833e-010	0.320387
1.54314e-010	0.324532
1.54795e-010	0.328706
1.55275e-010	0.33291
1.55756e-010	0.337143
1.56237e-010	0.341405
1.56717e-010	0.345695
1.57198e-010	0.350014
1.57679e-010	0.354361
1.5816e-010	0.358735
1.5864e-010	0.363138
1.59121e-010	0.367567
1.59602e-010	0.372023
1.60083e-010	0.376506
1.60563e-010	0.381015
1.61044e-010	0.38555
1.61525e-010	0.39011
1.62005e-010	0.394695
1.62486e-010	0.399306
1.62967e-010	0.40394
1.63448e-010	0.408599
1.63928e-010	0.413281
1.64409e-010	0.417986
1.6489e-010	0.422714
1.65371e-010	0.427464
1.65851e-010	0.432236
1.66332e-010	0.43703
1.66813e-010	0.441844
1.67294e-010	0.446679
1.67774e-010	0.451534
1.68255e-010	0.456408
1.68736e-010	0.461301
1.69216e-010	0.466213
1.69697e-010	0.471142
1.70178e-010	0.476089
1.70659e-010	0.481053
1.71139e-010	0.486033
1.7162e-010	0.491028
1.72101e-010	0.496039
1.72582e-010	0.501064
1.73062e-010	0.506104
1.73543e-010	0.511156
1.74024e-010	0.516222
1.74504e-010	0.521299
1.74985e-010	0.526389
1.75466e-010	0.531489
1.75947e-010	0.536599
1.76427e-010	0.541719
1.76908e-010	0.546848
1.77389e-010	0.551985
1.7787e-010	0.557129
1.7835e-010	0.562281
1.78831e-010	0.567439
1.79312e-010	0.572602
1.79792e-010	0.57777
1.80273e-010	0.582942
1.80754e-010	0.588118
1.81235e-010	0.593296
1.81715e-010	0.598476
1.82196e-010	0.603658
1.82677e-010	0.608839
1.83158e-010	0.614021
1.83638e-010	0.619201
1.84119e-010	0.624379
1.846e-010	0.629555
1.8508e-010	0.634728
1.85561e-010	0.639896
1.86042e-010	0.645059
1.86523e-010	0.650216
1.87003e-010	0.655367
1.87484e-010	0.66051
1.87965e-010	0.665645
1.88446e-010	0.670771
1.88926e-010	0.675888
1.89407e-010	0.680993
1.89888e-010	0.686087
1.90368e-010	0.691169
1.90849e-010	0.696237
1.9133e-010	0.701292
1.91811e-010	0.706331
1.92291e-010	0.711355
1.92772e-010	0.716363
1.93253e-010	0.721353
1.93734e-010	0.726324
1.94214e-010	0.731277
1.94695e-010	0.73621
1.95176e-010	0.741121
1.95656e-010	0.746011
1.96137e-010	0.750879
1.96618e-010	0.755723
1.97099e-010	0.760543
1.97579e-010	0.765338
1.9806e-010	0.770107
1.98541e-010	0.774849
1.99022e-010	0.779563
1.99502e-010	0.784249
1.99983e-010	0.788905
2.00464e-010	0.793531
2.00945e-010	0.798126
2.01425e-010	0.802689
2.01906e-010	0.807219
2.02387e-010	0.811715
2.02867e-010	0.816177
2.03348e-010	0.820603
2.03829e-010	0.824994
2.0431e-010	0.829347
2.0479e-010	0.833662
2.05271e-010	0.837939
2.05752e-010	0.842176
2.06233e-010	0.846373
2.06713e-010	0.850528
2.07194e-010	0.854642
2.07675e-010	0.858713
2.08155e-010	0.86274
2.08636e-010	0.866723
2.09117e-010	0.870661
2.09598e-010	0.874553
2.10078e-010	0.878398
2.10559e-010	0.882195
2.1104e-010	0.885945
2.11521e-010	0.889645
2.12001e-010	0.893295
2.12482e-010	0.896896
2.12963e-010	0.900444
2.13443e-010	0.903941
2.13924e-010	0.907386
2.14405e-010	0.910777
2.14886e-010	0.914113
2.15366e-010	0.917396
2.15847e-010	0.920622
2.16328e-010	0.923793
2.16809e-010	0.926907
2.17289e-010	0.929963
2.1777e-010	0.932962
2.18251e-010	0.935902
2.18731e-010	0.938782
2.19212e-010	0.941603
2.19693e-010	0.944364
2.20174e-010	0.947063
2.20654e-010	0.9497
2.21135e-010	0.952276
2.21616e-010	0.954789
2.22097e-010	0.957238
2.22577e-010	0.959624
2.23058e-010	0.961946
2.23539e-010	0.964202
2.24019e-010	0.966394
2.245e-010	0.96852
2.24981e-010	0.970579
2.25462e-010	0.972573
2.25942e-010	0.974499
2.26423e-010	0.976357
2.26904e-010	0.978148
2.27385e-010	0.97987
2.27865e-010	0.981524
2.28346e-010	0.983109
2.28827e-010	0.984625
2.29307e-010	0.986071
2.29788e-010	0.987447
2.30269e-010	0.988752
2.3075e-010	0.989988
2.3123e-010	0.991152
2.31711e-010	0.992245
2.32192e-010	0.993267
2.32673e-010	0.994218
2.33153e-010	0.995097
2.33634e-010	0.995904
2.34115e-010	0.996639
2.34595e-010	0.997301
2.35076e-010	0.997891
2.35557e-010	0.998409
2.36038e-010	0.998854
2.36518e-010	0.999226
2.36999e-010	0.999526
2.3748e-010	0.999752
2.37961e-010	0.999906
2.38441e-010	0.999987
2.38922e-010	0.999994
2.39403e-010	0.999929
2.39884e-010	0.999791
2.40364e-010	0.99958
2.40845e-010	0.999295
2.41326e-010	0.998939
2.41806e-010	0.998509
2.42287e-010	0.998007
2.42768e-010	0.997432
2.43249e-010	0.996784
2.43729e-010	0.996065
2.4421e-010	0.995273
2.44691e-010	0.994409
2.45172e-010	0.993474
2.45652e-010	0.992467
2.46133e-010	0.991389
2.46614e-010	0.990239
2.47094e-010	0.989019
2.47575e-010	0.987728
2.48056e-010	0.986367
2.48537e-010	0.984936
2.49017e-010	0.983435
2.49498e-010	0.981864
2.49979e-010	0.980225
2.5046e-010	0.978517
2.5094e-010	0.976741
2.51421e-010	0.974896
2.51902e-010	0.972985
2.52382e-010	0.971006
2.52863e-010	0.96896
2.53344e-010	0.966848
2.53825e-010	0.96467
2.54305e-010	0.962427
2.54786e-010	0.960119
2.55267e-010	0.957747
2.55748e-010	0.955311
2.56228e-010	0.952811
2.56709e-010	0.950249
2.5719e-010	0.947625
2.5767e-010	0.944938
2.58151e-010	0.942191
2.58632e-010	0.939383
2.59113e-010	0.936515
2.59593e-010	0.933587
2.60074e-010	0.930601
2.60555e-010	0.927557
2.61036e-010	0.924455
2.61516e-010	0.921296
2.61997e-010	0.918081
2.62478e-010	0.914811
2.62958e-010	0.911485
2.63439e-010	0.908106
2.6392e-010	0.904673
2.64401e-010	0.901187
2.64881e-010	0.897649
2.65362e-010	0.894059
2.65843e-010	0.890419
2.66324e-010	0.886729
2.66804e-010	0.88299
2.67285e-010	0.879203
2.67766e-010	0.875368
2.68246e-010	0.871486
2.68727e-010	0.867558
2.69208e-010	0.863584
2.69689e-010	0.859566
2.70169e-010	0.855505
2.7065e-010	0.8514
2.71131e-010	0.847253
2.71612e-010	0.843065
2.72092e-010	0.838836
2.72573e-010	0.834568
2.73054e-010	0.830261
2.73535e-010	0.825916
2.74015e-010	0.821533
2.74496e-010	0.817114
2.74977e-010	0.81266
2.75457e-010	0.80817
2.75938e-010	0.803647
2.76419e-010	0.799091
2.769e-010	0.794503
2.7738e-010	0.789884
2.77861e-010	0.785234
2.78342e-010	0.780554
2.78823e-010	0.775846
2.79303e-010	0.77111
2.79784e-010	0.766346
2.80265e-010	0.761557
2.80745e-010	0.756742
2.81226e-010	0.751903
2.81707e-010	0.747041
2.82188e-010	0.742155
2.82668e-010	0.737248
2.83149e-010	0.732319
2.8363e-010	0.727371
2.84111e-010	0.722403
2.84591e-010	0.717417
2.85072e-010	0.712413
2.85553e-010	0.707393
2.86033e-010	0.702357
2.86514e-010	0.697305
2.86995e-010	0.69224
2.87476e-010	0.687161
2.87956e-010	0.682069
2.88437e-010	0.676966
2.88918e-010	0.671852
2.89399e-010	0.666728
2.89879e-010	0.661595
2.9036e-010	0.656453
2.90841e-010	0.651304
2.91321e-010	0.646148
2.91802e-010	0.640986
2.92283e-010	0.635818
2.92764e-010	0.630647
2.93244e-010	0.625472
2.93725e-010	0.620294
2.94206e-010	0.615114
2.94687e-010	0.609933
2.95167e-010	0.604751
2.95648e-010	0.59957
2.96129e-010	0.594389
2.96609e-010	0.58921
2.9709e-010	0.584034
2.97571e-010	0.578861
2.98052e-010	0.573692
2.98532e-010	0.568528
2.99013e-010	0.563369
2.99494e-010	0.558216
2.99975e-010	0.55307
3.00455e-010	0.547931
3.00936e-010	0.5428
3.01417e-010	0.537679
3.01897e-010	0.532566
3.02378e-010	0.527464
3.02859e-010	0.522372
3.0334e-010	0.517292
3.0382e-010	0.512224
3.04301e-010	0.507169
3.04782e-010	0.502127
3.05263e-010	0.497098
3.05743e-010	0.492084
3.06224e-010	0.487085
3.06705e-010	0.482102
3.07186e-010	0.477135
3.07666e-010	0.472185
3.08147e-010	0.467251
3.08628e-010	0.462336
3.09108e-010	0.457439
3.09589e-010	0.452561
3.1007e-010	0.447702
3.10551e-010	0.442863
3.11031e-010	0.438044
3.11512e-010	0.433246
3.11993e-010	0.42847
3.12474e-010	0.423715
3.12954e-010	0.418982
3.13435e-010	0.414272
3.13916e-010	0.409585
3.14396e-010	0.404921
3.14877e-010	0.400282
3.15358e-010	0.395666
3.15839e-010	0.391076
3.16319e-010	0.38651
3.168e-010	0.38197
3.17281e-010	0.377455
3.17762e-010	0.372967
3.18242e-010	0.368505
3.18723e-010	0.36407
3.19204e-010	0.359662
3.19684e-010	0.355282
3.20165e-010	0.350929
3.20646e-010	0.346604
3.21127e-010	0.342308
3.21607e-010	0.33804
3.22088e-010	0.333801
3.22569e-010	0.329591
3.2305e-010	0.32541
3.2353e-010	0.321259
3.24011e-010	0.317138
3.24492e-010	0.313047
3.24972e-010	0.308986
3.25453e-010	0.304956
3.25934e-010	0.300956
3.26415e-010	0.296987
3.26895e-010	0.293049
3.27376e-010	0.289142
3.27857e-010	0.285266
3.28338e-010	0.281422
3.28818e-010	0.277609
3.29299e-010	0.273828
3.2978e-010	0.270078
3.3026e-010	0.266361
3.30741e-010	0.262675
3.31222e-010	0.259022
3.31703e-010	0.255401
3.32183e-010	0.251812
3.32664e-010	0.248255
3.33145e-010	0.244731
3.33626e-010	0.241239
3.34106e-010	0.23778
3.34587e-010	0.234353
3.35068e-010	0.230958
3.35548e-010	0.227597
3.36029e-010	0.224267
3.3651e-010	0.220971
3.36991e-010	0.217707
3.37471e-010	0.214475
3.37952e-010	0.211276
3.38433e-010	0.20811
3.38914e-010	0.204976
3.39394e-010	0.201874
3.39875e-010	0.198805
3.40356e-010	0.195768
3.40836e-010	0.192764
3.41317e-010	0.189792
3.41798e-010	0.186852
3.42279e-010	0.183944
3.42759e-010	0.181068
3.4324e-010	0.178224
3.43721e-010	0.175412
3.44202e-010	0.172632
3.44682e-010	0.169884
3.45163e-010	0.167167
3.45644e-010	0.164481
3.46125e-010	0.161827
3.46605e-010	0.159204
3.47086e-010	0.156612
3.47567e-010	0.154051
3.48047e-010	0.151521
3.48528e-010	0.149021
3.49009e-010	0.146552
3.4949e-010	0.144114
3.4997e-010	0.141706
3.50451e-010	0.139327
3.50932e-010	0.136979
3.51413e-010	0.13466
3.51893e-010	0.132371
3.52374e-010	0.130112
3.52855e-010	0.127881
3.53335e-010	0.12568
3.53816e-010	0.123508
3.54297e-010	0.121364
3.54778e-010	0.119249
3.55258e-010	0.117162
3.55739e-010	0.115103
3.5622e-010	0.113072
3.56701e-010	0.111069
3.57181e-010	0.109094
3.57662e-010	0.107145
3.58143e-010	0.105224
3.58623e-010	0.10333
3.59104e-010	0.101462
3.59585e-010	0.0996212
3.60066e-010	0.0978064
3.60546e-010	0.0960176
3.61027e-010	0.0942547
3.61508e-010	0.0925174
3.61989e-010	0.0908054
3.62469e-010	0.0891187
3.6295e-010	0.0874569
3.63431e-010	0.0858198
3.63911e-010	0.0842072
3.64392e-010	0.0826189
3.64873e-010	0.0810546
3.65354e-010	0.0795142
3.65834e-010	0.0779973
3.66315e-010	0.0765038
3.66796e-010	0.0750334
3.67277e-010	0.0735859
3.67757e-010	0.072161
3.68238e-010	0.0707586
3.68719e-010	0.0693784
3.69199e-010	0.0680201
3.6968e-010	0.0666836
3.70161e-010	0.0653685
3.70642e-010	0.0640747
3.71122e-010	0.0628019
3.71603e-010	0.0615499
3.72084e-010	0.0603185
3.72565e-010	0.0591074
3.73045e-010	0.0579164
3.73526e-010	0.0567452
3.74007e-010	0.0555937
3.74487e-010	0.0544615
3.74968e-010	0.0533486
3.75449e-010	0.0522545
3.7593e-010	0.0511792
3.7641e-010	0.0501223
3.76891e-010	0.0490836
3.77372e-010	0.048063
3.77853e-010	0.0470602
3.78333e-010	0.0460749
3.78814e-010	0.045107
3.79295e-010	0.0441562
3.79776e-010	0.0432222
3.80256e-010	0.0423049
3.80737e-010	0.0414041
3.81218e-010	0.0405195
3.81698e-010	0.0396509
3.82179e-010	0.0387981
3.8266e-010	0.0379609
3.83141e-010	0.037139
3.83621e-010	0.0363322
3.84102e-010	0.0355404
3.84583e-010	0.0347633
3.85064e-010	0.0340008
3.85544e-010	0.0332525
3.86025e-010	0.0325183
3.86506e-010	0.031798
3.86986e-010	0.0310914
3.87467e-010	0.0303983
3.87948e-010	0.0297184
3.88429e-010	0.0290517
3.88909e-010	0.0283978
3.8939e-010	0.0277566
3.89871e-010	0.0271279
3.90352e-010	0.0265115
3.90832e-010	0.0259073
3.91313e-010	0.0253149
3.91794e-010	0.0247343
3.92274e-010	0.0241653
3.92755e-010	0.0236076
3.93236e-010	0.0230611
3.93717e-010	0.0225256
3.94197e-010	0.0220009
3.94678e-010	0.0214869
3.95159e-010	0.0209834
3.9564e-010	0.0204902
3.9612e-010	0.0200071
3.96601e-010	0.0195339
3.97082e-010	0.0190706
3.97562e-010	0.0186169
3.98043e-010	0.0181727
3.98524e-010	0.0177377
3.99005e-010	0.017312
3.99485e-010	0.0168952
3.99966e-010	0.0164872
4.00447e-010	0.0160879
4.00928e-010	0.0156971
4.01408e-010	0.0153148
4.01889e-010	0.0149406
4.0237e-010	0.0145745
4.0285e-010	0.0142163
4.03331e-010	0.013866
4.03812e-010	0.0135233
4.04293e-010	0.0131881
4.04773e-010	0.0128602
4.05254e-010	0.0125396
4.05735e-010	0.0122261
4.06216e-010	0.0119196
4.06696e-010	0.0116199
4.07177e-010	0.0113269
4.07658e-010	0.0110405
4.08138e-010	0.0107605
4.08619e-010	0.0104869
4.091e-010	0.0102195
4.09581e-010	0.00995817
4.10061e-010	0.00970283
4.10542e-010	0.00945334
4.11023e-010	0.0092096
4.11504e-010	0.00897149
4.11984e-010	0.0087389
4.12465e-010	0.00851171
4.12946e-010	0.00828983
4.13426e-010	0.00807314
4.13907e-010	0.00786154
4.14388e-010	0.00765493
4.14869e-010	0.0074532
4.15349e-010	0.00725627
4.1583e-010	0.00706401
4.16311e-010	0.00687636
4.16792e-010	0.00669319
4.17272e-010	0.00651443
4.17753e-010	0.00633999
4.18234e-010	0.00616976
4.18715e-010	0.00600367
4.19195e-010	0.00584162
4.19676e-010	0.00568353
4.20157e-010	0.00552931
4.20637e-010	0.00537889
4.21118e-010	0.00523217
4.21599e-010	0.00508909
4.2208e-010	0.00494956
4.2256e-010	0.0048135
4.23041e-010	0.00468084
4.23522e-010	0.00455151
4.24003e-010	0.00442543
4.24483e-010	0.00430252
4.24964e-010	0.00418272
4.25445e-010	0.00406596
4.25925e-010	0.00395218
4.26406e-010	0.00384129
4.26887e-010	0.00373325
4.27368e-010	0.00362798
4.27848e-010	0.00352542
4.28329e-010	0.00342551
4.2881e-010	0.00332818
4.29291e-010	0.00323339
4.29771e-010	0.00314107
4.30252e-010	0.00305116
4.30733e-010	0.00296361
4.31213e-010	0.00287836
4.31694e-010	0.00279536
4.32175e-010	0.00271455
4.32656e-010	0.00263589
4.33136e-010	0.00255932
4.33617e-010	0.00248479
4.34098e-010	0.00241226
4.34579e-010	0.00234167
4.35059e-010	0.00227298
4.3554e-010	0.00220615
4.36021e-010	0.00214113
4.36501e-010	0.00207787
4.36982e-010	0.00201633
4.37463e-010	0.00195647
4.37944e-010	0.00189825
4.38424e-010	0.00184163
4.38905e-010	0.00178657
4.39386e-010	0.00173302
4.39867e-010	0.00168096
4.40347e-010	0.00163035
4.40828e-010	0.00158114
4.41309e-010	0.0015333
4.41789e-010	0.00148681
4.4227e-010	0.00144162
4.42751e-010	0.0013977
4.43232e-010	0.00135502
4.43712e-010	0.00131355
4.44193e-010	0.00127325
4.44674e-010	0.0012341
4.45155e-010	0.00119606
4.45635e-010	0.00115912
4.46116e-010	0.00112323
4.46597e-010	0.00108838
4.47077e-010	0.00105453
4.47558e-010	0.00102165
4.48039e-010	0.000989733
4.4852e-010	0.00095874
4.49e-010	0.00092865
4.49481e-010	0.000899439
4.49962e-010	0.000871083
4.50443e-010	0.00084356
4.50923e-010	0.000816846
4.51404e-010	0.000790921
4.51885e-010	0.000765763
4.52366e-010	0.00074135
4.52846e-010	0.000717664
4.53327e-010	0.000694684
4.53808e-010	0.00067239
4.54288e-010	0.000650765
4.54769e-010	0.000629789
4.5525e-010	0.000609444
4.55731e-010	0.000589714
4.56211e-010	0.000570581
4.56692e-010	0.000552028
4.57173e-010	0.00053404
4.57654e-010	0.0005166
4.58134e-010	0.000499693
4.58615e-010	0.000483304
4.59096e-010	0.000467419
4.59576e-010	0.000452023
4.60057e-010	0.000437102
4.60538e-010	0.000422642
4.61019e-010	0.000408631
4.61499e-010	0.000395056
4.6198e-010	0.000381904
4.62461e-010	0.000369163
4.62942e-010	0.000356821
4.63422e-010	0.000344866
4.63903e-010	0.000333287
4.64384e-010	0.000322074
4.64864e-010	0.000311215
4.65345e-010	0.000300701
4.65826e-010	0.00029052
4.66307e-010	0.000280664
4.66787e-010	0.000271122
4.67268e-010	0.000261886
4.67749e-010	0.000252945
4.6823e-010	0.000244292
4.6871e-010	0.000235918
4.69191e-010	0.000227815
4.69672e-010	0.000219973
4.70152e-010	0.000212386
4.70633e-010	0.000205046
4.71114e-010	0.000197945
4.71595e-010	0.000191076
4.72075e-010	0.000184432
4.72556e-010	0.000178006
4.73037e-010	0.000171791
4.73518e-010	0.000165781
4.73998e-010	0.00015997
4.74479e-010	0.000154351
4.7496e-010	0.000148918
4.7544e-010	0.000143667
4.75921e-010	0.00013859
4.76402e-010	0.000133683
4.76883e-010	0.000128941
4.77363e-010	0.000124357
