2.40364e-013	0.000125666
7.21093e-013	0.000130295
1.20182e-012	0.000135084
1.68255e-012	0.00014004
2.16328e-012	0.000145166
2.64401e-012	0.000150469
3.12474e-012	0.000155955
3.60546e-012	0.000161629
4.08619e-012	0.000167497
4.56692e-012	0.000173565
5.04765e-012	0.000179841
5.52838e-012	0.000186329
6.00911e-012	0.000193037
6.48983e-012	0.000199973
6.97056e-012	0.000207142
7.45129e-012	0.000214553
7.93202e-012	0.000222213
8.41275e-012	0.000230129
8.89348e-012	0.00023831
9.37421e-012	0.000246764
9.85493e-012	0.000255499
1.03357e-011	0.000264524
1.08164e-011	0.000273848
1.12971e-011	0.000283479
1.17778e-011	0.000293428
1.22586e-011	0.000303705
1.27393e-011	0.000314318
1.322e-011	0.000325278
1.37008e-011	0.000336595
1.41815e-011	0.000348281
1.46622e-011	0.000360347
1.51429e-011	0.000372803
1.56237e-011	0.000385662
1.61044e-011	0.000398935
1.65851e-011	0.000412635
1.70659e-011	0.000426774
1.75466e-011	0.000441365
1.80273e-011	0.000456422
1.8508e-011	0.000471959
1.89888e-011	0.000487988
1.94695e-011	0.000504525
1.99502e-011	0.000521584
2.0431e-011	0.000539181
2.09117e-011	0.000557331
2.13924e-011	0.00057605
2.18731e-011	0.000595354
2.23539e-011	0.00061526
2.28346e-011	0.000635785
2.33153e-011	0.000656946
2.37961e-011	0.000678763
2.42768e-011	0.000701253
2.47575e-011	0.000724435
2.52382e-011	0.000748329
2.5719e-011	0.000772955
2.61997e-011	0.000798333
2.66804e-011	0.000824484
2.71612e-011	0.000851429
2.76419e-011	0.000879191
2.81226e-011	0.000907792
2.86033e-011	0.000937254
2.90841e-011	0.000967603
2.95648e-011	0.000998861
3.00455e-011	0.00103105
3.05263e-011	0.00106421
3.1007e-011	0.00109834
3.14877e-011	0.00113349
3.19684e-011	0.00116968
3.24492e-011	0.00120694
3.29299e-011	0.0012453
3.34106e-011	0.00128477
3.38914e-011	0.00132541
3.43721e-011	0.00136723
3.48528e-011	0.00141026
3.53335e-011	0.00145454
3.58143e-011	0.00150011
3.6295e-011	0.00154699
3.67757e-011	0.00159522
3.72565e-011	0.00164483
3.77372e-011	0.00169586
3.82179e-011	0.00174834
3.86986e-011	0.00180232
3.91794e-011	0.00185783
3.96601e-011	0.00191491
4.01408e-011	0.0019736
4.06216e-011	0.00203394
4.11023e-011	0.00209597
4.1583e-011	0.00215973
4.20637e-011	0.00222528
4.25445e-011	0.00229264
4.30252e-011	0.00236187
4.35059e-011	0.00243302
4.39867e-011	0.00250612
4.44674e-011	0.00258123
4.49481e-011	0.0026584
4.54288e-011	0.00273768
4.59096e-011	0.00281911
4.63903e-011	0.00290276
4.6871e-011	0.00298867
4.73518e-011	0.0030769
4.78325e-011	0.0031675
4.83132e-011	0.00326053
4.87939e-011	0.00335605
4.92747e-011	0.00345411
4.97554e-011	0.00355478
5.02361e-011	0.00365812
5.07169e-011	0.00376418
5.11976e-011	0.00387304
5.16783e-011	0.00398476
5.2159e-011	0.0040994
5.26398e-011	0.00421703
5.31205e-011	0.00433771
5.36012e-011	0.00446153
5.4082e-011	0.00458855
5.45627e-011	0.00471884
5.50434e-011	0.00485247
5.55241e-011	0.00498952
5.60049e-011	0.00513007
5.64856e-011	0.00527419
5.69663e-011	0.00542197
5.74471e-011	0.00557348
5.79278e-011	0.00572881
5.84085e-011	0.00588803
5.88892e-011	0.00605124
5.937e-011	0.00621852
5.98507e-011	0.00638996
6.03314e-011	0.00656564
6.08122e-011	0.00674567
6.12929e-011	0.00693012
6.17736e-011	0.00711909
6.22543e-011	0.00731269
6.27351e-011	0.007511
6.32158e-011	0.00771413
6.36965e-011	0.00792217
6.41773e-011	0.00813523
6.4658e-011	0.00835341
6.51387e-011	0.00857681
6.56194e-011	0.00880555
6.61002e-011	0.00903973
6.65809e-011	0.00927945
6.70616e-011	0.00952484
6.75424e-011	0.00977601
6.80231e-011	0.0100331
6.85038e-011	0.0102961
6.89845e-011	0.0105653
6.94653e-011	0.0108408
6.9946e-011	0.0111226
7.04267e-011	0.0114109
7.09075e-011	0.0117058
7.13882e-011	0.0120074
7.18689e-011	0.012316
7.23496e-011	0.0126315
7.28304e-011	0.0129542
7.33111e-011	0.0132842
7.37918e-011	0.0136215
7.42726e-011	0.0139664
7.47533e-011	0.014319
7.5234e-011	0.0146795
7.57147e-011	0.0150479
7.61955e-011	0.0154244
7.66762e-011	0.0158092
7.71569e-011	0.0162024
7.76377e-011	0.0166042
7.81184e-011	0.0170147
7.85991e-011	0.0174341
7.90798e-011	0.0178625
7.95606e-011	0.0183001
8.00413e-011	0.018747
8.0522e-011	0.0192035
8.10027e-011	0.0196696
8.14835e-011	0.0201456
8.19642e-011	0.0206316
8.24449e-011	0.0211278
8.29257e-011	0.0216344
8.34064e-011	0.0221514
8.38871e-011	0.0226792
8.43678e-011	0.0232179
8.48486e-011	0.0237676
8.53293e-011	0.0243285
8.581e-011	0.0249009
8.62908e-011	0.0254849
8.67715e-011	0.0260806
8.72522e-011	0.0266884
8.77329e-011	0.0273083
8.82137e-011	0.0279406
8.86944e-011	0.0285854
8.91751e-011	0.029243
8.96559e-011	0.0299135
9.01366e-011	0.0305972
9.06173e-011	0.0312942
9.1098e-011	0.0320047
9.15788e-011	0.032729
9.20595e-011	0.0334673
9.25402e-011	0.0342196
9.3021e-011	0.0349864
9.35017e-011	0.0357677
9.39824e-011	0.0365638
9.44631e-011	0.0373749
9.49439e-011	0.0382012
9.54246e-011	0.0390429
9.59053e-011	0.0399003
9.63861e-011	0.0407735
9.68668e-011	0.0416628
9.73475e-011	0.0425683
9.78282e-011	0.0434904
9.8309e-011	0.0444292
9.87897e-011	0.0453849
9.92704e-011	0.0463578
9.97512e-011	0.0473482
1.00232e-010	0.0483561
1.00713e-010	0.0493819
1.01193e-010	0.0504258
1.01674e-010	0.051488
1.02155e-010	0.0525687
1.02636e-010	0.0536682
1.03116e-010	0.0547867
1.03597e-010	0.0559244
1.04078e-010	0.0570816
1.04558e-010	0.0582585
1.05039e-010	0.0594553
1.0552e-010	0.0606723
1.06001e-010	0.0619096
1.06481e-010	0.0631676
1.06962e-010	0.0644464
1.07443e-010	0.0657463
1.07924e-010	0.0670676
1.08404e-010	0.0684104
1.08885e-010	0.069775
1.09366e-010	0.0711616
1.09846e-010	0.0725705
1.10327e-010	0.0740018
1.10808e-010	0.0754559
1.11289e-010	0.076933
1.11769e-010	0.0784332
1.1225e-010	0.0799569
1.12731e-010	0.0815042
1.13212e-010	0.0830754
1.13692e-010	0.0846707
1.14173e-010	0.0862903
1.14654e-010	0.0879345
1.15134e-010	0.0896035
1.15615e-010	0.0912975
1.16096e-010	0.0930168
1.16577e-010	0.0947615
1.17057e-010	0.0965318
1.17538e-010	0.0983281
1.18019e-010	0.100151
1.185e-010	0.101999
1.1898e-010	0.103874
1.19461e-010	0.105777
1.19942e-010	0.107706
1.20422e-010	0.109662
1.20903e-010	0.111645
1.21384e-010	0.113656
1.21865e-010	0.115695
1.22345e-010	0.117762
1.22826e-010	0.119857
1.23307e-010	0.121981
1.23788e-010	0.124133
1.24268e-010	0.126313
1.24749e-010	0.128523
1.2523e-010	0.130762
1.2571e-010	0.13303
1.26191e-010	0.135327
1.26672e-010	0.137655
1.27153e-010	0.140011
1.27633e-010	0.142398
1.28114e-010	0.144815
1.28595e-010	0.147263
1.29076e-010	0.149741
1.29556e-010	0.152249
1.30037e-010	0.154788
1.30518e-010	0.157358
1.30999e-010	0.159959
1.31479e-010	0.162591
1.3196e-010	0.165254
1.32441e-010	0.167949
1.32921e-010	0.170675
1.33402e-010	0.173432
1.33883e-010	0.176222
1.34364e-010	0.179043
1.34844e-010	0.181896
1.35325e-010	0.184781
1.35806e-010	0.187698
1.36287e-010	0.190647
1.36767e-010	0.193629
1.37248e-010	0.196643
1.37729e-010	0.199689
1.38209e-010	0.202767
1.3869e-010	0.205878
1.39171e-010	0.209021
1.39652e-010	0.212197
1.40132e-010	0.215406
1.40613e-010	0.218647
1.41094e-010	0.22192
1.41575e-010	0.225226
1.42055e-010	0.228565
1.42536e-010	0.231936
1.43017e-010	0.23534
1.43497e-010	0.238776
1.43978e-010	0.242245
1.44459e-010	0.245746
1.4494e-010	0.24928
1.4542e-010	0.252846
1.45901e-010	0.256444
1.46382e-010	0.260074
1.46863e-010	0.263737
1.47343e-010	0.267432
1.47824e-010	0.271158
1.48305e-010	0.274917
1.48785e-010	0.278707
1.49266e-010	0.282529
1.49747e-010	0.286383
1.50228e-010	0.290267
1.50708e-010	0.294183
1.51189e-010	0.298131
1.5167e-010	0.302109
1.52151e-010	0.306117
1.52631e-010	0.310157
1.53112e-010	0.314226
1.53593e-010	0.318326
1.54073e-010	0.322456
1.54554e-010	0.326616
1.55035e-010	0.330805
1.55516e-010	0.335023
1.55996e-010	0.33927
1.56477e-010	0.343546
1.56958e-010	0.347851
1.57439e-010	0.352184
1.57919e-010	0.356545
1.584e-010	0.360933
1.58881e-010	0.365349
1.59361e-010	0.369792
1.59842e-010	0.374261
1.60323e-010	0.378757
1.60804e-010	0.383279
1.61284e-010	0.387827
1.61765e-010	0.3924
1.62246e-010	0.396997
1.62727e-010	0.40162
1.63207e-010	0.406267
1.63688e-010	0.410937
1.64169e-010	0.415631
1.6465e-010	0.420347
1.6513e-010	0.425086
1.65611e-010	0.429848
1.66092e-010	0.43463
1.66572e-010	0.439434
1.67053e-010	0.444259
1.67534e-010	0.449104
1.68015e-010	0.453968
1.68495e-010	0.458852
1.68976e-010	0.463755
1.69457e-010	0.468675
1.69938e-010	0.473613
1.70418e-010	0.478569
1.70899e-010	0.483541
1.7138e-010	0.488528
1.7186e-010	0.493532
1.72341e-010	0.49855
1.72822e-010	0.503582
1.73303e-010	0.508628
1.73783e-010	0.513688
1.74264e-010	0.518759
1.74745e-010	0.523843
1.75226e-010	0.528937
1.75706e-010	0.534042
1.76187e-010	0.539158
1.76668e-010	0.544282
1.77148e-010	0.549415
1.77629e-010	0.554556
1.7811e-010	0.559704
1.78591e-010	0.564859
1.79071e-010	0.57002
1.79552e-010	0.575185
1.80033e-010	0.580356
1.80514e-010	0.58553
1.80994e-010	0.590707
1.81475e-010	0.595886
1.81956e-010	0.601067
1.82436e-010	0.606248
1.82917e-010	0.61143
1.83398e-010	0.616611
1.83879e-010	0.62179
1.84359e-010	0.626968
1.8484e-010	0.632142
1.85321e-010	0.637312
1.85802e-010	0.642478
1.86282e-010	0.647638
1.86763e-010	0.652792
1.87244e-010	0.657939
1.87724e-010	0.663079
1.88205e-010	0.66821
1.88686e-010	0.673331
1.89167e-010	0.678442
1.89647e-010	0.683542
1.90128e-010	0.68863
1.90609e-010	0.693705
1.9109e-010	0.698766
1.9157e-010	0.703813
1.92051e-010	0.708845
1.92532e-010	0.713861
1.93012e-010	0.71886
1.93493e-010	0.723841
1.93974e-010	0.728803
1.94455e-010	0.733746
1.94935e-010	0.738668
1.95416e-010	0.743569
1.95897e-010	0.748448
1.96378e-010	0.753304
1.96858e-010	0.758136
1.97339e-010	0.762944
1.9782e-010	0.767726
1.983e-010	0.772481
1.98781e-010	0.777209
1.99262e-010	0.781909
1.99743e-010	0.786581
2.00223e-010	0.791222
2.00704e-010	0.795832
2.01185e-010	0.800411
2.01666e-010	0.804958
2.02146e-010	0.809471
2.02627e-010	0.81395
2.03108e-010	0.818395
2.03589e-010	0.822803
2.04069e-010	0.827175
2.0455e-010	0.831509
2.05031e-010	0.835806
2.05511e-010	0.840063
2.05992e-010	0.84428
2.06473e-010	0.848456
2.06954e-010	0.852591
2.07434e-010	0.856683
2.07915e-010	0.860732
2.08396e-010	0.864737
2.08877e-010	0.868698
2.09357e-010	0.872612
2.09838e-010	0.876481
2.10319e-010	0.880302
2.10799e-010	0.884076
2.1128e-010	0.887801
2.11761e-010	0.891476
2.12242e-010	0.895102
2.12722e-010	0.898676
2.13203e-010	0.902199
2.13684e-010	0.90567
2.14165e-010	0.909088
2.14645e-010	0.912452
2.15126e-010	0.915761
2.15607e-010	0.919016
2.16087e-010	0.922215
2.16568e-010	0.925357
2.17049e-010	0.928442
2.1753e-010	0.93147
2.1801e-010	0.934439
2.18491e-010	0.93735
2.18972e-010	0.9402
2.19453e-010	0.942991
2.19933e-010	0.945721
2.20414e-010	0.948389
2.20895e-010	0.950996
2.21375e-010	0.95354
2.21856e-010	0.956021
2.22337e-010	0.958439
2.22818e-010	0.960793
2.23298e-010	0.963082
2.23779e-010	0.965306
2.2426e-010	0.967465
2.24741e-010	0.969558
2.25221e-010	0.971584
2.25702e-010	0.973544
2.26183e-010	0.975436
2.26663e-010	0.977261
2.27144e-010	0.979018
2.27625e-010	0.980706
2.28106e-010	0.982325
2.28586e-010	0.983876
2.29067e-010	0.985356
2.29548e-010	0.986767
2.30029e-010	0.988108
2.30509e-010	0.989379
2.3099e-010	0.990579
2.31471e-010	0.991708
2.31951e-010	0.992765
2.32432e-010	0.993752
2.32913e-010	0.994666
2.33394e-010	0.995509
2.33874e-010	0.99628
2.34355e-010	0.996979
2.34836e-010	0.997605
2.35317e-010	0.998159
2.35797e-010	0.998641
2.36278e-010	0.999049
2.36759e-010	0.999385
2.3724e-010	0.999648
2.3772e-010	0.999838
2.38201e-010	0.999955
2.38682e-010	1
2.39162e-010	0.999971
2.39643e-010	0.999869
2.40124e-010	0.999694
2.40605e-010	0.999447
2.41085e-010	0.999126
2.41566e-010	0.998733
2.42047e-010	0.998267
2.42528e-010	0.997728
2.43008e-010	0.997117
2.43489e-010	0.996434
2.4397e-010	0.995678
2.4445e-010	0.99485
2.44931e-010	0.993951
2.45412e-010	0.992979
2.45893e-010	0.991937
2.46373e-010	0.990823
2.46854e-010	0.989638
2.47335e-010	0.988382
2.47816e-010	0.987056
2.48296e-010	0.98566
2.48777e-010	0.984194
2.49258e-010	0.982658
2.49738e-010	0.981053
2.50219e-010	0.97938
2.507e-010	0.977637
2.51181e-010	0.975827
2.51661e-010	0.973949
2.52142e-010	0.972003
2.52623e-010	0.969991
2.53104e-010	0.967912
2.53584e-010	0.965767
2.54065e-010	0.963557
2.54546e-010	0.961281
2.55026e-010	0.958941
2.55507e-010	0.956537
2.55988e-010	0.954069
2.56469e-010	0.951538
2.56949e-010	0.948945
2.5743e-010	0.946289
2.57911e-010	0.943572
2.58392e-010	0.940794
2.58872e-010	0.937956
2.59353e-010	0.935058
2.59834e-010	0.932101
2.60314e-010	0.929086
2.60795e-010	0.926013
2.61276e-010	0.922883
2.61757e-010	0.919696
2.62237e-010	0.916453
2.62718e-010	0.913155
2.63199e-010	0.909802
2.6368e-010	0.906396
2.6416e-010	0.902936
2.64641e-010	0.899424
2.65122e-010	0.89586
2.65602e-010	0.892246
2.66083e-010	0.888581
2.66564e-010	0.884866
2.67045e-010	0.881103
2.67525e-010	0.877291
2.68006e-010	0.873433
2.68487e-010	0.869528
2.68968e-010	0.865577
2.69448e-010	0.861581
2.69929e-010	0.857541
2.7041e-010	0.853458
2.70891e-010	0.849332
2.71371e-010	0.845164
2.71852e-010	0.840956
2.72333e-010	0.836707
2.72813e-010	0.832419
2.73294e-010	0.828093
2.73775e-010	0.823729
2.74256e-010	0.819328
2.74736e-010	0.814891
2.75217e-010	0.810419
2.75698e-010	0.805913
2.76179e-010	0.801373
2.76659e-010	0.796801
2.7714e-010	0.792197
2.77621e-010	0.787562
2.78101e-010	0.782898
2.78582e-010	0.778203
2.79063e-010	0.773481
2.79544e-010	0.768731
2.80024e-010	0.763955
2.80505e-010	0.759153
2.80986e-010	0.754326
2.81467e-010	0.749475
2.81947e-010	0.744601
2.82428e-010	0.739704
2.82909e-010	0.734786
2.83389e-010	0.729848
2.8387e-010	0.72489
2.84351e-010	0.719912
2.84832e-010	0.714917
2.85312e-010	0.709905
2.85793e-010	0.704877
2.86274e-010	0.699833
2.86755e-010	0.694774
2.87235e-010	0.689702
2.87716e-010	0.684616
2.88197e-010	0.679519
2.88677e-010	0.67441
2.89158e-010	0.669291
2.89639e-010	0.664162
2.9012e-010	0.659025
2.906e-010	0.653879
2.91081e-010	0.648726
2.91562e-010	0.643567
2.92043e-010	0.638403
2.92523e-010	0.633233
2.93004e-010	0.62806
2.93485e-010	0.622883
2.93965e-010	0.617704
2.94446e-010	0.612523
2.94927e-010	0.607342
2.95408e-010	0.60216
2.95888e-010	0.596979
2.96369e-010	0.591799
2.9685e-010	0.586622
2.97331e-010	0.581447
2.97811e-010	0.576276
2.98292e-010	0.571109
2.98773e-010	0.565948
2.99253e-010	0.560791
2.99734e-010	0.555642
3.00215e-010	0.550499
3.00696e-010	0.545365
3.01176e-010	0.540238
3.01657e-010	0.535121
3.02138e-010	0.530014
3.02619e-010	0.524917
3.03099e-010	0.519831
3.0358e-010	0.514757
3.04061e-010	0.509695
3.04541e-010	0.504646
3.05022e-010	0.499611
3.05503e-010	0.494589
3.05984e-010	0.489583
3.06464e-010	0.484592
3.06945e-010	0.479617
3.07426e-010	0.474658
3.07907e-010	0.469716
3.08387e-010	0.464791
3.08868e-010	0.459885
3.09349e-010	0.454997
3.0983e-010	0.450129
3.1031e-010	0.44528
3.10791e-010	0.440451
3.11272e-010	0.435642
3.11752e-010	0.430855
3.12233e-010	0.426089
3.12714e-010	0.421346
3.13195e-010	0.416624
3.13675e-010	0.411925
3.14156e-010	0.40725
3.14637e-010	0.402598
3.15118e-010	0.397971
3.15598e-010	0.393368
3.16079e-010	0.38879
3.1656e-010	0.384237
3.1704e-010	0.379709
3.17521e-010	0.375208
3.18002e-010	0.370733
3.18483e-010	0.366284
3.18963e-010	0.361863
3.19444e-010	0.357468
3.19925e-010	0.353102
3.20406e-010	0.348763
3.20886e-010	0.344452
3.21367e-010	0.34017
3.21848e-010	0.335917
3.22328e-010	0.331692
3.22809e-010	0.327497
3.2329e-010	0.323331
3.23771e-010	0.319195
3.24251e-010	0.315089
3.24732e-010	0.311013
3.25213e-010	0.306967
3.25694e-010	0.302952
3.26174e-010	0.298968
3.26655e-010	0.295014
3.27136e-010	0.291091
3.27616e-010	0.2872
3.28097e-010	0.28334
3.28578e-010	0.279511
3.29059e-010	0.275714
3.29539e-010	0.271949
3.3002e-010	0.268216
3.30501e-010	0.264514
3.30982e-010	0.260845
3.31462e-010	0.257207
3.31943e-010	0.253602
3.32424e-010	0.250029
3.32904e-010	0.246489
3.33385e-010	0.242981
3.33866e-010	0.239505
3.34347e-010	0.236062
3.34827e-010	0.232652
3.35308e-010	0.229273
3.35789e-010	0.225928
3.3627e-010	0.222615
3.3675e-010	0.219335
3.37231e-010	0.216087
3.37712e-010	0.212872
3.38192e-010	0.209689
3.38673e-010	0.206539
3.39154e-010	0.203421
3.39635e-010	0.200336
3.40115e-010	0.197283
3.40596e-010	0.194262
3.41077e-010	0.191274
3.41558e-010	0.188318
3.42038e-010	0.185394
3.42519e-010	0.182502
3.43e-010	0.179642
3.43481e-010	0.176814
3.43961e-010	0.174018
3.44442e-010	0.171254
3.44923e-010	0.168521
3.45403e-010	0.16582
3.45884e-010	0.16315
3.46365e-010	0.160511
3.46846e-010	0.157904
3.47326e-010	0.155328
3.47807e-010	0.152782
3.48288e-010	0.150267
3.48769e-010	0.147783
3.49249e-010	0.145329
3.4973e-010	0.142906
3.50211e-010	0.140513
3.50691e-010	0.138149
3.51172e-010	0.135816
3.51653e-010	0.133512
3.52134e-010	0.131238
3.52614e-010	0.128993
3.53095e-010	0.126777
3.53576e-010	0.12459
3.54057e-010	0.122432
3.54537e-010	0.120303
3.55018e-010	0.118202
3.55499e-010	0.116129
3.55979e-010	0.114084
3.5646e-010	0.112067
3.56941e-010	0.110078
3.57422e-010	0.108116
3.57902e-010	0.106181
3.58383e-010	0.104274
3.58864e-010	0.102393
3.59345e-010	0.100538
3.59825e-010	0.0987105
3.60306e-010	0.0969087
3.60787e-010	0.0951329
3.61267e-010	0.0933828
3.61748e-010	0.0916582
3.62229e-010	0.0899589
3.6271e-010	0.0882847
3.6319e-010	0.0866353
3.63671e-010	0.0850105
3.64152e-010	0.08341
3.64633e-010	0.0818338
3.65113e-010	0.0802815
3.65594e-010	0.0787528
3.66075e-010	0.0772476
3.66555e-010	0.0757657
3.67036e-010	0.0743068
3.67517e-010	0.0728706
3.67998e-010	0.071457
3.68478e-010	0.0700657
3.68959e-010	0.0686965
3.6944e-010	0.0673491
3.69921e-010	0.0660234
3.70401e-010	0.064719
3.70882e-010	0.0634357
3.71363e-010	0.0621733
3.71843e-010	0.0609317
3.72324e-010	0.0597104
3.72805e-010	0.0585094
3.73286e-010	0.0573283
3.73766e-010	0.056167
3.74247e-010	0.0550252
3.74728e-010	0.0539027
3.75209e-010	0.0527992
3.75689e-010	0.0517145
3.7617e-010	0.0506484
3.76651e-010	0.0496007
3.77131e-010	0.0485711
3.77612e-010	0.0475594
3.78093e-010	0.0465654
3.78574e-010	0.0455888
3.79054e-010	0.0446294
3.79535e-010	0.0436871
3.80016e-010	0.0427615
3.80497e-010	0.0418525
3.80977e-010	0.0409598
3.81458e-010	0.0400832
3.81939e-010	0.0392225
3.8242e-010	0.0383775
3.829e-010	0.037548
3.83381e-010	0.0367337
3.83862e-010	0.0359345
3.84342e-010	0.0351501
3.84823e-010	0.0343802
3.85304e-010	0.0336248
3.85785e-010	0.0328836
3.86265e-010	0.0321564
3.86746e-010	0.031443
3.87227e-010	0.0307432
3.87708e-010	0.0300567
3.88188e-010	0.0293834
3.88669e-010	0.0287231
3.8915e-010	0.0280756
3.8963e-010	0.0274407
3.90111e-010	0.0268182
3.90592e-010	0.0262079
3.91073e-010	0.0256096
3.91553e-010	0.0250232
3.92034e-010	0.0244484
3.92515e-010	0.023885
3.92996e-010	0.0233329
3.93476e-010	0.022792
3.93957e-010	0.0222619
3.94438e-010	0.0217426
3.94918e-010	0.0212339
3.95399e-010	0.0207355
3.9588e-010	0.0202474
3.96361e-010	0.0197693
3.96841e-010	0.0193011
3.97322e-010	0.0188426
3.97803e-010	0.0183936
3.98284e-010	0.0179541
3.98764e-010	0.0175237
3.99245e-010	0.0171024
3.99726e-010	0.0166901
4.00206e-010	0.0162865
4.00687e-010	0.0158915
4.01168e-010	0.0155049
4.01649e-010	0.0151267
4.02129e-010	0.0147565
4.0261e-010	0.0143944
4.03091e-010	0.0140402
4.03572e-010	0.0136937
4.04052e-010	0.0133547
4.04533e-010	0.0130232
4.05014e-010	0.012699
4.05494e-010	0.012382
4.05975e-010	0.012072
4.06456e-010	0.0117689
4.06937e-010	0.0114725
4.07417e-010	0.0111829
4.07898e-010	0.0108997
4.08379e-010	0.0106229
4.0886e-010	0.0103524
4.0934e-010	0.0100881
4.09821e-010	0.00982976
4.10302e-010	0.00957736
4.10782e-010	0.00933076
4.11263e-010	0.00908985
4.11744e-010	0.00885451
4.12225e-010	0.00862463
4.12705e-010	0.00840011
4.13186e-010	0.00818084
4.13667e-010	0.00796671
4.14148e-010	0.00775762
4.14628e-010	0.00755346
4.15109e-010	0.00735414
4.1559e-010	0.00715956
4.16071e-010	0.00696962
4.16551e-010	0.00678422
4.17032e-010	0.00660327
4.17513e-010	0.00642668
4.17993e-010	0.00625435
4.18474e-010	0.0060862
4.18955e-010	0.00592214
4.19436e-010	0.00576208
4.19916e-010	0.00560594
4.20397e-010	0.00545363
4.20878e-010	0.00530507
4.21359e-010	0.00516018
4.21839e-010	0.00501889
4.2232e-010	0.0048811
4.22801e-010	0.00474675
4.23281e-010	0.00461577
4.23762e-010	0.00448807
4.24243e-010	0.00436358
4.24724e-010	0.00424224
4.25204e-010	0.00412397
4.25685e-010	0.0040087
4.26166e-010	0.00389638
4.26647e-010	0.00378692
4.27127e-010	0.00368027
4.27608e-010	0.00357636
4.28089e-010	0.00347513
4.28569e-010	0.00337652
4.2905e-010	0.00328047
4.29531e-010	0.00318692
4.30012e-010	0.00309582
4.30492e-010	0.00300709
4.30973e-010	0.0029207
4.31454e-010	0.00283658
4.31935e-010	0.00275468
4.32415e-010	0.00267495
4.32896e-010	0.00259734
4.33377e-010	0.0025218
4.33857e-010	0.00244828
4.34338e-010	0.00237672
4.34819e-010	0.00230709
4.353e-010	0.00223934
4.3578e-010	0.00217341
4.36261e-010	0.00210928
4.36742e-010	0.00204688
4.37223e-010	0.00198619
4.37703e-010	0.00192716
4.38184e-010	0.00186974
4.38665e-010	0.00181391
4.39145e-010	0.00175961
4.39626e-010	0.00170681
4.40107e-010	0.00165548
4.40588e-010	0.00160557
4.41068e-010	0.00155705
4.41549e-010	0.00150989
4.4203e-010	0.00146405
4.42511e-010	0.0014195
4.42991e-010	0.00137621
4.43472e-010	0.00133413
4.43953e-010	0.00129325
4.44433e-010	0.00125353
4.44914e-010	0.00121494
4.45395e-010	0.00117746
4.45876e-010	0.00114104
4.46356e-010	0.00110568
4.46837e-010	0.00107133
4.47318e-010	0.00103797
4.47799e-010	0.00100558
4.48279e-010	0.000974122
4.4876e-010	0.000943584
4.49241e-010	0.000913936
4.49721e-010	0.000885156
4.50202e-010	0.000857219
4.50683e-010	0.000830103
4.51164e-010	0.000803786
4.51644e-010	0.000778247
4.52125e-010	0.000753464
4.52606e-010	0.000729418
4.53087e-010	0.000706087
4.53567e-010	0.000683452
4.54048e-010	0.000661495
4.54529e-010	0.000640197
4.5501e-010	0.000619539
4.5549e-010	0.000599504
4.55971e-010	0.000580074
4.56452e-010	0.000561233
4.56932e-010	0.000542965
4.57413e-010	0.000525252
4.57894e-010	0.000508081
4.58375e-010	0.000491435
4.58855e-010	0.0004753
4.59336e-010	0.000459661
4.59817e-010	0.000444504
4.60298e-010	0.000429815
4.60778e-010	0.000415582
4.61259e-010	0.00040179
4.6174e-010	0.000388428
4.6222e-010	0.000375483
4.62701e-010	0.000362943
4.63182e-010	0.000350796
4.63663e-010	0.00033903
4.64143e-010	0.000327636
4.64624e-010	0.000316601
4.65105e-010	0.000305916
4.65586e-010	0.000295569
4.66066e-010	0.000285552
4.66547e-010	0.000275854
4.67028e-010	0.000266466
4.67508e-010	0.000257379
4.67989e-010	0.000248584
4.6847e-010	0.000240071
4.68951e-010	0.000231833
4.69431e-010	0.000223862
4.69912e-010	0.000216148
4.70393e-010	0.000208686
4.70874e-010	0.000201466
4.71354e-010	0.000194482
4.71835e-010	0.000187726
4.72316e-010	0.000181192
4.72796e-010	0.000174872
4.73277e-010	0.000168761
4.73758e-010	0.000162851
4.74239e-010	0.000157137
4.74719e-010	0.000151612
4.752e-010	0.00014627
4.75681e-010	0.000141107
4.76162e-010	0.000136116
4.76642e-010	0.000131292
4.77123e-010	0.000126629
4.77604e-010	0.000122124
