% time-domain voltage integration by openEMS v0.0.35-62-gbb235b2 @Sun May 10 13:56:34 2020
% start-coordinates: (0.0047217,-0.017144,-0.00150002) m -> [62,37,18]
% stop-coordinates: (0.0047217,-0.017144,1.7e-08) m -> [62,37,23]
% t/s	voltage
0	0
3.12495100378e-11	2.3236165146
6.24990200756e-11	3.11051469398
9.37485301134e-11	1.42694101926
1.24998040151e-10	-0.965380395057
1.56247550189e-10	-2.80564223235
1.87497060227e-10	-3.01132754884
2.18746570265e-10	-1.425713678
2.49996080302e-10	0.482107648244
2.8124559034e-10	1.45257113548
3.12495100378e-10	1.67092416916
3.43744610416e-10	0.757239907118
3.74994120453e-10	-0.843750832364
4.06243630491e-10	-1.94635198835
4.37493140529e-10	-1.6496256375
4.68742650567e-10	-0.0302744961664
4.99992160605e-10	1.98519471658
5.31241670642e-10	3.45121418649
