% time-domain current integration by openEMS v0.0.35-62-gbb235b2 @Sun May 10 13:56:34 2020
% start-coordinates: (0.00352128,-0.0173439,-0.001) m -> [58,36,20]
% stop-coordinates: (0.00522,-0.016944,-0.001) m -> [64,38,20]
% t/s	current
2.79978408065e-16	-0
3.12497900162e-11	0.0238783750683
6.2499300054e-11	0.0360689125955
9.37488100918e-11	0.0297452881932
1.2499832013e-10	0.00555401109159
1.56247830167e-10	-0.0219969991595
1.87497340205e-10	-0.0366143845022
2.18746850243e-10	-0.0297355279326
2.49996360281e-10	-0.0027412425261
2.81245870318e-10	0.0287408549339
3.12495380356e-10	0.0428671613336
3.43744890394e-10	0.0327425599098
3.74994400432e-10	0.00452065747231
4.0624391047e-10	-0.0264404937625
4.37493420507e-10	-0.0432760827243
4.68742930545e-10	-0.0364885702729
4.99992440583e-10	-0.0102143455297
5.31241950621e-10	0.0189228709787
