% time-domain voltage integration by openEMS v0.0.35-62-gbb235b2 @Mon May 11 00:33:20 2020
% start-coordinates: (0.0047217,-0.017144,-0.00150002) m -> [62,37,18]
% stop-coordinates: (0.0047217,-0.017144,1.7e-08) m -> [62,37,23]
% t/s	voltage
0	0
3.12495100378e-11	2.3236165146
6.24990200756e-11	3.11051469398
9.37485301134e-11	1.42694101926
1.24998040151e-10	-0.965380395057
1.56247550189e-10	-2.80564223235
1.87497060227e-10	-3.01132754884
2.18746570265e-10	-1.425713678
2.49996080302e-10	0.482107648244
2.8124559034e-10	1.45257113548
3.12495100378e-10	1.67092416916
3.43744610416e-10	0.757239907118
3.74994120453e-10	-0.843750832364
4.06243630491e-10	-1.94635198835
4.37493140529e-10	-1.6496256375
4.68742650567e-10	-0.0302744961664
4.99992160605e-10	1.98519471658
5.31241670642e-10	3.45121418649
5.6249118068e-10	3.58358693823
5.93740690718e-10	2.07831043171
6.24990200756e-10	-0.343954004134
6.56239710794e-10	-2.84076590885
6.87489220831e-10	-3.88753702493
7.18738730869e-10	-2.89118078055
7.49988240907e-10	-0.465387703392
7.81237750945e-10	1.8980571597
8.12487260982e-10	3.40948890789
8.4373677102e-10	3.70338126796
8.74986281058e-10	1.83833500861
9.06235791096e-10	-1.48436343364
9.37485301134e-10	-4.2030329064
9.68734811171e-10	-3.88582771718
9.99984321209e-10	-0.793244605906
1.03123383125e-09	2.93048869984
1.06248334128e-09	5.01853032261
1.09373285132e-09	4.2983740395
1.12498236136e-09	1.23148126869
1.1562318714e-09	-2.4824689045
1.18748138144e-09	-4.75242273182
1.21873089147e-09	-4.48610372225
1.24998040151e-09	-1.87483372053
1.28122991155e-09	1.98378376308
1.31247942159e-09	4.931872331
1.34372893162e-09	5.03363333993
1.37497844166e-09	2.40122238398
1.4062279517e-09	-1.46600719856
1.43747746174e-09	-4.47247382268
1.46872697178e-09	-4.82367321606
1.49997648181e-09	-2.33954227376
1.53122599185e-09	1.50009289372
1.56247550189e-09	4.74994565397
1.59372501193e-09	5.44413662362
1.62497452196e-09	2.98566561353
1.656224032e-09	-1.20599195755
1.68747354204e-09	-4.82984078726
1.71872305208e-09	-5.70787978786
1.74997256212e-09	-3.21327562202
1.78122207215e-09	1.30120441397
1.81247158219e-09	5.12154247217
1.84372109223e-09	5.95325300375
1.87497060227e-09	3.42214847638
1.9062201123e-09	-0.959493285571
1.93746962234e-09	-4.67638619653
1.96871913238e-09	-5.70417934115
1.99996864242e-09	-3.39151270082
2.03121815246e-09	0.926173239321
2.06246766249e-09	4.74049958133
2.09371717253e-09	5.93473189882
2.12496668257e-09	3.74082934508
2.15621619261e-09	-0.652843871143
2.18746570265e-09	-4.63094392777
2.21871521268e-09	-5.89438449213
2.24996472272e-09	-3.76160941826
2.28121423276e-09	0.575209165459
2.3124637428e-09	4.67169447279
2.34371325283e-09	6.12569873169
2.37496276287e-09	4.07169054166
2.40621227291e-09	-0.27329855837
2.43746178295e-09	-4.48978180338
2.46871129299e-09	-6.06115473882
2.49996080302e-09	-4.03000683728
2.53121031306e-09	0.394134636132
2.5624598231e-09	4.55478541619
2.59370933314e-09	6.11045510599
2.62495884317e-09	4.16956266793
2.65620835321e-09	-0.220382149673
2.68745786325e-09	-4.39961464587
2.71870737329e-09	-5.97995864945
2.74995688333e-09	-4.07946433551
2.78120639336e-09	0.210323946145
2.8124559034e-09	4.39917122567
2.84370541344e-09	6.03885048475
2.87495492348e-09	4.21395723747
2.90620443351e-09	0.0136088587115
2.93745394355e-09	-4.16562062374
2.96870345359e-09	-5.92533635867
2.99995296363e-09	-4.20377382487
3.03120247367e-09	-0.0216334165398
3.0624519837e-09	4.19671425334
3.09370149374e-09	5.98171530363
3.12495100378e-09	4.30766554364
3.15620051382e-09	0.156478979512
3.18745002385e-09	-4.05811035207
3.21869953389e-09	-5.86651037243
3.24994904393e-09	-4.25981039947
3.28119855397e-09	-0.15640916082
3.31244806401e-09	4.07292747147
3.34369757404e-09	5.94981913885
3.37494708408e-09	4.35667846743
3.40619659412e-09	0.244626418304
3.43744610416e-09	-3.95892927524
3.46869561419e-09	-5.82975586354
3.49994512423e-09	-4.2774066494
3.53119463427e-09	-0.226579509585
3.56244414431e-09	3.95181823286
3.59369365435e-09	5.83918729909
3.62494316438e-09	4.36314665492
3.65619267442e-09	0.349810739961
3.68744218446e-09	-3.86101375476
3.7186916945e-09	-5.78959536709
3.74994120453e-09	-4.3080861842
3.78119071457e-09	-0.304563544656
3.81244022461e-09	3.88523686664
3.84368973465e-09	5.82012658217
3.87493924469e-09	4.35868555289
3.90618875472e-09	0.377695911528
3.93743826476e-09	-3.80165185878
3.9686877748e-09	-5.75973847818
3.99993728484e-09	-4.32765398446
4.03118679487e-09	-0.333190370893
4.06243630491e-09	3.85913499393
4.09368581495e-09	5.78305895508
4.12493532499e-09	4.33554040374
4.15618483503e-09	0.369120405914
4.18743434506e-09	-3.79146839329
4.2186838551e-09	-5.70992357633
4.24993336514e-09	-4.271902308
4.28118287518e-09	-0.332102932829
4.31243238521e-09	3.81407752517
4.34368189525e-09	5.73294108788
4.37493140529e-09	4.29672421358
4.40618091533e-09	0.354484128526
4.43743042537e-09	-3.76585970827
4.4686799354e-09	-5.65792907392
