% time-domain current integration by openEMS v0.0.35-62-gbb235b2 @Mon May 11 00:33:20 2020
% start-coordinates: (0.00352128,-0.0173439,-0.001) m -> [58,36,20]
% stop-coordinates: (0.00522,-0.016944,-0.001) m -> [64,38,20]
% t/s	current
2.79978408065e-16	-0
3.12497900162e-11	0.0238783750683
6.2499300054e-11	0.0360689125955
9.37488100918e-11	0.0297452881932
1.2499832013e-10	0.00555401109159
1.56247830167e-10	-0.0219969991595
1.87497340205e-10	-0.0366143845022
2.18746850243e-10	-0.0297355279326
2.49996360281e-10	-0.0027412425261
2.81245870318e-10	0.0287408549339
3.12495380356e-10	0.0428671613336
3.43744890394e-10	0.0327425599098
3.74994400432e-10	0.00452065747231
4.0624391047e-10	-0.0264404937625
4.37493420507e-10	-0.0432760827243
4.68742930545e-10	-0.0364885702729
4.99992440583e-10	-0.0102143455297
5.31241950621e-10	0.0189228709787
5.62491460659e-10	0.0337838940322
5.93740970696e-10	0.0265877507627
6.24990480734e-10	0.00262535433285
6.56239990772e-10	-0.0214819684625
6.8748950081e-10	-0.0319708362222
7.18739010847e-10	-0.0226107724011
7.49988520885e-10	0.00133412703872
7.81238030923e-10	0.0260378755629
8.12487540961e-10	0.0338360741735
8.43737050999e-10	0.0182092301548
8.74986561036e-10	-0.00786507036537
9.06236071074e-10	-0.0273994989693
9.37485581112e-10	-0.0298878680915
9.6873509115e-10	-0.0178642179817
9.99984601188e-10	0.00242491159588
1.03123411123e-09	0.020545579493
1.06248362126e-09	0.0262473393232
1.0937331313e-09	0.0158690065145
1.12498264134e-09	-0.00457537034526
1.15623215138e-09	-0.0226595047861
1.18748166141e-09	-0.027346489951
1.21873117145e-09	-0.0147453090176
1.24998068149e-09	0.00776615971699
1.28123019153e-09	0.0248616207391
1.31247970157e-09	0.0262696724385
1.3437292116e-09	0.012060534209
1.37497872164e-09	-0.010328839533
1.40622823168e-09	-0.0273724775761
1.43747774172e-09	-0.0284015461802
1.46872725175e-09	-0.0130044193938
1.49997676179e-09	0.0100326221436
1.53122627183e-09	0.027176309377
1.56247578187e-09	0.0268892478198
1.59372529191e-09	0.00989017449319
1.62497480194e-09	-0.0130863189697
1.65622431198e-09	-0.0284097734839
1.68747382202e-09	-0.0263861976564
1.71872333206e-09	-0.00858299154788
1.74997284209e-09	0.014100256376
1.78122235213e-09	0.0278208591044
1.81247186217e-09	0.0249734390527
1.84372137221e-09	0.00742585584521
1.87497088225e-09	-0.0151180541143
1.90622039228e-09	-0.0295466445386
1.93746990232e-09	-0.0271180924028
1.96871941236e-09	-0.00852380041033
1.9999689224e-09	0.015046607703
2.03121843243e-09	0.0296831317246
2.06246794247e-09	0.0267361532897
2.09371745251e-09	0.00734470225871
2.12496696255e-09	-0.0167375672609
2.15621647259e-09	-0.0309472288936
2.18746598262e-09	-0.0271998886019
2.21871549266e-09	-0.00751045625657
2.2499650027e-09	0.0168336201459
2.28121451274e-09	0.0313069410622
2.31246402277e-09	0.0269481129944
2.34371353281e-09	0.00633466057479
2.37496304285e-09	-0.0183833986521
2.40621255289e-09	-0.032742626965
2.43746206293e-09	-0.0277511663735
2.46871157296e-09	-0.00663924729452
2.499961083e-09	0.0181485209614
2.53121059304e-09	0.0321413055062
2.56246010308e-09	0.0274787228554
2.59370961311e-09	0.00635847216472
2.62495912315e-09	-0.0188416112214
2.65620863319e-09	-0.0330193005502
2.68745814323e-09	-0.0282040834427
2.71870765327e-09	-0.00696928752586
2.7499571633e-09	0.0184565335512
2.78120667334e-09	0.0330528579652
2.81245618338e-09	0.0282099936157
2.84370569342e-09	0.00666288984939
2.87495520345e-09	-0.0191342327744
2.90620471349e-09	-0.0341812483966
2.93745422353e-09	-0.0292852111161
2.96870373357e-09	-0.00716918427497
2.99995324361e-09	0.0191214680672
3.03120275364e-09	0.0342007093132
3.06245226368e-09	0.0291255004704
3.09370177372e-09	0.00688409525901
3.12495128376e-09	-0.0196265038103
3.15620079379e-09	-0.0348476469517
3.18745030383e-09	-0.0297958403826
3.21869981387e-09	-0.00742823258042
3.24994932391e-09	0.0194143466651
3.28119883395e-09	0.0348630324006
3.31244834398e-09	0.0297169107944
3.34369785402e-09	0.0070016970858
3.37494736406e-09	-0.0198821071535
3.4061968741e-09	-0.0352995842695
3.43744638413e-09	-0.0302735902369
3.46869589417e-09	-0.0075723323971
3.49994540421e-09	0.0195122454315
3.53119491425e-09	0.0352213270962
3.56244442429e-09	0.030326295644
3.59369393432e-09	0.00749073037878
3.62494344436e-09	-0.0199496299028
3.6561929544e-09	-0.0358152426779
3.68744246444e-09	-0.0307412091643
3.71869197447e-09	-0.00772859016433
3.74994148451e-09	0.0196854714304
3.78119099455e-09	0.0355882979929
3.81244050459e-09	0.0306173693389
3.84369001463e-09	0.00761005701497
3.87493952466e-09	-0.0199389960617
3.9061890347e-09	-0.0359792970121
3.93743854474e-09	-0.031007329002
3.96868805478e-09	-0.00786218978465
3.99993756482e-09	0.0197961479425
4.03118707485e-09	0.0357332900167
4.06243658489e-09	0.0307430084795
4.09368609493e-09	0.00777538213879
4.12493560497e-09	-0.0198438372463
4.156185115e-09	-0.0359203591943
4.18743462504e-09	-0.0310763176531
4.21868413508e-09	-0.00813006144017
4.24993364512e-09	0.0195216275752
4.28118315516e-09	0.0357568413019
4.31243266519e-09	0.0309809185565
4.34368217523e-09	0.0080243749544
4.37493168527e-09	-0.0196463111788
4.40618119531e-09	-0.0358654968441
4.43743070534e-09	-0.031222101301
4.46868021538e-09	-0.0083894347772
