% time-domain voltage integration by openEMS v0.0.35 @Sat Apr 11 01:17:12 2020
% start-coordinates: (-0.00571111,-0.000333333,-0.001559) m -> [41,44,1]
% stop-coordinates: (-0.00571111,-0.000333333,3.5e-005) m -> [41,44,7]
% t/s	voltage
0	0
2.08291646668e-011	-0.000107813012924
4.16583293336e-011	-0.000411562688441
6.24874940003e-011	-0.00137002202257
8.33166586671e-011	-0.00395351557222
1.04145823334e-010	-0.00988124563264
1.24974988001e-010	-0.0213373036759
1.45804152667e-010	-0.0396699022185
1.66633317334e-010	-0.0631640484207
1.87462482001e-010	-0.0853624566662
2.08291646668e-010	-0.0963080008041
2.29120811335e-010	-0.0875720480044
2.49949976001e-010	-0.0582982280703
2.70779140668e-010	-0.0172812753299
2.91608305335e-010	0.0213674302322
3.12437470002e-010	0.0459643707327
3.33266634668e-010	0.0526393627533
3.54095799335e-010	0.045198813772
3.74924964002e-010	0.0309788522754
3.95754128669e-010	0.0163116110837
4.16583293336e-010	0.00404479983672
4.37412458002e-010	-0.00643536020326
4.58241622669e-010	-0.0174044459484
4.79070787336e-010	-0.0303271772258
4.99899952003e-010	-0.0441072763552
5.20729116669e-010	-0.0551198334416
5.41558281336e-010	-0.0593883684106
5.62387446003e-010	-0.0551957180779
5.8321661067e-010	-0.0444057211044
6.04045775336e-010	-0.0313782423055
6.24874940003e-010	-0.0204703190412
6.4570410467e-010	-0.0141211191586
6.66533269337e-010	-0.0127246600751
6.87362434004e-010	-0.0157287091698
7.0819159867e-010	-0.0224865173023
7.29020763337e-010	-0.0320900395001
7.49849928004e-010	-0.0427030921256
7.70679092671e-010	-0.0514796978078
7.91508257337e-010	-0.0556184743747
8.12337422004e-010	-0.0538833811062
8.33166586671e-010	-0.0473983760659
8.53995751338e-010	-0.038924851795
8.74824916005e-010	-0.0311407788487
8.95654080671e-010	-0.0252374395478
9.16483245338e-010	-0.0207814211809
9.37312410005e-010	-0.0166559660739
9.58141574672e-010	-0.012200256495
9.78970739338e-010	-0.00783155331747
9.99799904005e-010	-0.00490545902822
1.02062906867e-009	-0.00491380499907
1.04145823334e-009	-0.00848612782111
1.06228739801e-009	-0.0148902970233
1.08311656267e-009	-0.0224957826996
1.10394572734e-009	-0.0298522805007
1.12477489201e-009	-0.0363679634666
1.14560405667e-009	-0.0419540538042
1.16643322134e-009	-0.0460421797744
1.18726238601e-009	-0.0471607869241
1.20809155067e-009	-0.0437250614033
1.22892071534e-009	-0.0354759234816
1.24974988001e-009	-0.0242824843063
1.27057904467e-009	-0.013527573925
1.29140820934e-009	-0.00647224268151
1.31223737401e-009	-0.00481888823934
1.33306653867e-009	-0.0083512946404
1.35389570334e-009	-0.0154653885767
1.37472486801e-009	-0.0238822368393
1.39555403267e-009	-0.0311350970788
1.41638319734e-009	-0.0350123957452
1.43721236201e-009	-0.0341940285926
1.45804152667e-009	-0.0288537726211
1.47887069134e-009	-0.0206727334281
1.49969985601e-009	-0.0120512984559
1.52052902067e-009	-0.00499918738761
1.54135818534e-009	-0.000476508138131
1.56218735001e-009	0.00144467122108
1.58301651467e-009	0.000846735022738
1.60384567934e-009	-0.0026692523371
1.62467484401e-009	-0.00989092298924
1.64550400868e-009	-0.021014799897
1.66633317334e-009	-0.0344163319079
1.68716233801e-009	-0.0463511003528
1.70799150268e-009	-0.0522903306465
1.72882066734e-009	-0.0493705610043
1.74964983201e-009	-0.0382516512892
1.77047899668e-009	-0.0229379530557
1.79130816134e-009	-0.00862355353102
1.81213732601e-009	0.00085482472311
1.83296649068e-009	0.00431655318689
1.85379565534e-009	0.0028196982661
1.87462482001e-009	-0.00163241951837
1.89545398468e-009	-0.00716787729298
1.91628314934e-009	-0.0124820522598
1.93711231401e-009	-0.0168236292503
1.95794147868e-009	-0.0198309052485
1.97877064334e-009	-0.0213345668763
1.99959980801e-009	-0.0211851550394
2.02042897268e-009	-0.0192514555366
2.04125813734e-009	-0.0156894779612
2.06208730201e-009	-0.0112571371356
2.08291646668e-009	-0.007299222235
2.10374563134e-009	-0.00523369817538
2.12457479601e-009	-0.00585760578552
2.14540396068e-009	-0.00899811553436
2.16623312534e-009	-0.0137384067403
2.18706229001e-009	-0.0189130110649
2.20789145468e-009	-0.0234513699525
2.22872061934e-009	-0.0264360107595
2.24954978401e-009	-0.027136486986
2.27037894868e-009	-0.0252171917219
2.29120811335e-009	-0.0209884529996
2.31203727801e-009	-0.0154301100793
2.33286644268e-009	-0.00986546905379
2.35369560735e-009	-0.00544786017972
2.37452477201e-009	-0.00273323772408
2.39535393668e-009	-0.00157404856632
2.41618310135e-009	-0.00139048649849
2.43701226601e-009	-0.00165689207084
2.45784143068e-009	-0.00229856784481
2.47867059535e-009	-0.0036871667845
2.49949976001e-009	-0.00619251906401
2.52032892468e-009	-0.00968125388691
2.54115808935e-009	-0.0134262205866
2.56198725401e-009	-0.0165322752674
2.58281641868e-009	-0.0184708552862
2.60364558335e-009	-0.0192243411749
2.62447474801e-009	-0.018970556188
2.64530391268e-009	-0.0177407314787
2.66613307735e-009	-0.015445560066
2.68696224201e-009	-0.0122336581754
2.70779140668e-009	-0.0087635738656
2.72862057135e-009	-0.00604381957792
2.74944973601e-009	-0.0049180110128
2.77027890068e-009	-0.00561782091709
2.79110806535e-009	-0.00770225010738
2.81193723001e-009	-0.0103316489077
2.83276639468e-009	-0.0125896348201
2.85359555935e-009	-0.0136734045301
2.87442472401e-009	-0.0130355620132
2.89525388868e-009	-0.0105991764777
2.91608305335e-009	-0.0069455828053
2.93691221802e-009	-0.00318638420786
2.95774138268e-009	-0.000454731830114
2.97857054735e-009	0.000667545351935
2.99939971202e-009	0.000327612746805
3.02022887668e-009	-0.000956500228067
3.04105804135e-009	-0.00286632548851
3.06188720602e-009	-0.00554533047953
3.08271637068e-009	-0.00931578707069
3.10354553535e-009	-0.0140697646003
3.12437470002e-009	-0.0188518291489
3.14520386468e-009	-0.0220431433682
3.16603302935e-009	-0.0221473595612
3.18686219402e-009	-0.0187011409636
3.20769135868e-009	-0.012679707641
3.22852052335e-009	-0.00606878137942
3.24934968802e-009	-0.000876995302842
3.27017885268e-009	0.00175331538084
3.29100801735e-009	0.00181644853128
3.31183718202e-009	9.69747222299e-005
