% time-domain current integration by openEMS v0.0.35 @Sat Apr 11 01:17:12 2020
% start-coordinates: (-0.00630769,-0.00210256,-0.001524) m -> [36,41,3]
% stop-coordinates: (-0.0056,0.001,-0.001524) m -> [46,47,3]
% t/s	current
2.77426274198e-015	-0
2.08319389295e-011	-3.14702697324e-006
4.16611035963e-011	-1.28788633447e-005
6.24902682631e-011	-4.49012441095e-005
8.33194329298e-011	-0.000137085778988
1.04148597597e-010	-0.000365755811799
1.24977762263e-010	-0.000853186356835
1.4580692693e-010	-0.00174127705395
1.66636091597e-010	-0.0031117380131
1.87465256264e-010	-0.00487415445969
2.0829442093e-010	-0.00670140888542
2.29123585597e-010	-0.00810260698199
2.49952750264e-010	-0.00863766670227
2.70781914931e-010	-0.00814664270729
2.91611079598e-010	-0.00682773580775
3.12440244264e-010	-0.00511055113748
3.33269408931e-010	-0.00343120656908
3.54098573598e-010	-0.00206722901203
3.74927738265e-010	-0.00110396544915
3.95756902931e-010	-0.000491860380862
4.16586067598e-010	-0.000119142823678
4.37415232265e-010	0.000137034105137
4.58244396932e-010	0.000376006006263
4.79073561599e-010	0.000644225277938
4.99902726265e-010	0.000919507641811
5.20731890932e-010	0.00112909299787
5.41561055599e-010	0.00119571131654
5.62390220266e-010	0.00109267432708
5.83219384932e-010	0.000865201232955
6.04048549599e-010	0.000603688706178
6.24877714266e-010	0.000392908288632
6.45706878933e-010	0.000276906561339
6.665360436e-010	0.00026036449708
6.87365208266e-010	0.00033139338484
7.08194372933e-010	0.000476549146697
7.290235376e-010	0.000675508228596
7.49852702267e-010	0.000888175389264
7.70681866933e-010	0.00105573888868
7.915110316e-010	0.00112426304258
8.12340196267e-010	0.00107473204844
8.33169360934e-010	0.000935559219215
8.53998525601e-010	0.000764267402701
8.74827690267e-010	0.000611985917203
8.95656854934e-010	0.000497900939081
9.16486019601e-010	0.00040991109563
9.37315184268e-010	0.000325549714034
9.58144348934e-010	0.000234158913372
9.78973513601e-010	0.000147415645188
9.99802678268e-010	9.4284361694e-005
1.02063184293e-009	0.000103557526018
1.0414610076e-009	0.000184296790394
1.06229017227e-009	0.00031824913458
1.08311933694e-009	0.00047175452346
1.1039485016e-009	0.000617687241174
1.12477766627e-009	0.000746754289139
1.14560683094e-009	0.000857379345689
1.1664359956e-009	0.000935773481615
1.18726516027e-009	0.000950164336246
1.20809432494e-009	0.000869613373652
1.2289234896e-009	0.000693291833159
1.24975265427e-009	0.000463834265247
1.27058181894e-009	0.000251571909757
1.2914109836e-009	0.00012026175682
1.31224014827e-009	9.99289622996e-005
1.33306931294e-009	0.000182010844583
1.3538984776e-009	0.000331384595484
1.37472764227e-009	0.000500827969518
1.39555680694e-009	0.000640655984171
1.4163859716e-009	0.000708016974386
1.43721513627e-009	0.00067970569944
1.45804430094e-009	0.000563244859222
1.4788734656e-009	0.000395162438508
1.49970263027e-009	0.00022370411898
1.52053179494e-009	8.70521616889e-005
1.5413609596e-009	2.03606032301e-006
1.56219012427e-009	-3.09051974909e-005
1.58301928894e-009	-1.25625156215e-005
1.6038484536e-009	6.66132182232e-005
1.62467761827e-009	0.00022230995819
1.64550678294e-009	0.000455048633739
1.6663359476e-009	0.000726607686374
1.68716511227e-009	0.00095752888592
1.70799427694e-009	0.00105790165253
1.72882344161e-009	0.000977187417448
1.74965260627e-009	0.000737754860893
1.77048177094e-009	0.000425854988862
1.79131093561e-009	0.000145329599036
1.81214010027e-009	-3.20955041389e-005
1.83296926494e-009	-8.87104761205e-005
1.85379842961e-009	-4.93803163408e-005
1.87462759427e-009	4.48564642284e-005
1.89545675894e-009	0.000157142261742
1.91628592361e-009	0.000262401910732
1.93711508827e-009	0.000346623419318
1.95794425294e-009	0.000403497338993
1.97877341761e-009	0.00043008197099
1.99960258227e-009	0.000423334829975
2.02043174694e-009	0.000380700337701
2.04126091161e-009	0.000306151865516
2.06209007627e-009	0.00021638382168
2.08291924094e-009	0.000139526746352
2.10374840561e-009	0.000103664395283
2.12457757027e-009	0.000122973491671
2.14540673494e-009	0.000191799146705
2.16623589961e-009	0.000290252151899
2.18706506427e-009	0.000394404603867
2.20789422894e-009	0.000482782634208
2.22872339361e-009	0.000537350540981
2.24955255827e-009	0.000544497044757
2.27038172294e-009	0.000499251123983
2.29121088761e-009	0.000409743981436
2.31204005227e-009	0.000296785612591
2.33286921694e-009	0.00018671718135
2.35369838161e-009	0.000101359604741
2.37452754628e-009	5.01900649397e-005
2.39535671094e-009	2.91374781227e-005
2.41618587561e-009	2.65342696366e-005
2.43701504028e-009	3.2797572203e-005
2.45784420494e-009	4.75316410302e-005
2.47867336961e-009	7.84430303611e-005
2.49950253428e-009	0.000131903492729
2.52033169894e-009	0.000203615025384
2.54116086361e-009	0.000278180843452
2.56199002828e-009	0.000338259153068
2.58281919294e-009	0.000374646071577
2.60364835761e-009	0.000387797335861
2.62447752228e-009	0.000380926008802
2.64530668694e-009	0.000353905488737
2.66613585161e-009	0.000305022957036
2.68696501628e-009	0.000238449545577
2.70779418094e-009	0.000168853686773
2.72862334561e-009	0.000116895811516
2.74945251028e-009	9.84645303106e-005
2.77028167494e-009	0.000116407987662
2.79111083961e-009	0.000160450377734
2.81194000428e-009	0.000213252526009
2.83276916894e-009	0.000256586936302
2.85359833361e-009	0.000274778984021
2.87442749828e-009	0.000257630890701
2.89525666294e-009	0.000204911571927
2.91608582761e-009	0.000129766282043
2.93691499228e-009	5.52676065126e-005
2.95774415694e-009	3.58537727152e-006
2.97857332161e-009	-1.51890508278e-005
2.99940248628e-009	-5.38201675226e-006
3.02023165095e-009	2.24303639698e-005
3.04106081561e-009	6.27016561339e-005
3.06188998028e-009	0.00011915412324
3.08271914495e-009	0.000197936227778
3.10354830961e-009	0.000295187579468
3.12437747428e-009	0.000389667722629
3.14520663895e-009	0.000448068953119
3.16603580361e-009	0.000441756477812
3.18686496828e-009	0.000364622566849
3.20769413295e-009	0.000239425178734
3.22852329761e-009	0.00010737577395
3.24935246228e-009	7.74532782088e-006
3.27018162695e-009	-3.90371824324e-005
3.29101079161e-009	-3.5187589674e-005
3.31183995628e-009	2.3694005904e-006
