0	0.00012341
7.30537e-013	0.000130387
1.46107e-012	0.000137736
2.19161e-012	0.000145474
2.92215e-012	0.000153621
3.65269e-012	0.000162197
4.38322e-012	0.000171222
5.11376e-012	0.00018072
5.8443e-012	0.000190712
6.57483e-012	0.000201223
7.30537e-012	0.000212278
8.03591e-012	0.000223902
8.76644e-012	0.000236122
9.49698e-012	0.000248968
1.02275e-011	0.000262468
1.09581e-011	0.000276654
1.16886e-011	0.000291557
1.24191e-011	0.000307211
1.31497e-011	0.000323651
1.38802e-011	0.000340914
1.46107e-011	0.000359036
1.53413e-011	0.000378059
1.60718e-011	0.000398022
1.68024e-011	0.000418969
1.75329e-011	0.000440943
1.82634e-011	0.000463992
1.8994e-011	0.000488164
1.97245e-011	0.000513508
2.0455e-011	0.000540077
2.11856e-011	0.000567925
2.19161e-011	0.000597108
2.26466e-011	0.000627685
2.33772e-011	0.000659716
2.41077e-011	0.000693266
2.48383e-011	0.000728398
2.55688e-011	0.000765182
2.62993e-011	0.000803689
2.70299e-011	0.00084399
2.77604e-011	0.000886163
2.84909e-011	0.000930287
2.92215e-011	0.000976443
2.9952e-011	0.00102472
3.06826e-011	0.0010752
3.14131e-011	0.00112797
3.21436e-011	0.00118314
3.28742e-011	0.00124079
3.36047e-011	0.00130104
3.43352e-011	0.00136398
3.50658e-011	0.00142972
3.57963e-011	0.00149838
3.65269e-011	0.00157008
3.72574e-011	0.00164492
3.79879e-011	0.00172305
3.87185e-011	0.00180458
3.9449e-011	0.00188965
4.01795e-011	0.0019784
4.09101e-011	0.00207096
4.16406e-011	0.00216749
4.23711e-011	0.00226814
4.31017e-011	0.00237306
4.38322e-011	0.00248242
4.45628e-011	0.00259638
4.52933e-011	0.00271511
4.60238e-011	0.00283879
4.67544e-011	0.00296761
4.74849e-011	0.00310175
4.82154e-011	0.00324141
4.8946e-011	0.00338678
4.96765e-011	0.00353808
5.04071e-011	0.00369551
5.11376e-011	0.0038593
5.18681e-011	0.00402967
5.25987e-011	0.00420685
5.33292e-011	0.00439108
5.40597e-011	0.00458261
5.47903e-011	0.00478168
5.55208e-011	0.00498856
5.62514e-011	0.00520352
5.69819e-011	0.00542682
5.77124e-011	0.00565875
5.8443e-011	0.0058996
5.91735e-011	0.00614966
5.9904e-011	0.00640924
6.06346e-011	0.00667866
6.13651e-011	0.00695822
6.20956e-011	0.00724827
6.28262e-011	0.00754913
6.35567e-011	0.00786116
6.42873e-011	0.0081847
6.50178e-011	0.00852013
6.57483e-011	0.0088678
6.64789e-011	0.00922811
6.72094e-011	0.00960144
6.79399e-011	0.00998818
6.86705e-011	0.0103888
6.9401e-011	0.0108036
7.01316e-011	0.0112331
7.08621e-011	0.0116777
7.15926e-011	0.0121378
7.23232e-011	0.012614
7.30537e-011	0.0131066
7.37842e-011	0.0136161
7.45148e-011	0.0141431
7.52453e-011	0.014688
7.59759e-011	0.0152514
7.67064e-011	0.0158336
7.74369e-011	0.0164354
7.81675e-011	0.0170571
7.8898e-011	0.0176994
7.96285e-011	0.0183627
8.03591e-011	0.0190477
8.10896e-011	0.0197549
8.18201e-011	0.0204849
8.25507e-011	0.0212384
8.32812e-011	0.0220158
8.40118e-011	0.0228178
8.47423e-011	0.0236451
8.54728e-011	0.0244982
8.62034e-011	0.0253778
8.69339e-011	0.0262846
8.76644e-011	0.0272192
8.8395e-011	0.0281823
8.91255e-011	0.0291745
8.98561e-011	0.0301966
9.05866e-011	0.0312492
9.13171e-011	0.0323331
9.20477e-011	0.0334489
9.27782e-011	0.0345974
9.35087e-011	0.0357793
9.42393e-011	0.0369953
9.49698e-011	0.0382462
9.57004e-011	0.0395328
9.64309e-011	0.0408557
9.71614e-011	0.0422158
9.7892e-011	0.0436138
9.86225e-011	0.0450506
9.9353e-011	0.0465268
1.00084e-010	0.0480433
1.00814e-010	0.0496008
1.01545e-010	0.0512002
1.02275e-010	0.0528423
1.03006e-010	0.0545278
1.03736e-010	0.0562577
1.04467e-010	0.0580326
1.05197e-010	0.0598534
1.05928e-010	0.061721
1.06658e-010	0.0636361
1.07389e-010	0.0655996
1.08119e-010	0.0676123
1.0885e-010	0.0696749
1.09581e-010	0.0717884
1.10311e-010	0.0739536
1.11042e-010	0.0761712
1.11772e-010	0.078442
1.12503e-010	0.080767
1.13233e-010	0.0831468
1.13964e-010	0.0855824
1.14694e-010	0.0880744
1.15425e-010	0.0906238
1.16155e-010	0.0932312
1.16886e-010	0.0958975
1.17616e-010	0.0986234
1.18347e-010	0.10141
1.19078e-010	0.104257
1.19808e-010	0.107166
1.20539e-010	0.110138
1.21269e-010	0.113174
1.22e-010	0.116273
1.2273e-010	0.119437
1.23461e-010	0.122666
1.24191e-010	0.125962
1.24922e-010	0.129324
1.25652e-010	0.132754
1.26383e-010	0.136252
1.27113e-010	0.139818
1.27844e-010	0.143453
1.28575e-010	0.147159
1.29305e-010	0.150934
1.30036e-010	0.15478
1.30766e-010	0.158698
1.31497e-010	0.162687
1.32227e-010	0.166748
1.32958e-010	0.170882
1.33688e-010	0.175089
1.34419e-010	0.179369
1.35149e-010	0.183723
1.3588e-010	0.188151
1.3661e-010	0.192653
1.37341e-010	0.197229
1.38072e-010	0.201881
1.38802e-010	0.206607
1.39533e-010	0.211408
1.40263e-010	0.216284
1.40994e-010	0.221235
1.41724e-010	0.226262
1.42455e-010	0.231364
1.43185e-010	0.236541
1.43916e-010	0.241793
1.44646e-010	0.24712
1.45377e-010	0.252522
1.46107e-010	0.257998
1.46838e-010	0.263549
1.47568e-010	0.269174
1.48299e-010	0.274872
1.4903e-010	0.280644
1.4976e-010	0.286489
1.50491e-010	0.292406
1.51221e-010	0.298395
1.51952e-010	0.304455
1.52682e-010	0.310587
1.53413e-010	0.316788
1.54143e-010	0.323058
1.54874e-010	0.329398
1.55604e-010	0.335805
1.56335e-010	0.342279
1.57065e-010	0.348818
1.57796e-010	0.355423
1.58527e-010	0.362092
1.59257e-010	0.368824
1.59988e-010	0.375618
1.60718e-010	0.382473
1.61449e-010	0.389387
1.62179e-010	0.396359
1.6291e-010	0.403388
1.6364e-010	0.410472
1.64371e-010	0.41761
1.65101e-010	0.424801
1.65832e-010	0.432043
1.66562e-010	0.439335
1.67293e-010	0.446674
1.68024e-010	0.454059
1.68754e-010	0.461488
1.69485e-010	0.46896
1.70215e-010	0.476473
1.70946e-010	0.484024
1.71676e-010	0.491613
1.72407e-010	0.499236
1.73137e-010	0.506891
1.73868e-010	0.514578
1.74598e-010	0.522293
1.75329e-010	0.530034
1.76059e-010	0.537799
1.7679e-010	0.545587
1.77521e-010	0.553393
1.78251e-010	0.561217
1.78982e-010	0.569055
1.79712e-010	0.576906
1.80443e-010	0.584766
1.81173e-010	0.592634
1.81904e-010	0.600506
1.82634e-010	0.60838
1.83365e-010	0.616254
1.84095e-010	0.624124
1.84826e-010	0.631989
1.85556e-010	0.639844
1.86287e-010	0.647688
1.87017e-010	0.655518
1.87748e-010	0.66333
1.88479e-010	0.671123
1.89209e-010	0.678892
1.8994e-010	0.686636
1.9067e-010	0.694351
1.91401e-010	0.702035
1.92131e-010	0.709683
1.92862e-010	0.717295
1.93592e-010	0.724865
1.94323e-010	0.732392
1.95053e-010	0.739873
1.95784e-010	0.747304
1.96514e-010	0.754682
1.97245e-010	0.762005
1.97976e-010	0.769269
1.98706e-010	0.776472
1.99437e-010	0.78361
2.00167e-010	0.79068
2.00898e-010	0.79768
2.01628e-010	0.804606
2.02359e-010	0.811455
2.03089e-010	0.818224
2.0382e-010	0.824912
2.0455e-010	0.831513
2.05281e-010	0.838026
2.06011e-010	0.844448
2.06742e-010	0.850776
2.07473e-010	0.857006
2.08203e-010	0.863137
2.08934e-010	0.869165
2.09664e-010	0.875087
2.10395e-010	0.880902
2.11125e-010	0.886606
2.11856e-010	0.892196
2.12586e-010	0.89767
2.13317e-010	0.903025
2.14047e-010	0.90826
2.14778e-010	0.91337
2.15508e-010	0.918355
2.16239e-010	0.923211
2.1697e-010	0.927937
2.177e-010	0.932529
2.18431e-010	0.936986
2.19161e-010	0.941306
2.19892e-010	0.945487
2.20622e-010	0.949526
2.21353e-010	0.953421
2.22083e-010	0.957171
2.22814e-010	0.960774
2.23544e-010	0.964228
2.24275e-010	0.967532
2.25005e-010	0.970683
2.25736e-010	0.97368
2.26466e-010	0.976521
2.27197e-010	0.979206
2.27928e-010	0.981733
2.28658e-010	0.984101
2.29389e-010	0.986308
2.30119e-010	0.988353
2.3085e-010	0.990236
2.3158e-010	0.991955
2.32311e-010	0.993509
2.33041e-010	0.994898
2.33772e-010	0.996122
2.34502e-010	0.997178
2.35233e-010	0.998068
2.35963e-010	0.99879
2.36694e-010	0.999344
2.37425e-010	0.99973
2.38155e-010	0.999947
2.38886e-010	0.999996
2.39616e-010	0.999877
2.40347e-010	0.999589
2.41077e-010	0.999132
2.41808e-010	0.998508
2.42538e-010	0.997715
2.43269e-010	0.996756
2.43999e-010	0.995629
2.4473e-010	0.994336
2.4546e-010	0.992877
2.46191e-010	0.991254
2.46922e-010	0.989466
2.47652e-010	0.987515
2.48383e-010	0.985402
2.49113e-010	0.983127
2.49844e-010	0.980693
2.50574e-010	0.978099
2.51305e-010	0.975349
2.52035e-010	0.972441
2.52766e-010	0.96938
2.53496e-010	0.966165
2.54227e-010	0.962798
2.54957e-010	0.959281
2.55688e-010	0.955616
2.56419e-010	0.951805
2.57149e-010	0.947849
2.5788e-010	0.943751
2.5861e-010	0.939511
2.59341e-010	0.935134
2.60071e-010	0.930619
2.60802e-010	0.925971
2.61532e-010	0.92119
2.62263e-010	0.91628
2.62993e-010	0.911242
2.63724e-010	0.906079
2.64454e-010	0.900794
2.65185e-010	0.895388
2.65915e-010	0.889865
2.66646e-010	0.884227
2.67377e-010	0.878477
2.68107e-010	0.872616
2.68838e-010	0.866649
2.69568e-010	0.860578
2.70299e-010	0.854405
2.71029e-010	0.848133
2.7176e-010	0.841766
2.7249e-010	0.835305
2.73221e-010	0.828755
2.73951e-010	0.822117
2.74682e-010	0.815395
2.75412e-010	0.808592
2.76143e-010	0.80171
2.76874e-010	0.794753
2.77604e-010	0.787723
2.78335e-010	0.780624
2.79065e-010	0.773459
2.79796e-010	0.76623
2.80526e-010	0.758941
2.81257e-010	0.751594
2.81987e-010	0.744194
2.82718e-010	0.736741
2.83448e-010	0.729241
2.84179e-010	0.721695
2.84909e-010	0.714107
2.8564e-010	0.70648
2.86371e-010	0.698816
2.87101e-010	0.691119
2.87832e-010	0.683392
2.88562e-010	0.675637
2.89293e-010	0.667857
2.90023e-010	0.660056
2.90754e-010	0.652236
2.91484e-010	0.6444
2.92215e-010	0.636551
2.92945e-010	0.628691
2.93676e-010	0.620824
2.94406e-010	0.612952
2.95137e-010	0.605078
2.95868e-010	0.597204
2.96598e-010	0.589334
2.97329e-010	0.581469
2.98059e-010	0.573612
2.9879e-010	0.565766
2.9952e-010	0.557934
3.00251e-010	0.550117
3.00981e-010	0.542318
3.01712e-010	0.53454
3.02442e-010	0.526784
3.03173e-010	0.519054
3.03903e-010	0.51135
3.04634e-010	0.503677
3.05364e-010	0.496034
3.06095e-010	0.488426
3.06826e-010	0.480853
3.07556e-010	0.473317
3.08287e-010	0.465821
3.09017e-010	0.458367
3.09748e-010	0.450956
3.10478e-010	0.44359
3.11209e-010	0.436271
3.11939e-010	0.429
3.1267e-010	0.421779
3.134e-010	0.41461
3.14131e-010	0.407494
3.14861e-010	0.400433
3.15592e-010	0.393427
3.16323e-010	0.38648
3.17053e-010	0.37959
3.17784e-010	0.372761
3.18514e-010	0.365993
3.19245e-010	0.359288
3.19975e-010	0.352645
3.20706e-010	0.346068
3.21436e-010	0.339555
3.22167e-010	0.333109
3.22897e-010	0.326731
3.23628e-010	0.32042
3.24358e-010	0.314178
3.25089e-010	0.308006
3.2582e-010	0.301905
3.2655e-010	0.295874
3.27281e-010	0.289915
3.28011e-010	0.284028
3.28742e-010	0.278214
3.29472e-010	0.272473
3.30203e-010	0.266805
3.30933e-010	0.261212
3.31664e-010	0.255692
3.32394e-010	0.250247
3.33125e-010	0.244876
3.33855e-010	0.239581
3.34586e-010	0.23436
3.35317e-010	0.229215
3.36047e-010	0.224145
3.36778e-010	0.21915
3.37508e-010	0.21423
3.38239e-010	0.209385
3.38969e-010	0.204615
3.397e-010	0.199921
3.4043e-010	0.195301
3.41161e-010	0.190755
3.41891e-010	0.186285
3.42622e-010	0.181888
3.43352e-010	0.177565
3.44083e-010	0.173315
3.44813e-010	0.169139
3.45544e-010	0.165036
3.46275e-010	0.161005
3.47005e-010	0.157046
3.47736e-010	0.153158
3.48466e-010	0.149342
3.49197e-010	0.145596
3.49927e-010	0.14192
3.50658e-010	0.138314
3.51388e-010	0.134776
3.52119e-010	0.131307
3.52849e-010	0.127906
3.5358e-010	0.124572
3.5431e-010	0.121304
3.55041e-010	0.118102
3.55772e-010	0.114965
3.56502e-010	0.111893
3.57233e-010	0.108884
3.57963e-010	0.105939
3.58694e-010	0.103055
3.59424e-010	0.100234
3.60155e-010	0.0974728
3.60885e-010	0.094772
3.61616e-010	0.0921305
3.62346e-010	0.0895475
3.63077e-010	0.0870223
3.63807e-010	0.0845541
3.64538e-010	0.082142
3.65269e-010	0.0797852
3.65999e-010	0.0774831
3.6673e-010	0.0752346
3.6746e-010	0.0730391
3.68191e-010	0.0708958
3.68921e-010	0.0688037
3.69652e-010	0.0667621
3.70382e-010	0.0647702
3.71113e-010	0.0628271
3.71843e-010	0.060932
3.72574e-010	0.0590841
3.73304e-010	0.0572826
3.74035e-010	0.0555267
3.74766e-010	0.0538156
3.75496e-010	0.0521483
3.76227e-010	0.0505242
3.76957e-010	0.0489425
3.77688e-010	0.0474023
3.78418e-010	0.0459028
3.79149e-010	0.0444432
3.79879e-010	0.0430228
3.8061e-010	0.0416408
3.8134e-010	0.0402964
3.82071e-010	0.0389888
3.82801e-010	0.0377173
3.83532e-010	0.0364811
3.84262e-010	0.0352795
3.84993e-010	0.0341117
3.85724e-010	0.032977
3.86454e-010	0.0318747
3.87185e-010	0.030804
3.87915e-010	0.0297643
3.88646e-010	0.0287548
3.89376e-010	0.0277749
3.90107e-010	0.0268238
3.90837e-010	0.025901
3.91568e-010	0.0250056
3.92298e-010	0.0241372
3.93029e-010	0.023295
3.93759e-010	0.0224784
3.9449e-010	0.0216868
3.95221e-010	0.0209195
3.95951e-010	0.0201759
3.96682e-010	0.0194556
3.97412e-010	0.0187577
3.98143e-010	0.0180819
3.98873e-010	0.0174275
3.99604e-010	0.0167939
4.00334e-010	0.0161806
4.01065e-010	0.0155871
4.01795e-010	0.0150128
4.02526e-010	0.0144573
4.03256e-010	0.01392
4.03987e-010	0.0134003
4.04718e-010	0.0128979
4.05448e-010	0.0124123
4.06179e-010	0.0119429
4.06909e-010	0.0114893
4.0764e-010	0.0110511
4.0837e-010	0.0106278
4.09101e-010	0.010219
4.09831e-010	0.00982432
4.10562e-010	0.00944325
4.11292e-010	0.00907543
4.12023e-010	0.00872047
4.12753e-010	0.00837797
4.13484e-010	0.00804758
4.14215e-010	0.00772891
4.14945e-010	0.0074216
4.15676e-010	0.00712532
4.16406e-010	0.00683971
4.17137e-010	0.00656444
4.17867e-010	0.00629919
4.18598e-010	0.00604364
4.19328e-010	0.00579748
4.20059e-010	0.00556041
4.20789e-010	0.00533213
4.2152e-010	0.00511236
4.2225e-010	0.00490083
4.22981e-010	0.00469725
4.23711e-010	0.00450137
4.24442e-010	0.00431294
4.25173e-010	0.00413169
4.25903e-010	0.0039574
4.26634e-010	0.00378982
4.27364e-010	0.00362872
4.28095e-010	0.00347389
4.28825e-010	0.0033251
4.29556e-010	0.00318215
4.30286e-010	0.00304483
4.31017e-010	0.00291295
4.31747e-010	0.0027863
4.32478e-010	0.00266472
4.33208e-010	0.00254801
4.33939e-010	0.002436
4.3467e-010	0.00232853
4.354e-010	0.00222542
4.36131e-010	0.00212651
4.36861e-010	0.00203166
4.37592e-010	0.00194072
4.38322e-010	0.00185353
4.39053e-010	0.00176996
4.39783e-010	0.00168987
4.40514e-010	0.00161314
4.41244e-010	0.00153963
4.41975e-010	0.00146922
4.42705e-010	0.0014018
4.43436e-010	0.00133725
4.44167e-010	0.00127545
4.44897e-010	0.0012163
4.45628e-010	0.0011597
4.46358e-010	0.00110555
4.47089e-010	0.00105375
4.47819e-010	0.00100421
4.4855e-010	0.000956832
4.4928e-010	0.000911538
4.50011e-010	0.000868242
4.50741e-010	0.000826864
4.51472e-010	0.000787324
4.52202e-010	0.000749549
4.52933e-010	0.000713466
4.53664e-010	0.000679006
4.54394e-010	0.000646101
4.55125e-010	0.000614687
4.55855e-010	0.000584702
4.56586e-010	0.000556086
4.57316e-010	0.000528781
4.58047e-010	0.000502732
4.58777e-010	0.000477886
4.59508e-010	0.000454191
4.60238e-010	0.000431599
4.60969e-010	0.000410061
4.61699e-010	0.000389532
4.6243e-010	0.000369968
4.6316e-010	0.000351328
4.63891e-010	0.000333571
4.64622e-010	0.000316658
4.65352e-010	0.000300552
4.66083e-010	0.000285217
4.66813e-010	0.000270619
4.67544e-010	0.000256724
4.68274e-010	0.000243502
4.69005e-010	0.000230922
4.69735e-010	0.000218955
4.70466e-010	0.000207573
4.71196e-010	0.00019675
4.71927e-010	0.00018646
4.72657e-010	0.000176678
4.73388e-010	0.000167381
4.74119e-010	0.000158546
4.74849e-010	0.000150153
4.7558e-010	0.00014218
4.7631e-010	0.000134607
4.77041e-010	0.000127417
