3.65269e-013	0.000126853
1.09581e-012	0.000134014
1.82634e-012	0.000141555
2.55688e-012	0.000149495
3.28742e-012	0.000157854
4.01795e-012	0.000166652
4.74849e-012	0.000175911
5.47903e-012	0.000185653
6.20956e-012	0.000195901
6.9401e-012	0.000206681
7.67064e-012	0.000218017
8.40118e-012	0.000229935
9.13171e-012	0.000242465
9.86225e-012	0.000255634
1.05928e-011	0.000269473
1.13233e-011	0.000284013
1.20539e-011	0.000299288
1.27844e-011	0.000315331
1.35149e-011	0.000332177
1.42455e-011	0.000349865
1.4976e-011	0.000368433
1.57065e-011	0.00038792
1.64371e-011	0.00040837
1.71676e-011	0.000429825
1.78982e-011	0.000452331
1.86287e-011	0.000475935
1.93592e-011	0.000500686
2.00898e-011	0.000526636
2.08203e-011	0.000553838
2.15508e-011	0.000582346
2.22814e-011	0.000612218
2.30119e-011	0.000643515
2.37425e-011	0.000676297
2.4473e-011	0.00071063
2.52035e-011	0.00074658
2.59341e-011	0.000784216
2.66646e-011	0.00082361
2.73951e-011	0.000864838
2.81257e-011	0.000907976
2.88562e-011	0.000953106
2.95868e-011	0.00100031
3.03173e-011	0.00104967
3.10478e-011	0.00110129
3.17784e-011	0.00115525
3.25089e-011	0.00121165
3.32394e-011	0.00127058
3.397e-011	0.00133216
3.47005e-011	0.00139649
3.5431e-011	0.00146368
3.61616e-011	0.00153384
3.68921e-011	0.0016071
3.76227e-011	0.00168357
3.83532e-011	0.00176338
3.90837e-011	0.00184666
3.98143e-011	0.00193355
4.05448e-011	0.00202419
4.12753e-011	0.00211872
4.20059e-011	0.00221729
4.27364e-011	0.00232006
4.3467e-011	0.00242718
4.41975e-011	0.00253881
4.4928e-011	0.00265514
4.56586e-011	0.00277632
4.63891e-011	0.00290255
4.71196e-011	0.003034
4.78502e-011	0.00317088
4.85807e-011	0.00331337
4.93113e-011	0.00346168
5.00418e-011	0.00361602
5.07723e-011	0.0037766
5.15029e-011	0.00394365
5.22334e-011	0.00411739
5.29639e-011	0.00429807
5.36945e-011	0.00448592
5.4425e-011	0.00468118
5.51555e-011	0.00488413
5.58861e-011	0.00509501
5.66166e-011	0.00531411
5.73472e-011	0.00554169
5.80777e-011	0.00577804
5.88082e-011	0.00602346
5.95388e-011	0.00627824
6.02693e-011	0.0065427
6.09998e-011	0.00681715
6.17304e-011	0.00710191
6.24609e-011	0.00739732
6.31915e-011	0.00770373
6.3922e-011	0.00802147
6.46525e-011	0.00835091
6.53831e-011	0.00869241
6.61136e-011	0.00904635
6.68441e-011	0.00941312
6.75747e-011	0.00979311
6.83052e-011	0.0101867
6.90358e-011	0.0105944
6.97663e-011	0.0110165
7.04968e-011	0.0114534
7.12274e-011	0.0119058
7.19579e-011	0.0123739
7.26884e-011	0.0128582
7.3419e-011	0.0133592
7.41495e-011	0.0138774
7.488e-011	0.0144133
7.56106e-011	0.0149674
7.63411e-011	0.0155401
7.70717e-011	0.016132
7.78022e-011	0.0167437
7.85327e-011	0.0173756
7.92633e-011	0.0180284
7.99938e-011	0.0187025
8.07243e-011	0.0193985
8.14549e-011	0.020117
8.21854e-011	0.0208587
8.2916e-011	0.021624
8.36465e-011	0.0224137
8.4377e-011	0.0232283
8.51076e-011	0.0240684
8.58381e-011	0.0249347
8.65686e-011	0.0258278
8.72992e-011	0.0267484
8.80297e-011	0.0276972
8.87603e-011	0.0286747
8.94908e-011	0.0296818
9.02213e-011	0.0307191
9.09519e-011	0.0317872
9.16824e-011	0.032887
9.24129e-011	0.034019
9.31435e-011	0.0351841
9.3874e-011	0.036383
9.46045e-011	0.0376164
9.53351e-011	0.038885
9.60656e-011	0.0401897
9.67962e-011	0.0415311
9.75267e-011	0.04291
9.82572e-011	0.0443273
9.89878e-011	0.0457837
9.97183e-011	0.0472799
1.00449e-010	0.0488168
1.01179e-010	0.0503952
1.0191e-010	0.0520159
1.0264e-010	0.0536796
1.03371e-010	0.0553872
1.04102e-010	0.0571395
1.04832e-010	0.0589372
1.05563e-010	0.0607813
1.06293e-010	0.0626726
1.07024e-010	0.0646118
1.07754e-010	0.0665997
1.08485e-010	0.0686373
1.09215e-010	0.0707253
1.09946e-010	0.0728645
1.10676e-010	0.0750558
1.11407e-010	0.0772999
1.12137e-010	0.0795977
1.12868e-010	0.08195
1.13599e-010	0.0843576
1.14329e-010	0.0868213
1.1506e-010	0.0893419
1.1579e-010	0.0919202
1.16521e-010	0.0945569
1.17251e-010	0.0972529
1.17982e-010	0.100009
1.18712e-010	0.102826
1.19443e-010	0.105704
1.20173e-010	0.108644
1.20904e-010	0.111648
1.21634e-010	0.114715
1.22365e-010	0.117847
1.23095e-010	0.121043
1.23826e-010	0.124306
1.24557e-010	0.127635
1.25287e-010	0.131031
1.26018e-010	0.134494
1.26748e-010	0.138026
1.27479e-010	0.141627
1.28209e-010	0.145297
1.2894e-010	0.149037
1.2967e-010	0.152848
1.30401e-010	0.15673
1.31131e-010	0.160683
1.31862e-010	0.164708
1.32592e-010	0.168806
1.33323e-010	0.172976
1.34054e-010	0.17722
1.34784e-010	0.181537
1.35515e-010	0.185927
1.36245e-010	0.190392
1.36976e-010	0.194932
1.37706e-010	0.199546
1.38437e-010	0.204234
1.39167e-010	0.208998
1.39898e-010	0.213836
1.40628e-010	0.21875
1.41359e-010	0.223739
1.42089e-010	0.228803
1.4282e-010	0.233943
1.43551e-010	0.239157
1.44281e-010	0.244447
1.45012e-010	0.249811
1.45742e-010	0.255251
1.46473e-010	0.260764
1.47203e-010	0.266352
1.47934e-010	0.272014
1.48664e-010	0.277749
1.49395e-010	0.283557
1.50125e-010	0.289438
1.50856e-010	0.295391
1.51586e-010	0.301416
1.52317e-010	0.307512
1.53048e-010	0.313678
1.53778e-010	0.319914
1.54509e-010	0.326219
1.55239e-010	0.332593
1.5597e-010	0.339033
1.567e-010	0.34554
1.57431e-010	0.352113
1.58161e-010	0.35875
1.58892e-010	0.365451
1.59622e-010	0.372214
1.60353e-010	0.379038
1.61083e-010	0.385922
1.61814e-010	0.392865
1.62544e-010	0.399866
1.63275e-010	0.406923
1.64006e-010	0.414034
1.64736e-010	0.421199
1.65467e-010	0.428416
1.66197e-010	0.435683
1.66928e-010	0.442998
1.67658e-010	0.450361
1.68389e-010	0.457768
1.69119e-010	0.465219
1.6985e-010	0.472712
1.7058e-010	0.480244
1.71311e-010	0.487814
1.72041e-010	0.49542
1.72772e-010	0.50306
1.73503e-010	0.510731
1.74233e-010	0.518432
1.74964e-010	0.52616
1.75694e-010	0.533914
1.76425e-010	0.54169
1.77155e-010	0.549488
1.77886e-010	0.557303
1.78616e-010	0.565134
1.79347e-010	0.572979
1.80077e-010	0.580835
1.80808e-010	0.5887
1.81538e-010	0.59657
1.82269e-010	0.604443
1.83e-010	0.612318
1.8373e-010	0.62019
1.84461e-010	0.628057
1.85191e-010	0.635918
1.85922e-010	0.643768
1.86652e-010	0.651605
1.87383e-010	0.659426
1.88113e-010	0.667229
1.88844e-010	0.675011
1.89574e-010	0.682768
1.90305e-010	0.690497
1.91035e-010	0.698197
1.91766e-010	0.705864
1.92497e-010	0.713494
1.93227e-010	0.721085
1.93958e-010	0.728635
1.94688e-010	0.736139
1.95419e-010	0.743595
1.96149e-010	0.751
1.9688e-010	0.758351
1.9761e-010	0.765645
1.98341e-010	0.772879
1.99071e-010	0.780049
1.99802e-010	0.787154
2.00532e-010	0.794189
2.01263e-010	0.801152
2.01993e-010	0.80804
2.02724e-010	0.81485
2.03455e-010	0.821579
2.04185e-010	0.828223
2.04916e-010	0.834781
2.05646e-010	0.841249
2.06377e-010	0.847624
2.07107e-010	0.853903
2.07838e-010	0.860084
2.08568e-010	0.866164
2.09299e-010	0.872139
2.10029e-010	0.878008
2.1076e-010	0.883768
2.1149e-010	0.889415
2.12221e-010	0.894947
2.12952e-010	0.900362
2.13682e-010	0.905658
2.14413e-010	0.910831
2.15143e-010	0.915879
2.15874e-010	0.920799
2.16604e-010	0.92559
2.17335e-010	0.93025
2.18065e-010	0.934775
2.18796e-010	0.939164
2.19526e-010	0.943414
2.20257e-010	0.947524
2.20987e-010	0.951492
2.21718e-010	0.955315
2.22449e-010	0.958991
2.23179e-010	0.96252
2.2391e-010	0.965899
2.2464e-010	0.969126
2.25371e-010	0.9722
2.26101e-010	0.97512
2.26832e-010	0.977884
2.27562e-010	0.98049
2.28293e-010	0.982937
2.29023e-010	0.985224
2.29754e-010	0.987351
2.30484e-010	0.989315
2.31215e-010	0.991116
2.31946e-010	0.992753
2.32676e-010	0.994225
2.33407e-010	0.995531
2.34137e-010	0.996671
2.34868e-010	0.997644
2.35598e-010	0.99845
2.36329e-010	0.999088
2.37059e-010	0.999558
2.3779e-010	0.99986
2.3852e-010	0.999993
2.39251e-010	0.999958
2.39981e-010	0.999754
2.40712e-010	0.999381
2.41442e-010	0.998841
2.42173e-010	0.998132
2.42904e-010	0.997256
2.43634e-010	0.996213
2.44365e-010	0.995003
2.45095e-010	0.993627
2.45826e-010	0.992086
2.46556e-010	0.99038
2.47287e-010	0.988511
2.48017e-010	0.986479
2.48748e-010	0.984285
2.49478e-010	0.98193
2.50209e-010	0.979416
2.50939e-010	0.976744
2.5167e-010	0.973914
2.52401e-010	0.97093
2.53131e-010	0.967791
2.53862e-010	0.9645
2.54592e-010	0.961058
2.55323e-010	0.957467
2.56053e-010	0.953729
2.56784e-010	0.949845
2.57514e-010	0.945818
2.58245e-010	0.941648
2.58975e-010	0.93734
2.59706e-010	0.932893
2.60436e-010	0.928312
2.61167e-010	0.923597
2.61898e-010	0.918751
2.62628e-010	0.913777
2.63359e-010	0.908676
2.64089e-010	0.903452
2.6482e-010	0.898106
2.6555e-010	0.892641
2.66281e-010	0.88706
2.67011e-010	0.881366
2.67742e-010	0.87556
2.68472e-010	0.869646
2.69203e-010	0.863626
2.69933e-010	0.857504
2.70664e-010	0.851281
2.71395e-010	0.844961
2.72125e-010	0.838547
2.72856e-010	0.832041
2.73586e-010	0.825447
2.74317e-010	0.818766
2.75047e-010	0.812003
2.75778e-010	0.80516
2.76508e-010	0.798241
2.77239e-010	0.791247
2.77969e-010	0.784182
2.787e-010	0.77705
2.7943e-010	0.769852
2.80161e-010	0.762593
2.80891e-010	0.755275
2.81622e-010	0.747901
2.82353e-010	0.740474
2.83083e-010	0.732997
2.83814e-010	0.725474
2.84544e-010	0.717906
2.85275e-010	0.710298
2.86005e-010	0.702652
2.86736e-010	0.694972
2.87466e-010	0.687259
2.88197e-010	0.679517
2.88927e-010	0.67175
2.89658e-010	0.663959
2.90388e-010	0.656148
2.91119e-010	0.64832
2.9185e-010	0.640477
2.9258e-010	0.632622
2.93311e-010	0.624758
2.94041e-010	0.616889
2.94772e-010	0.609015
2.95502e-010	0.601141
2.96233e-010	0.593268
2.96963e-010	0.5854
2.97694e-010	0.577539
2.98424e-010	0.569688
2.99155e-010	0.561848
2.99885e-010	0.554023
3.00616e-010	0.546215
3.01347e-010	0.538426
3.02077e-010	0.530659
3.02808e-010	0.522916
3.03538e-010	0.515198
3.04269e-010	0.50751
3.04999e-010	0.499851
3.0573e-010	0.492226
3.0646e-010	0.484634
3.07191e-010	0.47708
3.07921e-010	0.469564
3.08652e-010	0.462089
3.09382e-010	0.454656
3.10113e-010	0.447267
3.10844e-010	0.439924
3.11574e-010	0.432629
3.12305e-010	0.425383
3.13035e-010	0.418188
3.13766e-010	0.411045
3.14496e-010	0.403956
3.15227e-010	0.396923
3.15957e-010	0.389946
3.16688e-010	0.383028
3.17418e-010	0.376168
3.18149e-010	0.36937
3.18879e-010	0.362633
3.1961e-010	0.355958
3.2034e-010	0.349348
3.21071e-010	0.342803
3.21802e-010	0.336324
3.22532e-010	0.329911
3.23263e-010	0.323567
3.23993e-010	0.317291
3.24724e-010	0.311084
3.25454e-010	0.304947
3.26185e-010	0.298881
3.26915e-010	0.292886
3.27646e-010	0.286963
3.28376e-010	0.281112
3.29107e-010	0.275335
3.29837e-010	0.26963
3.30568e-010	0.263999
3.31299e-010	0.258443
3.32029e-010	0.25296
3.3276e-010	0.247552
3.3349e-010	0.242219
3.34221e-010	0.236961
3.34951e-010	0.231778
3.35682e-010	0.22667
3.36412e-010	0.221638
3.37143e-010	0.21668
3.37873e-010	0.211798
3.38604e-010	0.206991
3.39334e-010	0.202259
3.40065e-010	0.197601
3.40796e-010	0.193019
3.41526e-010	0.188511
3.42257e-010	0.184077
3.42987e-010	0.179717
3.43718e-010	0.175431
3.44448e-010	0.171218
3.45179e-010	0.167078
3.45909e-010	0.163011
3.4664e-010	0.159016
3.4737e-010	0.155093
3.48101e-010	0.151241
3.48831e-010	0.14746
3.49562e-010	0.143749
3.50293e-010	0.140108
3.51023e-010	0.136537
3.51754e-010	0.133033
3.52484e-010	0.129598
3.53215e-010	0.12623
3.53945e-010	0.12293
3.54676e-010	0.119695
3.55406e-010	0.116525
3.56137e-010	0.113421
3.56867e-010	0.110381
3.57598e-010	0.107404
3.58328e-010	0.104489
3.59059e-010	0.101637
3.59789e-010	0.0988456
3.6052e-010	0.0961149
3.61251e-010	0.0934439
3.61981e-010	0.0908317
3.62712e-010	0.0882777
3.63442e-010	0.0857811
3.64173e-010	0.083341
3.64903e-010	0.0809567
3.65634e-010	0.0786274
3.66364e-010	0.0763522
3.67095e-010	0.0741303
3.67825e-010	0.071961
3.68556e-010	0.0698434
3.69286e-010	0.0677766
3.70017e-010	0.06576
3.70748e-010	0.0637926
3.71478e-010	0.0618736
3.72209e-010	0.0600022
3.72939e-010	0.0581776
3.7367e-010	0.056399
3.744e-010	0.0546656
3.75131e-010	0.0529765
3.75861e-010	0.051331
3.76592e-010	0.0497281
3.77322e-010	0.0481672
3.78053e-010	0.0466475
3.78783e-010	0.0451681
3.79514e-010	0.0437282
3.80245e-010	0.0423271
3.80975e-010	0.0409639
3.81706e-010	0.039638
3.82436e-010	0.0383486
3.83167e-010	0.0370948
3.83897e-010	0.035876
3.84628e-010	0.0346914
3.85358e-010	0.0335402
3.86089e-010	0.0324218
3.86819e-010	0.0313354
3.8755e-010	0.0302803
3.8828e-010	0.0292558
3.89011e-010	0.0282612
3.89742e-010	0.0272958
3.90472e-010	0.0263589
3.91203e-010	0.0254499
3.91933e-010	0.0245681
3.92664e-010	0.0237129
3.93394e-010	0.0228835
3.94125e-010	0.0220795
3.94855e-010	0.0213001
3.95586e-010	0.0205448
3.96316e-010	0.0198129
3.97047e-010	0.0191039
3.97777e-010	0.0184171
3.98508e-010	0.017752
3.99238e-010	0.0171081
3.99969e-010	0.0164847
4.007e-010	0.0158814
4.0143e-010	0.0152976
4.02161e-010	0.0147328
4.02891e-010	0.0141864
4.03622e-010	0.013658
4.04352e-010	0.013147
4.05083e-010	0.012653
4.05813e-010	0.0121756
4.06544e-010	0.0117142
4.07274e-010	0.0112683
4.08005e-010	0.0108376
4.08735e-010	0.0104217
4.09466e-010	0.0100199
4.10197e-010	0.0096321
4.10927e-010	0.0092577
4.11658e-010	0.00889636
4.12388e-010	0.00854768
4.13119e-010	0.00821129
4.13849e-010	0.0078868
4.1458e-010	0.00757386
4.1531e-010	0.00727211
4.16041e-010	0.0069812
4.16771e-010	0.0067008
4.17502e-010	0.00643058
4.18232e-010	0.00617022
4.18963e-010	0.0059194
4.19694e-010	0.00567782
4.20424e-010	0.00544519
4.21155e-010	0.0052212
4.21885e-010	0.00500558
4.22616e-010	0.00479806
4.23346e-010	0.00459837
4.24077e-010	0.00440624
4.24807e-010	0.00422143
4.25538e-010	0.00404369
4.26268e-010	0.00387278
4.26999e-010	0.00370847
4.27729e-010	0.00355054
4.2846e-010	0.00339875
4.29191e-010	0.00325291
4.29921e-010	0.0031128
4.30652e-010	0.00297822
4.31382e-010	0.00284898
4.32113e-010	0.00272489
4.32843e-010	0.00260577
4.33574e-010	0.00249143
4.34304e-010	0.00238171
4.35035e-010	0.00227643
4.35765e-010	0.00217545
4.36496e-010	0.00207859
4.37226e-010	0.00198571
4.37957e-010	0.00189666
4.38687e-010	0.0018113
4.39418e-010	0.00172949
4.40149e-010	0.0016511
4.40879e-010	0.00157599
4.4161e-010	0.00150405
4.4234e-010	0.00143515
4.43071e-010	0.00136917
4.43801e-010	0.00130601
4.44532e-010	0.00124555
4.45262e-010	0.00118769
4.45993e-010	0.00113233
4.46723e-010	0.00107936
4.47454e-010	0.0010287
4.48184e-010	0.000980254
4.48915e-010	0.00093393
4.49646e-010	0.000889646
4.50376e-010	0.000847318
4.51107e-010	0.000806869
4.51837e-010	0.000768221
4.52568e-010	0.000731301
4.53298e-010	0.000696037
4.54029e-010	0.000662363
4.54759e-010	0.000630211
4.5549e-010	0.00059952
4.5622e-010	0.000570226
4.56951e-010	0.000542273
4.57681e-010	0.000515603
4.58412e-010	0.000490162
4.59143e-010	0.000465898
4.59873e-010	0.00044276
4.60604e-010	0.000420701
4.61334e-010	0.000399673
4.62065e-010	0.000379632
4.62795e-010	0.000360536
4.63526e-010	0.000342342
4.64256e-010	0.000325011
4.64987e-010	0.000308506
4.65717e-010	0.00029279
4.66448e-010	0.000277828
4.67178e-010	0.000263585
4.67909e-010	0.000250031
4.6864e-010	0.000237134
4.6937e-010	0.000224864
4.70101e-010	0.000213193
4.70831e-010	0.000202094
4.71562e-010	0.00019154
4.72292e-010	0.000181507
4.73023e-010	0.00017197
4.73753e-010	0.000162907
4.74484e-010	0.000154296
4.75214e-010	0.000146115
4.75945e-010	0.000138344
4.76675e-010	0.000130965
4.77406e-010	0.000123959
