% time-domain voltage integration by openEMS v0.0.35 @Tue Mar 31 11:02:35 2020
% start-coordinates: (0.0408132,-0.0516467,0) m -> [74,42,13]
% stop-coordinates: (0.0408132,-0.0516467,0.0016) m -> [74,42,19]
% t/s	voltage
0	0
2.08021083777e-010	2.66098359702e-006
4.16042167554e-010	1.23758190966e-005
6.24063251332e-010	4.44027664344e-005
8.32084335109e-010	0.0001389849931
1.04010541889e-009	0.000382189267839
1.24812650266e-009	0.000925624146475
1.45614758644e-009	0.0019768771308
1.66416867022e-009	0.00372909952421
1.87218975399e-009	0.00622375798412
2.08021083777e-009	0.00920900516212
2.28823192155e-009	0.012110165786
2.49625300533e-009	0.0141958205495
2.7042740891e-009	0.0148887929972
2.91229517288e-009	0.0140372656751
3.12031625666e-009	0.0119677954353
3.32833734044e-009	0.00929665553849
3.53635842421e-009	0.00664201029576
3.74437950799e-009	0.00441435730318
3.95240059177e-009	0.00276507661329
4.16042167554e-009	0.0016553735768
4.36844275932e-009	0.000960157602094
4.5764638431e-009	0.000545936956769
4.78448492688e-009	0.000307059402985
4.99250601065e-009	0.000172131452928
5.20052709443e-009	9.68787735474e-005
5.40854817821e-009	5.49442447664e-005
5.61656926198e-009	3.15577008223e-005
5.82459034576e-009	1.85277108358e-005
6.03261142954e-009	1.12646359867e-005
6.24063251332e-009	7.21490619071e-006
6.44865359709e-009	4.95672998113e-006
6.65667468087e-009	3.70582944242e-006
6.86469576465e-009	3.00742277659e-006
7.07271684842e-009	2.61743613805e-006
7.2807379322e-009	2.40231051407e-006
7.48875901598e-009	2.27595097613e-006
7.69678009976e-009	2.21286620672e-006
7.90480118353e-009	2.17294004301e-006
8.11282226731e-009	2.15483777311e-006
8.32084335109e-009	2.13992157683e-006
8.52886443486e-009	2.13710248431e-006
8.73688551864e-009	2.12974890701e-006
8.94490660242e-009	2.12884583561e-006
9.1529276862e-009	2.1303166875e-006
9.36094876997e-009	2.1255935394e-006
9.56896985375e-009	2.12662214949e-006
9.77699093753e-009	2.12441804592e-006
9.98501202131e-009	2.1287712002e-006
1.01930331051e-008	2.12783530174e-006
1.04010541889e-008	2.1273994264e-006
1.06090752726e-008	2.12555096368e-006
1.08170963564e-008	2.12845841929e-006
1.10251174402e-008	2.12697671031e-006
1.1233138524e-008	2.12657664633e-006
1.14411596077e-008	2.12395218568e-006
1.16491806915e-008	2.12603683281e-006
1.18572017753e-008	2.12360532714e-006
1.20652228591e-008	2.12772584973e-006
1.22732439429e-008	2.125263876e-006
1.24812650266e-008	2.12721863591e-006
1.26892861104e-008	2.12577478464e-006
1.28973071942e-008	2.12492025753e-006
1.3105328278e-008	2.12624073015e-006
1.33133493617e-008	2.12558126123e-006
1.35213704455e-008	2.12802393662e-006
1.37293915293e-008	2.12685634438e-006
1.39374126131e-008	2.12598683902e-006
1.41454336968e-008	2.12569378277e-006
1.43534547806e-008	2.12562699176e-006
1.45614758644e-008	2.12586220982e-006
1.47694969482e-008	2.12628700069e-006
1.4977518032e-008	2.1273296511e-006
1.51855391157e-008	2.12540476241e-006
1.53935601995e-008	2.12660063426e-006
1.56015812833e-008	2.12598754956e-006
1.58096023671e-008	2.12567425706e-006
1.60176234508e-008	2.12638528296e-006
1.62256445346e-008	2.12534021671e-006
1.64336656184e-008	2.12593451465e-006
1.66416867022e-008	2.1263020642e-006
1.6849707786e-008	2.1259509424e-006
1.70577288697e-008	2.12813932876e-006
1.72657499535e-008	2.12528777865e-006
1.74737710373e-008	2.12592706816e-006
1.76817921211e-008	2.12599783822e-006
1.78898132048e-008	2.12580579273e-006
1.80978342886e-008	2.12570080294e-006
1.83058553724e-008	2.12699248436e-006
1.85138764562e-008	2.12611698203e-006
1.87218975399e-008	2.12601895555e-006
