% time-domain current integration by openEMS v0.0.35 @Tue Mar 31 11:02:35 2020
% start-coordinates: (0.0390749,-0.0523655,0.0005333) m -> [68,39,15]
% stop-coordinates: (0.042545,-0.051435,0.0005333) m -> [80,43,15]
% t/s	current
1.57115622188e-013	-0
2.08178199399e-010	1.35987562544e-007
4.16199283177e-010	4.96084282986e-007
6.24220366954e-010	1.64819732618e-006
8.32241450731e-010	4.76381273984e-006
1.04026253451e-009	1.19209935292e-005
1.24828361829e-009	2.57513183897e-005
1.45630470206e-009	4.78183355881e-005
1.66432578584e-009	7.58046080591e-005
1.87234686962e-009	0.000101372104837
2.08036795339e-009	0.000111712608486
2.28838903717e-009	9.60211400525e-005
2.49641012095e-009	5.34338578291e-005
2.70443120473e-009	-4.11093105868e-006
2.9124522885e-009	-5.75602825847e-005
3.12047337228e-009	-9.11812458071e-005
3.32849445606e-009	-9.99054391286e-005
3.53651553983e-009	-8.90750889084e-005
3.74453662361e-009	-6.86989151291e-005
3.95255770739e-009	-4.75231754535e-005
4.16057879117e-009	-3.03167780658e-005
4.36859987494e-009	-1.82629755727e-005
4.57662095872e-009	-1.05991302917e-005
4.7846420425e-009	-6.0176603256e-006
4.99266312627e-009	-3.35458526024e-006
5.20068421005e-009	-1.86973613836e-006
5.40870529383e-009	-1.04221248876e-006
5.61672637761e-009	-5.80729988542e-007
5.82474746138e-009	-3.23629080867e-007
6.03276854516e-009	-1.80283507234e-007
6.24078962894e-009	-1.00359976329e-007
6.44881071272e-009	-5.59224027086e-008
6.65683179649e-009	-3.11850314461e-008
6.86485288027e-009	-1.73950009952e-008
7.07287396405e-009	-9.69691882347e-009
7.28089504782e-009	-5.40778266611e-009
7.4889161316e-009	-2.97460367449e-009
7.69693721538e-009	-1.71231206991e-009
7.90495829916e-009	-9.22377174639e-010
8.11297938293e-009	-5.43488143379e-010
8.32100046671e-009	-3.06992792298e-010
8.52902155049e-009	-1.66536270885e-010
8.73704263426e-009	-1.02520332501e-010
8.94506371804e-009	-4.48988103641e-011
9.15308480182e-009	-4.33860239402e-011
9.3611058856e-009	1.57131321843e-011
9.56912696937e-009	8.43276403567e-012
9.77714805315e-009	2.598289639e-011
9.98516913693e-009	-1.99990284749e-011
1.01931902207e-008	-3.9915411254e-011
1.04012113045e-008	-8.35932364995e-012
1.06092323883e-008	-1.49986932596e-011
1.0817253472e-008	-2.34691068662e-011
1.10252745558e-008	3.2077250578e-011
1.12332956396e-008	1.28704911312e-011
1.14413167234e-008	5.68159755354e-011
1.16493378071e-008	1.86470075492e-011
1.18573588909e-008	8.25576065844e-012
1.20653799747e-008	-3.18010166811e-011
1.22734010585e-008	-5.17556440413e-012
1.24814221423e-008	4.29886161391e-014
1.2689443226e-008	-2.38021269361e-011
1.28974643098e-008	1.72070205307e-011
1.31054853936e-008	-3.11175946122e-011
1.33135064774e-008	7.73587791048e-012
1.35215275611e-008	-1.84079106125e-011
1.37295486449e-008	2.43196972977e-011
1.39375697287e-008	-1.13824956405e-011
1.41455908125e-008	3.64119194865e-012
1.43536118962e-008	-1.15663719921e-011
1.456163298e-008	2.96099386329e-012
1.47696540638e-008	-1.86111299982e-011
1.49776751476e-008	1.77145754662e-012
1.51856962314e-008	6.3522563945e-012
1.53937173151e-008	-2.03544958666e-011
1.56017383989e-008	-1.38361353624e-011
1.58097594827e-008	5.40383189584e-012
1.60177805665e-008	1.2869981773e-012
1.62258016502e-008	1.11857563143e-011
1.6433822734e-008	-2.72651888046e-012
1.66418438178e-008	-1.64231996058e-011
1.68498649016e-008	2.26570932155e-013
1.70578859854e-008	-2.29238798083e-011
1.72659070691e-008	1.62458397429e-011
1.74739281529e-008	5.07842032316e-012
1.76819492367e-008	2.10364538289e-011
1.78899703205e-008	-1.00234620951e-011
1.80979914042e-008	7.42682131072e-012
1.8306012488e-008	-2.3881842684e-012
1.85140335718e-008	-1.08642608798e-011
1.87220546556e-008	6.41786537109e-012
