% time-domain current integration by openEMS v0.0.35-62-gbb235b2 @Sat May 09 16:24:24 2020
% start-coordinates: (0.00352128,-0.0173439,-0.001) m -> [58,36,20]
% stop-coordinates: (0.00522,-0.016944,-0.001) m -> [64,38,20]
% t/s	current
2.79978923602e-16	-0
1.04166158526e-11	-5.01043996337e-06
2.08329517263e-11	-1.94692638615e-05
3.12492876e-11	-5.99131417403e-05
4.16656234738e-11	-0.000157882983331
5.20819593475e-11	-0.00036189466482
6.24982952212e-11	-0.000727673177607
7.29146310949e-11	-0.00128084048629
8.33309669686e-11	-0.00194520934019
9.37473028423e-11	-0.00245327036828
1.04163638716e-10	-0.00229227310047
1.1457997459e-10	-0.000761847244576
1.24996310463e-10	0.0027968569193
1.35412646337e-10	0.00863869488239
1.45828982211e-10	0.0162775963545
1.56245318085e-10	0.0244033299387
1.66661653958e-10	0.031197603792
1.77077989832e-10	0.0349743962288
1.87494325706e-10	0.0348472073674
1.97910661579e-10	0.031059583649
2.08326997453e-10	0.0248157512397
2.18743333327e-10	0.0177203994244
2.291596692e-10	0.0111695406958
2.39576005074e-10	0.00598234916106
2.49992340948e-10	0.00237346161157
2.60408676822e-10	0.000157506758114
2.70825012695e-10	-0.0010102877859
2.81241348569e-10	-0.00147534033749
2.91657684443e-10	-0.00152619008441
3.02074020316e-10	-0.00138579751365
3.1249035619e-10	-0.00120024383068
3.22906692064e-10	-0.00101910787635
3.33323027938e-10	-0.000786523800343
3.43739363811e-10	-0.000367053289665
3.54155699685e-10	0.000386304833228
3.64572035559e-10	0.00154553656466
3.74988371432e-10	0.0030402992852
3.85404707306e-10	0.00463661644608
3.9582104318e-10	0.00598688377067
4.06237379053e-10	0.00674740411341
4.16653714927e-10	0.00670584477484
4.27070050801e-10	0.00587610667571
4.37486386675e-10	0.00450976891443
4.47902722548e-10	0.00301030883566
4.58319058422e-10	0.00178699544631
4.68735394296e-10	0.00111056934111
4.79151730169e-10	0.00102687673643
4.89568066043e-10	0.00137377507053
4.99984401917e-10	0.00186731584836
5.10400737791e-10	0.00222024624236
5.20817073664e-10	0.00223384704441
5.31233409538e-10	0.00183954485692
5.41649745412e-10	0.00108567229472
5.52066081285e-10	9.53708658926e-05
