0	0.00012341
5.10767e-013	0.00012825
1.02153e-012	0.000133269
1.5323e-012	0.000138473
2.04307e-012	0.000143868
2.55383e-012	0.000149461
3.0646e-012	0.000155259
3.57537e-012	0.000161268
4.08613e-012	0.000167496
4.5969e-012	0.000173951
5.10767e-012	0.000180639
5.61843e-012	0.000187569
6.1292e-012	0.000194748
6.63996e-012	0.000202186
7.15073e-012	0.000209891
7.6615e-012	0.000217871
8.17226e-012	0.000226136
8.68303e-012	0.000234696
9.1938e-012	0.000243559
9.70456e-012	0.000252736
1.02153e-011	0.000262237
1.07261e-011	0.000272073
1.12369e-011	0.000282255
1.17476e-011	0.000292794
1.22584e-011	0.000303701
1.27692e-011	0.000314988
1.32799e-011	0.000326668
1.37907e-011	0.000338753
1.43015e-011	0.000351257
1.48122e-011	0.000364191
1.5323e-011	0.000377572
1.58338e-011	0.000391411
1.63445e-011	0.000405724
1.68553e-011	0.000420526
1.73661e-011	0.000435832
1.78768e-011	0.000451658
1.83876e-011	0.00046802
1.88984e-011	0.000484935
1.94091e-011	0.00050242
1.99199e-011	0.000520492
2.04307e-011	0.00053917
2.09414e-011	0.000558472
2.14522e-011	0.000578418
2.1963e-011	0.000599026
2.24737e-011	0.000620318
2.29845e-011	0.000642314
2.34953e-011	0.000665034
2.4006e-011	0.000688502
2.45168e-011	0.000712739
2.50276e-011	0.000737769
2.55383e-011	0.000763614
2.60491e-011	0.0007903
2.65599e-011	0.000817851
2.70706e-011	0.000846293
2.75814e-011	0.000875652
2.80922e-011	0.000905954
2.86029e-011	0.000937228
2.91137e-011	0.000969502
2.96245e-011	0.0010028
3.01352e-011	0.00103717
3.0646e-011	0.00107262
3.11568e-011	0.00110919
3.16675e-011	0.00114691
3.21783e-011	0.00118582
3.26891e-011	0.00122594
3.31998e-011	0.00126732
3.37106e-011	0.00130999
3.42214e-011	0.00135398
3.47321e-011	0.00139934
3.52429e-011	0.0014461
3.57537e-011	0.00149429
3.62644e-011	0.00154397
3.67752e-011	0.00159516
3.7286e-011	0.00164792
3.77967e-011	0.00170228
3.83075e-011	0.00175829
3.88183e-011	0.00181599
3.9329e-011	0.00187543
3.98398e-011	0.00193666
4.03506e-011	0.00199972
4.08613e-011	0.00206466
4.13721e-011	0.00213154
4.18829e-011	0.0022004
4.23936e-011	0.0022713
4.29044e-011	0.00234429
4.34152e-011	0.00241943
4.39259e-011	0.00249677
4.44367e-011	0.00257637
4.49475e-011	0.00265829
4.54582e-011	0.00274259
4.5969e-011	0.00282933
4.64798e-011	0.00291857
4.69905e-011	0.00301038
4.75013e-011	0.00310482
4.80121e-011	0.00320196
4.85228e-011	0.00330187
4.90336e-011	0.00340461
4.95444e-011	0.00351026
5.00551e-011	0.00361889
5.05659e-011	0.00373058
5.10767e-011	0.00384539
5.15874e-011	0.00396341
5.20982e-011	0.00408472
5.2609e-011	0.0042094
5.31197e-011	0.00433752
5.36305e-011	0.00446917
5.41413e-011	0.00460444
5.4652e-011	0.00474341
5.51628e-011	0.00488618
5.56736e-011	0.00503283
5.61843e-011	0.00518345
5.66951e-011	0.00533814
5.72059e-011	0.00549699
5.77166e-011	0.00566011
5.82274e-011	0.00582758
5.87382e-011	0.00599951
5.92489e-011	0.00617601
5.97597e-011	0.00635718
6.02705e-011	0.00654312
6.07812e-011	0.00673395
6.1292e-011	0.00692977
6.18028e-011	0.0071307
6.23135e-011	0.00733685
6.28243e-011	0.00754833
6.33351e-011	0.00776528
6.38458e-011	0.0079878
6.43566e-011	0.00821602
6.48673e-011	0.00845006
6.53781e-011	0.00869005
6.58889e-011	0.00893613
6.63996e-011	0.00918841
6.69104e-011	0.00944704
6.74212e-011	0.00971215
6.79319e-011	0.00998388
6.84427e-011	0.0102624
6.89535e-011	0.0105477
6.94642e-011	0.0108402
6.9975e-011	0.0111398
7.04858e-011	0.0114467
7.09965e-011	0.0117612
7.15073e-011	0.0120833
7.20181e-011	0.0124131
7.25288e-011	0.012751
7.30396e-011	0.0130969
7.35504e-011	0.0134511
7.40611e-011	0.0138138
7.45719e-011	0.0141851
7.50827e-011	0.0145652
7.55934e-011	0.0149542
7.61042e-011	0.0153523
7.6615e-011	0.0157597
7.71257e-011	0.0161767
7.76365e-011	0.0166032
7.81473e-011	0.0170396
7.8658e-011	0.0174861
7.91688e-011	0.0179428
7.96796e-011	0.0184099
8.01903e-011	0.0188875
8.07011e-011	0.019376
8.12119e-011	0.0198755
8.17226e-011	0.0203862
8.22334e-011	0.0209082
8.27442e-011	0.0214419
8.32549e-011	0.0219874
8.37657e-011	0.0225449
8.42765e-011	0.0231146
8.47872e-011	0.0236968
8.5298e-011	0.0242917
8.58088e-011	0.0248994
8.63195e-011	0.0255202
8.68303e-011	0.0261544
8.73411e-011	0.0268021
8.78518e-011	0.0274635
8.83626e-011	0.028139
8.88734e-011	0.0288287
8.93841e-011	0.0295329
8.98949e-011	0.0302518
9.04057e-011	0.0309857
9.09164e-011	0.0317347
9.14272e-011	0.0324992
9.1938e-011	0.0332793
9.24487e-011	0.0340754
9.29595e-011	0.0348876
9.34703e-011	0.0357162
9.3981e-011	0.0365615
9.44918e-011	0.0374238
9.50026e-011	0.0383032
9.55133e-011	0.0392
9.60241e-011	0.0401145
9.65349e-011	0.041047
9.70456e-011	0.0419977
9.75564e-011	0.0429669
9.80672e-011	0.0439549
9.85779e-011	0.0449618
9.90887e-011	0.045988
9.95995e-011	0.0470338
1.0011e-010	0.0480994
1.00621e-010	0.0491851
1.01132e-010	0.0502911
1.01643e-010	0.0514178
1.02153e-010	0.0525653
1.02664e-010	0.0537341
1.03175e-010	0.0549243
1.03686e-010	0.0561363
1.04196e-010	0.0573703
1.04707e-010	0.0586265
1.05218e-010	0.0599054
1.05729e-010	0.0612071
1.06239e-010	0.0625319
1.0675e-010	0.0638802
1.07261e-010	0.0652521
1.07772e-010	0.066648
1.08283e-010	0.0680682
1.08793e-010	0.0695129
1.09304e-010	0.0709824
1.09815e-010	0.072477
1.10326e-010	0.073997
1.10836e-010	0.0755426
1.11347e-010	0.0771142
1.11858e-010	0.078712
1.12369e-010	0.0803362
1.12879e-010	0.0819873
1.1339e-010	0.0836653
1.13901e-010	0.0853707
1.14412e-010	0.0871036
1.14922e-010	0.0888644
1.15433e-010	0.0906534
1.15944e-010	0.0924707
1.16455e-010	0.0943167
1.16966e-010	0.0961916
1.17476e-010	0.0980957
1.17987e-010	0.100029
1.18498e-010	0.101993
1.19009e-010	0.103986
1.19519e-010	0.106009
1.2003e-010	0.108063
1.20541e-010	0.110148
1.21052e-010	0.112263
1.21562e-010	0.11441
1.22073e-010	0.116588
1.22584e-010	0.118798
1.23095e-010	0.12104
1.23606e-010	0.123314
1.24116e-010	0.12562
1.24627e-010	0.127959
1.25138e-010	0.130331
1.25649e-010	0.132736
1.26159e-010	0.135174
1.2667e-010	0.137645
1.27181e-010	0.140151
1.27692e-010	0.14269
1.28202e-010	0.145262
1.28713e-010	0.14787
1.29224e-010	0.150511
1.29735e-010	0.153187
1.30245e-010	0.155898
1.30756e-010	0.158644
1.31267e-010	0.161425
1.31778e-010	0.164241
1.32289e-010	0.167092
1.32799e-010	0.169979
1.3331e-010	0.172902
1.33821e-010	0.17586
1.34332e-010	0.178854
1.34842e-010	0.181884
1.35353e-010	0.184951
1.35864e-010	0.188053
1.36375e-010	0.191192
1.36885e-010	0.194367
1.37396e-010	0.197578
1.37907e-010	0.200826
1.38418e-010	0.204111
1.38928e-010	0.207432
1.39439e-010	0.21079
1.3995e-010	0.214185
1.40461e-010	0.217616
1.40972e-010	0.221085
1.41482e-010	0.224589
1.41993e-010	0.228131
1.42504e-010	0.23171
1.43015e-010	0.235325
1.43525e-010	0.238977
1.44036e-010	0.242665
1.44547e-010	0.246391
1.45058e-010	0.250152
1.45568e-010	0.253951
1.46079e-010	0.257785
1.4659e-010	0.261657
1.47101e-010	0.265564
1.47612e-010	0.269507
1.48122e-010	0.273487
1.48633e-010	0.277502
1.49144e-010	0.281553
1.49655e-010	0.28564
1.50165e-010	0.289762
1.50676e-010	0.29392
1.51187e-010	0.298112
1.51698e-010	0.30234
1.52208e-010	0.306602
1.52719e-010	0.310899
1.5323e-010	0.315229
1.53741e-010	0.319594
1.54251e-010	0.323993
1.54762e-010	0.328425
1.55273e-010	0.33289
1.55784e-010	0.337388
1.56295e-010	0.341919
1.56805e-010	0.346482
1.57316e-010	0.351077
1.57827e-010	0.355704
1.58338e-010	0.360362
1.58848e-010	0.365051
1.59359e-010	0.36977
1.5987e-010	0.37452
1.60381e-010	0.379299
1.60891e-010	0.384108
1.61402e-010	0.388945
1.61913e-010	0.393811
1.62424e-010	0.398705
1.62935e-010	0.403627
1.63445e-010	0.408576
1.63956e-010	0.413551
1.64467e-010	0.418552
1.64978e-010	0.423579
1.65488e-010	0.428631
1.65999e-010	0.433708
1.6651e-010	0.438808
1.67021e-010	0.443932
1.67531e-010	0.449079
1.68042e-010	0.454248
1.68553e-010	0.459439
1.69064e-010	0.46465
1.69574e-010	0.469883
1.70085e-010	0.475134
1.70596e-010	0.480405
1.71107e-010	0.485695
1.71618e-010	0.491002
1.72128e-010	0.496326
1.72639e-010	0.501667
1.7315e-010	0.507023
1.73661e-010	0.512395
1.74171e-010	0.51778
1.74682e-010	0.523179
1.75193e-010	0.528591
1.75704e-010	0.534015
1.76214e-010	0.53945
1.76725e-010	0.544896
1.77236e-010	0.550351
1.77747e-010	0.555815
1.78258e-010	0.561286
1.78768e-010	0.566765
1.79279e-010	0.572251
1.7979e-010	0.577742
1.80301e-010	0.583237
1.80811e-010	0.588736
1.81322e-010	0.594239
1.81833e-010	0.599743
1.82344e-010	0.605248
1.82854e-010	0.610754
1.83365e-010	0.616258
1.83876e-010	0.621761
1.84387e-010	0.627262
1.84897e-010	0.632759
1.85408e-010	0.638252
1.85919e-010	0.643739
1.8643e-010	0.64922
1.86941e-010	0.654694
1.87451e-010	0.66016
1.87962e-010	0.665616
1.88473e-010	0.671062
1.88984e-010	0.676497
1.89494e-010	0.68192
1.90005e-010	0.687329
1.90516e-010	0.692725
1.91027e-010	0.698105
1.91537e-010	0.703469
1.92048e-010	0.708816
1.92559e-010	0.714145
1.9307e-010	0.719454
1.93581e-010	0.724743
1.94091e-010	0.730011
1.94602e-010	0.735257
1.95113e-010	0.740479
1.95624e-010	0.745677
1.96134e-010	0.75085
1.96645e-010	0.755996
1.97156e-010	0.761115
1.97667e-010	0.766205
1.98177e-010	0.771266
1.98688e-010	0.776296
1.99199e-010	0.781295
1.9971e-010	0.786261
2.0022e-010	0.791194
2.00731e-010	0.796091
2.01242e-010	0.800953
2.01753e-010	0.805779
2.02264e-010	0.810567
2.02774e-010	0.815316
2.03285e-010	0.820025
2.03796e-010	0.824693
2.04307e-010	0.82932
2.04817e-010	0.833904
2.05328e-010	0.838444
2.05839e-010	0.84294
2.0635e-010	0.84739
2.0686e-010	0.851793
2.07371e-010	0.856148
2.07882e-010	0.860455
2.08393e-010	0.864712
2.08904e-010	0.868919
2.09414e-010	0.873074
2.09925e-010	0.877177
2.10436e-010	0.881226
2.10947e-010	0.885221
2.11457e-010	0.889161
2.11968e-010	0.893045
2.12479e-010	0.896872
2.1299e-010	0.900642
2.135e-010	0.904352
2.14011e-010	0.908003
2.14522e-010	0.911594
2.15033e-010	0.915123
2.15543e-010	0.918591
2.16054e-010	0.921996
2.16565e-010	0.925337
2.17076e-010	0.928613
2.17587e-010	0.931825
2.18097e-010	0.93497
2.18608e-010	0.938049
2.19119e-010	0.94106
2.1963e-010	0.944004
2.2014e-010	0.946878
2.20651e-010	0.949683
2.21162e-010	0.952418
2.21673e-010	0.955082
2.22183e-010	0.957674
2.22694e-010	0.960195
2.23205e-010	0.962642
2.23716e-010	0.965017
2.24227e-010	0.967318
2.24737e-010	0.969544
2.25248e-010	0.971695
2.25759e-010	0.973771
2.2627e-010	0.975771
2.2678e-010	0.977694
2.27291e-010	0.979541
2.27802e-010	0.98131
2.28313e-010	0.983001
2.28823e-010	0.984614
2.29334e-010	0.986149
2.29845e-010	0.987604
2.30356e-010	0.98898
2.30866e-010	0.990277
2.31377e-010	0.991493
2.31888e-010	0.99263
2.32399e-010	0.993685
2.3291e-010	0.99466
2.3342e-010	0.995554
2.33931e-010	0.996366
2.34442e-010	0.997097
2.34953e-010	0.997746
2.35463e-010	0.998314
2.35974e-010	0.998799
2.36485e-010	0.999203
2.36996e-010	0.999524
2.37506e-010	0.999763
2.38017e-010	0.999919
2.38528e-010	0.999993
2.39039e-010	0.999985
2.3955e-010	0.999895
2.4006e-010	0.999722
2.40571e-010	0.999466
2.41082e-010	0.999129
2.41593e-010	0.998709
2.42103e-010	0.998207
2.42614e-010	0.997623
2.43125e-010	0.996958
2.43636e-010	0.996211
2.44146e-010	0.995382
2.44657e-010	0.994472
2.45168e-010	0.993481
2.45679e-010	0.992409
2.46189e-010	0.991257
2.467e-010	0.990025
2.47211e-010	0.988712
2.47722e-010	0.98732
2.48233e-010	0.985849
2.48743e-010	0.984299
2.49254e-010	0.98267
2.49765e-010	0.980963
2.50276e-010	0.979179
2.50786e-010	0.977317
2.51297e-010	0.975378
2.51808e-010	0.973363
2.52319e-010	0.971272
2.52829e-010	0.969106
2.5334e-010	0.966865
2.53851e-010	0.964549
2.54362e-010	0.96216
2.54873e-010	0.959698
2.55383e-010	0.957163
2.55894e-010	0.954556
2.56405e-010	0.951878
2.56916e-010	0.949129
2.57426e-010	0.94631
2.57937e-010	0.943422
2.58448e-010	0.940465
2.58959e-010	0.93744
2.59469e-010	0.934348
2.5998e-010	0.931189
2.60491e-010	0.927965
2.61002e-010	0.924675
2.61512e-010	0.921321
2.62023e-010	0.917904
2.62534e-010	0.914424
2.63045e-010	0.910883
2.63556e-010	0.90728
2.64066e-010	0.903617
2.64577e-010	0.899894
2.65088e-010	0.896114
2.65599e-010	0.892275
2.66109e-010	0.88838
2.6662e-010	0.884429
2.67131e-010	0.880423
2.67642e-010	0.876362
2.68152e-010	0.872249
2.68663e-010	0.868084
2.69174e-010	0.863867
2.69685e-010	0.8596
2.70195e-010	0.855283
2.70706e-010	0.850918
2.71217e-010	0.846506
2.71728e-010	0.842047
2.72239e-010	0.837542
2.72749e-010	0.832993
2.7326e-010	0.828401
2.73771e-010	0.823765
2.74282e-010	0.819089
2.74792e-010	0.814371
2.75303e-010	0.809615
2.75814e-010	0.804819
2.76325e-010	0.799987
2.76835e-010	0.795117
2.77346e-010	0.790212
2.77857e-010	0.785273
2.78368e-010	0.7803
2.78879e-010	0.775295
2.79389e-010	0.770259
2.799e-010	0.765192
2.80411e-010	0.760096
2.80922e-010	0.754972
2.81432e-010	0.74982
2.81943e-010	0.744643
2.82454e-010	0.73944
2.82965e-010	0.734213
2.83475e-010	0.728962
2.83986e-010	0.72369
2.84497e-010	0.718397
2.85008e-010	0.713083
2.85518e-010	0.707751
2.86029e-010	0.702401
2.8654e-010	0.697033
2.87051e-010	0.69165
2.87562e-010	0.686251
2.88072e-010	0.680839
2.88583e-010	0.675414
2.89094e-010	0.669977
2.89605e-010	0.664528
2.90115e-010	0.65907
2.90626e-010	0.653603
2.91137e-010	0.648128
2.91648e-010	0.642645
2.92158e-010	0.637157
2.92669e-010	0.631663
2.9318e-010	0.626165
2.93691e-010	0.620664
2.94202e-010	0.61516
2.94712e-010	0.609655
2.95223e-010	0.60415
2.95734e-010	0.598645
2.96245e-010	0.593141
2.96755e-010	0.587639
2.97266e-010	0.582141
2.97777e-010	0.576646
2.98288e-010	0.571156
2.98798e-010	0.565672
2.99309e-010	0.560194
2.9982e-010	0.554724
3.00331e-010	0.549262
3.00841e-010	0.543809
3.01352e-010	0.538365
3.01863e-010	0.532932
3.02374e-010	0.527511
3.02885e-010	0.522102
3.03395e-010	0.516705
3.03906e-010	0.511322
3.04417e-010	0.505954
3.04928e-010	0.5006
3.05438e-010	0.495263
3.05949e-010	0.489942
3.0646e-010	0.484638
3.06971e-010	0.479353
3.07481e-010	0.474085
3.07992e-010	0.468837
3.08503e-010	0.463609
3.09014e-010	0.458402
3.09525e-010	0.453215
3.10035e-010	0.448051
3.10546e-010	0.442908
3.11057e-010	0.437789
3.11568e-010	0.432693
3.12078e-010	0.427622
3.12589e-010	0.422575
3.131e-010	0.417553
3.13611e-010	0.412556
3.14121e-010	0.407586
3.14632e-010	0.402643
3.15143e-010	0.397727
3.15654e-010	0.392838
3.16164e-010	0.387978
3.16675e-010	0.383146
3.17186e-010	0.378343
3.17697e-010	0.37357
3.18208e-010	0.368826
3.18718e-010	0.364113
3.19229e-010	0.35943
3.1974e-010	0.354778
3.20251e-010	0.350158
3.20761e-010	0.345569
3.21272e-010	0.341013
3.21783e-010	0.336488
3.22294e-010	0.331997
3.22804e-010	0.327538
3.23315e-010	0.323113
3.23826e-010	0.318721
3.24337e-010	0.314363
3.24848e-010	0.310039
3.25358e-010	0.305749
3.25869e-010	0.301494
3.2638e-010	0.297273
3.26891e-010	0.293088
3.27401e-010	0.288937
3.27912e-010	0.284822
3.28423e-010	0.280742
3.28934e-010	0.276698
3.29444e-010	0.27269
3.29955e-010	0.268718
3.30466e-010	0.264782
3.30977e-010	0.260881
3.31487e-010	0.257018
3.31998e-010	0.25319
3.32509e-010	0.249399
3.3302e-010	0.245645
3.33531e-010	0.241927
3.34041e-010	0.238245
3.34552e-010	0.234601
3.35063e-010	0.230993
3.35574e-010	0.227422
3.36084e-010	0.223887
3.36595e-010	0.22039
3.37106e-010	0.216929
3.37617e-010	0.213505
3.38127e-010	0.210118
3.38638e-010	0.206767
3.39149e-010	0.203453
3.3966e-010	0.200176
3.40171e-010	0.196935
3.40681e-010	0.193731
3.41192e-010	0.190563
3.41703e-010	0.187431
3.42214e-010	0.184336
3.42724e-010	0.181277
3.43235e-010	0.178254
3.43746e-010	0.175267
3.44257e-010	0.172316
3.44767e-010	0.1694
3.45278e-010	0.166521
3.45789e-010	0.163676
3.463e-010	0.160867
3.4681e-010	0.158093
3.47321e-010	0.155355
3.47832e-010	0.152651
3.48343e-010	0.149982
3.48854e-010	0.147347
3.49364e-010	0.144747
3.49875e-010	0.14218
3.50386e-010	0.139648
3.50897e-010	0.13715
3.51407e-010	0.134685
3.51918e-010	0.132254
3.52429e-010	0.129855
3.5294e-010	0.12749
3.5345e-010	0.125158
3.53961e-010	0.122858
3.54472e-010	0.12059
3.54983e-010	0.118355
3.55494e-010	0.116151
3.56004e-010	0.113979
3.56515e-010	0.111839
3.57026e-010	0.109729
3.57537e-010	0.107651
3.58047e-010	0.105603
3.58558e-010	0.103586
3.59069e-010	0.101599
3.5958e-010	0.0996412
3.6009e-010	0.0977136
3.60601e-010	0.0958153
3.61112e-010	0.0939462
3.61623e-010	0.0921059
3.62133e-010	0.0902943
3.62644e-010	0.088511
3.63155e-010	0.0867558
3.63666e-010	0.0850283
3.64177e-010	0.0833284
3.64687e-010	0.0816558
3.65198e-010	0.0800101
3.65709e-010	0.0783912
3.6622e-010	0.0767986
3.6673e-010	0.0752323
3.67241e-010	0.0736918
3.67752e-010	0.0721769
3.68263e-010	0.0706873
3.68773e-010	0.0692228
3.69284e-010	0.067783
3.69795e-010	0.0663677
3.70306e-010	0.0649766
3.70817e-010	0.0636094
3.71327e-010	0.0622658
3.71838e-010	0.0609456
3.72349e-010	0.0596485
3.7286e-010	0.0583742
3.7337e-010	0.0571224
3.73881e-010	0.0558928
3.74392e-010	0.0546852
3.74903e-010	0.0534993
3.75413e-010	0.0523348
3.75924e-010	0.0511914
3.76435e-010	0.0500688
3.76946e-010	0.0489669
3.77456e-010	0.0478852
3.77967e-010	0.0468236
3.78478e-010	0.0457818
3.78989e-010	0.0447594
3.795e-010	0.0437563
3.8001e-010	0.0427721
3.80521e-010	0.0418066
3.81032e-010	0.0408596
3.81543e-010	0.0399307
3.82053e-010	0.0390197
3.82564e-010	0.0381264
3.83075e-010	0.0372504
3.83586e-010	0.0363916
3.84096e-010	0.0355496
3.84607e-010	0.0347243
3.85118e-010	0.0339153
3.85629e-010	0.0331224
3.86139e-010	0.0323454
3.8665e-010	0.0315841
3.87161e-010	0.0308381
3.87672e-010	0.0301072
3.88183e-010	0.0293913
3.88693e-010	0.02869
3.89204e-010	0.0280031
3.89715e-010	0.0273305
3.90226e-010	0.0266718
3.90736e-010	0.0260268
3.91247e-010	0.0253953
3.91758e-010	0.0247771
3.92269e-010	0.024172
3.92779e-010	0.0235797
3.9329e-010	0.023
3.93801e-010	0.0224327
3.94312e-010	0.0218776
3.94823e-010	0.0213345
3.95333e-010	0.0208032
3.95844e-010	0.0202834
3.96355e-010	0.019775
3.96866e-010	0.0192777
3.97376e-010	0.0187914
3.97887e-010	0.0183158
3.98398e-010	0.0178509
3.98909e-010	0.0173962
3.99419e-010	0.0169518
3.9993e-010	0.0165174
4.00441e-010	0.0160927
4.00952e-010	0.0156777
4.01462e-010	0.0152721
4.01973e-010	0.0148758
4.02484e-010	0.0144886
4.02995e-010	0.0141103
4.03506e-010	0.0137408
4.04016e-010	0.0133798
4.04527e-010	0.0130273
4.05038e-010	0.0126829
4.05549e-010	0.0123467
4.06059e-010	0.0120184
4.0657e-010	0.0116978
4.07081e-010	0.0113849
4.07592e-010	0.0110794
4.08102e-010	0.0107813
4.08613e-010	0.0104903
4.09124e-010	0.0102063
4.09635e-010	0.00992914
4.10146e-010	0.00965875
4.10656e-010	0.00939494
4.11167e-010	0.00913759
4.11678e-010	0.00888655
4.12189e-010	0.0086417
4.12699e-010	0.0084029
4.1321e-010	0.00817003
4.13721e-010	0.00794296
4.14232e-010	0.00772156
4.14742e-010	0.00750572
4.15253e-010	0.0072953
4.15764e-010	0.00709021
4.16275e-010	0.00689031
4.16785e-010	0.00669549
4.17296e-010	0.00650565
4.17807e-010	0.00632067
4.18318e-010	0.00614044
4.18829e-010	0.00596486
4.19339e-010	0.00579382
4.1985e-010	0.00562723
4.20361e-010	0.00546497
4.20872e-010	0.00530695
4.21382e-010	0.00515308
4.21893e-010	0.00500326
4.22404e-010	0.0048574
4.22915e-010	0.00471539
4.23425e-010	0.00457717
4.23936e-010	0.00444262
4.24447e-010	0.00431168
4.24958e-010	0.00418425
4.25469e-010	0.00406026
4.25979e-010	0.00393961
4.2649e-010	0.00382224
4.27001e-010	0.00370805
4.27512e-010	0.00359698
4.28022e-010	0.00348895
4.28533e-010	0.00338389
4.29044e-010	0.00328171
4.29555e-010	0.00318237
4.30065e-010	0.00308577
4.30576e-010	0.00299186
4.31087e-010	0.00290057
4.31598e-010	0.00281183
4.32108e-010	0.00272559
4.32619e-010	0.00264177
4.3313e-010	0.00256031
4.33641e-010	0.00248117
4.34152e-010	0.00240427
4.34662e-010	0.00232957
4.35173e-010	0.002257
4.35684e-010	0.00218651
4.36195e-010	0.00211804
4.36705e-010	0.00205155
4.37216e-010	0.00198699
4.37727e-010	0.0019243
4.38238e-010	0.00186343
4.38748e-010	0.00180434
4.39259e-010	0.00174698
4.3977e-010	0.0016913
4.40281e-010	0.00163727
4.40792e-010	0.00158483
4.41302e-010	0.00153394
4.41813e-010	0.00148456
4.42324e-010	0.00143666
4.42835e-010	0.00139018
4.43345e-010	0.0013451
4.43856e-010	0.00130138
4.44367e-010	0.00125897
4.44878e-010	0.00121784
4.45388e-010	0.00117796
4.45899e-010	0.00113929
4.4641e-010	0.0011018
4.46921e-010	0.00106546
4.47431e-010	0.00103023
4.47942e-010	0.000996078
4.48453e-010	0.000962983
4.48964e-010	0.000930911
4.49475e-010	0.000899833
4.49985e-010	0.000869721
4.50496e-010	0.000840547
4.51007e-010	0.000812285
4.51518e-010	0.000784909
4.52028e-010	0.000758393
4.52539e-010	0.000732712
4.5305e-010	0.000707842
4.53561e-010	0.00068376
4.54071e-010	0.000660444
4.54582e-010	0.000637869
4.55093e-010	0.000616016
4.55604e-010	0.000594862
4.56115e-010	0.000574387
4.56625e-010	0.000554571
4.57136e-010	0.000535395
4.57647e-010	0.00051684
4.58158e-010	0.000498886
4.58668e-010	0.000481516
4.59179e-010	0.000464713
4.5969e-010	0.000448459
4.60201e-010	0.000432738
4.60711e-010	0.000417534
4.61222e-010	0.000402831
4.61733e-010	0.000388613
4.62244e-010	0.000374866
4.62754e-010	0.000361576
4.63265e-010	0.000348729
4.63776e-010	0.00033631
4.64287e-010	0.000324306
4.64798e-010	0.000312706
4.65308e-010	0.000301495
4.65819e-010	0.000290662
4.6633e-010	0.000280196
4.66841e-010	0.000270084
4.67351e-010	0.000260316
4.67862e-010	0.00025088
4.68373e-010	0.000241766
4.68884e-010	0.000232964
4.69394e-010	0.000224465
4.69905e-010	0.000216257
4.70416e-010	0.000208332
4.70927e-010	0.000200682
4.71438e-010	0.000193296
4.71948e-010	0.000186167
4.72459e-010	0.000179286
4.7297e-010	0.000172645
4.73481e-010	0.000166236
4.73991e-010	0.000160052
4.74502e-010	0.000154086
4.75013e-010	0.000148329
4.75524e-010	0.000142776
4.76034e-010	0.00013742
4.76545e-010	0.000132253
4.77056e-010	0.00012727
