2.55383e-013	0.000125808
7.6615e-013	0.000130737
1.27692e-012	0.000135847
1.78768e-012	0.000141146
2.29845e-012	0.000146639
2.80922e-012	0.000152334
3.31998e-012	0.000158237
3.83075e-012	0.000164354
4.34152e-012	0.000170695
4.85228e-012	0.000177265
5.36305e-012	0.000184073
5.87382e-012	0.000191127
6.38458e-012	0.000198435
6.89535e-012	0.000206005
7.40611e-012	0.000213846
7.91688e-012	0.000221968
8.42765e-012	0.000230379
8.93841e-012	0.000239089
9.44918e-012	0.000248108
9.95995e-012	0.000257445
1.04707e-011	0.000267113
1.09815e-011	0.00027712
1.14922e-011	0.000287479
1.2003e-011	0.0002982
1.25138e-011	0.000309296
1.30245e-011	0.000320778
1.35353e-011	0.000332659
1.40461e-011	0.000344952
1.45568e-011	0.000357669
1.50676e-011	0.000370825
1.55784e-011	0.000384433
1.60891e-011	0.000398507
1.65999e-011	0.000413063
1.71107e-011	0.000428115
1.76214e-011	0.000443679
1.81322e-011	0.000459771
1.8643e-011	0.000476407
1.91537e-011	0.000493605
1.96645e-011	0.000511381
2.01753e-011	0.000529754
2.0686e-011	0.000548742
2.11968e-011	0.000568363
2.17076e-011	0.000588638
2.22183e-011	0.000609586
2.27291e-011	0.000631227
2.32399e-011	0.000653582
2.37506e-011	0.000676673
2.42614e-011	0.000700523
2.47722e-011	0.000725153
2.52829e-011	0.000750588
2.57937e-011	0.000776851
2.63045e-011	0.000803966
2.68152e-011	0.000831959
2.7326e-011	0.000860856
2.78368e-011	0.000890683
2.83475e-011	0.000921468
2.88583e-011	0.000953238
2.93691e-011	0.000986023
2.98798e-011	0.00101985
3.03906e-011	0.00105475
3.09014e-011	0.00109076
3.14121e-011	0.0011279
3.19229e-011	0.00116621
3.24337e-011	0.00120572
3.29444e-011	0.00124647
3.34552e-011	0.00128849
3.3966e-011	0.00133182
3.44767e-011	0.00137649
3.49875e-011	0.00142254
3.54983e-011	0.00147001
3.6009e-011	0.00151894
3.65198e-011	0.00156937
3.70306e-011	0.00162134
3.75413e-011	0.00167489
3.80521e-011	0.00173007
3.85629e-011	0.00178692
3.90736e-011	0.00184549
3.95844e-011	0.00190582
4.00952e-011	0.00196795
4.06059e-011	0.00203195
4.11167e-011	0.00209786
4.16275e-011	0.00216572
4.21382e-011	0.00223559
4.2649e-011	0.00230753
4.31598e-011	0.00238159
4.36705e-011	0.00245782
4.41813e-011	0.00253629
4.46921e-011	0.00261704
4.52028e-011	0.00270014
4.57136e-011	0.00278565
4.62244e-011	0.00287364
4.67351e-011	0.00296415
4.72459e-011	0.00305727
4.77567e-011	0.00315305
4.82674e-011	0.00325156
4.87782e-011	0.00335288
4.9289e-011	0.00345707
4.97997e-011	0.0035642
5.03105e-011	0.00367435
5.08213e-011	0.00378759
5.1332e-011	0.003904
5.18428e-011	0.00402365
5.23536e-011	0.00414663
5.28643e-011	0.00427302
5.33751e-011	0.0044029
5.38859e-011	0.00453635
5.43966e-011	0.00467346
5.49074e-011	0.00481432
5.54182e-011	0.00495901
5.59289e-011	0.00510763
5.64397e-011	0.00526028
5.69505e-011	0.00541704
5.74612e-011	0.00557801
5.7972e-011	0.00574329
5.84828e-011	0.00591298
5.89935e-011	0.00608719
5.95043e-011	0.00626601
6.00151e-011	0.00644955
6.05258e-011	0.00663792
6.10366e-011	0.00683123
6.15474e-011	0.00702959
6.20581e-011	0.00723311
6.25689e-011	0.00744191
6.30797e-011	0.00765611
6.35904e-011	0.00787583
6.41012e-011	0.00810118
6.4612e-011	0.0083323
6.51227e-011	0.0085693
6.56335e-011	0.00881232
6.61443e-011	0.00906149
6.6655e-011	0.00931693
6.71658e-011	0.00957878
6.76766e-011	0.00984718
6.81873e-011	0.0101223
6.86981e-011	0.0104042
6.92089e-011	0.0106931
6.97196e-011	0.0109891
7.02304e-011	0.0112923
7.07412e-011	0.011603
7.12519e-011	0.0119212
7.17627e-011	0.0122472
7.22735e-011	0.012581
7.27842e-011	0.0129229
7.3295e-011	0.013273
7.38058e-011	0.0136314
7.43165e-011	0.0139984
7.48273e-011	0.014374
7.53381e-011	0.0147585
7.58488e-011	0.0151521
7.63596e-011	0.0155548
7.68704e-011	0.015967
7.73811e-011	0.0163887
7.78919e-011	0.0168202
7.84027e-011	0.0172616
7.89134e-011	0.0177131
7.94242e-011	0.018175
7.9935e-011	0.0186474
8.04457e-011	0.0191304
8.09565e-011	0.0196244
8.14673e-011	0.0201294
8.1978e-011	0.0206458
8.24888e-011	0.0211736
8.29996e-011	0.0217132
8.35103e-011	0.0222646
8.40211e-011	0.0228282
8.45319e-011	0.0234042
8.50426e-011	0.0239926
8.55534e-011	0.0245939
8.60642e-011	0.0252081
8.65749e-011	0.0258356
8.70857e-011	0.0264765
8.75965e-011	0.0271311
8.81072e-011	0.0277995
8.8618e-011	0.0284821
8.91288e-011	0.029179
8.96395e-011	0.0298905
9.01503e-011	0.0306169
9.06611e-011	0.0313583
9.11718e-011	0.032115
9.16826e-011	0.0328873
9.21934e-011	0.0336753
9.27041e-011	0.0344794
9.32149e-011	0.0352998
9.37257e-011	0.0361368
9.42364e-011	0.0369905
9.47472e-011	0.0378613
9.5258e-011	0.0387494
9.57687e-011	0.0396551
9.62795e-011	0.0405785
9.67903e-011	0.0415201
9.7301e-011	0.04248
9.78118e-011	0.0434585
9.83226e-011	0.0444559
9.88333e-011	0.0454725
9.93441e-011	0.0465085
9.98549e-011	0.0475641
1.00366e-010	0.0486397
1.00876e-010	0.0497355
1.01387e-010	0.0508518
1.01898e-010	0.0519889
1.02409e-010	0.0531471
1.02919e-010	0.0543265
1.0343e-010	0.0555276
1.03941e-010	0.0567505
1.04452e-010	0.0579956
1.04963e-010	0.0592631
1.05473e-010	0.0605534
1.05984e-010	0.0618666
1.06495e-010	0.0632031
1.07006e-010	0.0645632
1.07516e-010	0.0659471
1.08027e-010	0.0673551
1.08538e-010	0.0687875
1.09049e-010	0.0702445
1.09559e-010	0.0717266
1.1007e-010	0.0732338
1.10581e-010	0.0747666
1.11092e-010	0.0763252
1.11602e-010	0.0779098
1.12113e-010	0.0795208
1.12624e-010	0.0811584
1.13135e-010	0.0828229
1.13646e-010	0.0845146
1.14156e-010	0.0862337
1.14667e-010	0.0879805
1.15178e-010	0.0897554
1.15689e-010	0.0915585
1.16199e-010	0.0933901
1.1671e-010	0.0952505
1.17221e-010	0.09714
1.17732e-010	0.0990588
1.18242e-010	0.101007
1.18753e-010	0.102985
1.19264e-010	0.104994
1.19775e-010	0.107032
1.20286e-010	0.109102
1.20796e-010	0.111202
1.21307e-010	0.113333
1.21818e-010	0.115495
1.22329e-010	0.117689
1.22839e-010	0.119915
1.2335e-010	0.122173
1.23861e-010	0.124463
1.24372e-010	0.126786
1.24882e-010	0.129141
1.25393e-010	0.131529
1.25904e-010	0.133951
1.26415e-010	0.136406
1.26925e-010	0.138894
1.27436e-010	0.141416
1.27947e-010	0.143972
1.28458e-010	0.146562
1.28969e-010	0.149186
1.29479e-010	0.151845
1.2999e-010	0.154538
1.30501e-010	0.157267
1.31012e-010	0.16003
1.31522e-010	0.162828
1.32033e-010	0.165662
1.32544e-010	0.168531
1.33055e-010	0.171436
1.33565e-010	0.174376
1.34076e-010	0.177353
1.34587e-010	0.180365
1.35098e-010	0.183413
1.35609e-010	0.186497
1.36119e-010	0.189618
1.3663e-010	0.192775
1.37141e-010	0.195968
1.37652e-010	0.199198
1.38162e-010	0.202464
1.38673e-010	0.205767
1.39184e-010	0.209107
1.39695e-010	0.212483
1.40205e-010	0.215896
1.40716e-010	0.219346
1.41227e-010	0.222832
1.41738e-010	0.226356
1.42248e-010	0.229916
1.42759e-010	0.233513
1.4327e-010	0.237146
1.43781e-010	0.240816
1.44292e-010	0.244523
1.44802e-010	0.248267
1.45313e-010	0.252047
1.45824e-010	0.255864
1.46335e-010	0.259716
1.46845e-010	0.263606
1.47356e-010	0.267531
1.47867e-010	0.271493
1.48378e-010	0.27549
1.48888e-010	0.279523
1.49399e-010	0.283592
1.4991e-010	0.287697
1.50421e-010	0.291837
1.50932e-010	0.296012
1.51442e-010	0.300222
1.51953e-010	0.304467
1.52464e-010	0.308746
1.52975e-010	0.31306
1.53485e-010	0.317408
1.53996e-010	0.321789
1.54507e-010	0.326205
1.55018e-010	0.330653
1.55528e-010	0.335135
1.56039e-010	0.33965
1.5655e-010	0.344197
1.57061e-010	0.348776
1.57571e-010	0.353387
1.58082e-010	0.358029
1.58593e-010	0.362702
1.59104e-010	0.367407
1.59615e-010	0.372141
1.60125e-010	0.376906
1.60636e-010	0.3817
1.61147e-010	0.386523
1.61658e-010	0.391375
1.62168e-010	0.396255
1.62679e-010	0.401163
1.6319e-010	0.406098
1.63701e-010	0.41106
1.64211e-010	0.416048
1.64722e-010	0.421063
1.65233e-010	0.426102
1.65744e-010	0.431167
1.66255e-010	0.436255
1.66765e-010	0.441367
1.67276e-010	0.446503
1.67787e-010	0.451661
1.68298e-010	0.456841
1.68808e-010	0.462042
1.69319e-010	0.467264
1.6983e-010	0.472506
1.70341e-010	0.477768
1.70851e-010	0.483048
1.71362e-010	0.488346
1.71873e-010	0.493662
1.72384e-010	0.498995
1.72894e-010	0.504343
1.73405e-010	0.509707
1.73916e-010	0.515086
1.74427e-010	0.520478
1.74938e-010	0.525884
1.75448e-010	0.531302
1.75959e-010	0.536731
1.7647e-010	0.542172
1.76981e-010	0.547622
1.77491e-010	0.553082
1.78002e-010	0.55855
1.78513e-010	0.564025
1.79024e-010	0.569507
1.79534e-010	0.574996
1.80045e-010	0.580489
1.80556e-010	0.585986
1.81067e-010	0.591487
1.81578e-010	0.596991
1.82088e-010	0.602495
1.82599e-010	0.608001
1.8311e-010	0.613506
1.83621e-010	0.61901
1.84131e-010	0.624512
1.84642e-010	0.630011
1.85153e-010	0.635506
1.85664e-010	0.640996
1.86174e-010	0.646481
1.86685e-010	0.651958
1.87196e-010	0.657428
1.87707e-010	0.662889
1.88217e-010	0.66834
1.88728e-010	0.673781
1.89239e-010	0.67921
1.8975e-010	0.684626
1.90261e-010	0.690029
1.90771e-010	0.695417
1.91282e-010	0.700789
1.91793e-010	0.706145
1.92304e-010	0.711483
1.92814e-010	0.716802
1.93325e-010	0.722101
1.93836e-010	0.72738
1.94347e-010	0.732637
1.94857e-010	0.737871
1.95368e-010	0.743081
1.95879e-010	0.748267
1.9639e-010	0.753426
1.969e-010	0.758559
1.97411e-010	0.763664
1.97922e-010	0.768739
1.98433e-010	0.773785
1.98944e-010	0.7788
1.99454e-010	0.783782
1.99965e-010	0.788732
2.00476e-010	0.793647
2.00987e-010	0.798527
2.01497e-010	0.803371
2.02008e-010	0.808178
2.02519e-010	0.812946
2.0303e-010	0.817675
2.0354e-010	0.822364
2.04051e-010	0.827012
2.04562e-010	0.831617
2.05073e-010	0.83618
2.05584e-010	0.840698
2.06094e-010	0.84517
2.06605e-010	0.849597
2.07116e-010	0.853976
2.07627e-010	0.858307
2.08137e-010	0.86259
2.08648e-010	0.866822
2.09159e-010	0.871003
2.0967e-010	0.875132
2.1018e-010	0.879208
2.10691e-010	0.88323
2.11202e-010	0.887198
2.11713e-010	0.89111
2.12223e-010	0.894966
2.12734e-010	0.898764
2.13245e-010	0.902504
2.13756e-010	0.906185
2.14267e-010	0.909806
2.14777e-010	0.913366
2.15288e-010	0.916865
2.15799e-010	0.920301
2.1631e-010	0.923674
2.1682e-010	0.926983
2.17331e-010	0.930227
2.17842e-010	0.933406
2.18353e-010	0.936518
2.18863e-010	0.939563
2.19374e-010	0.94254
2.19885e-010	0.945449
2.20396e-010	0.948289
2.20907e-010	0.951059
2.21417e-010	0.953759
2.21928e-010	0.956387
2.22439e-010	0.958944
2.2295e-010	0.961428
2.2346e-010	0.963839
2.23971e-010	0.966177
2.24482e-010	0.96844
2.24993e-010	0.970629
2.25503e-010	0.972742
2.26014e-010	0.97478
2.26525e-010	0.976742
2.27036e-010	0.978627
2.27546e-010	0.980435
2.28057e-010	0.982165
2.28568e-010	0.983818
2.29079e-010	0.985391
2.2959e-010	0.986886
2.301e-010	0.988302
2.30611e-010	0.989639
2.31122e-010	0.990895
2.31633e-010	0.992072
2.32143e-010	0.993168
2.32654e-010	0.994183
2.33165e-010	0.995117
2.33676e-010	0.99597
2.34186e-010	0.996742
2.34697e-010	0.997432
2.35208e-010	0.99804
2.35719e-010	0.998567
2.3623e-010	0.999011
2.3674e-010	0.999373
2.37251e-010	0.999654
2.37762e-010	0.999851
2.38273e-010	0.999967
2.38783e-010	1
2.39294e-010	0.99995
2.39805e-010	0.999818
2.40316e-010	0.999604
2.40826e-010	0.999308
2.41337e-010	0.998929
2.41848e-010	0.998468
2.42359e-010	0.997926
2.42869e-010	0.997301
2.4338e-010	0.996594
2.43891e-010	0.995807
2.44402e-010	0.994937
2.44913e-010	0.993987
2.45423e-010	0.992955
2.45934e-010	0.991843
2.46445e-010	0.990651
2.46956e-010	0.989379
2.47466e-010	0.988026
2.47977e-010	0.986595
2.48488e-010	0.985084
2.48999e-010	0.983494
2.49509e-010	0.981826
2.5002e-010	0.980081
2.50531e-010	0.978257
2.51042e-010	0.976357
2.51553e-010	0.97438
2.52063e-010	0.972327
2.52574e-010	0.970198
2.53085e-010	0.967995
2.53596e-010	0.965716
2.54106e-010	0.963364
2.54617e-010	0.960938
2.55128e-010	0.958439
2.55639e-010	0.955868
2.56149e-010	0.953226
2.5666e-010	0.950512
2.57171e-010	0.947728
2.57682e-010	0.944875
2.58192e-010	0.941952
2.58703e-010	0.938961
2.59214e-010	0.935902
2.59725e-010	0.932777
2.60236e-010	0.929585
2.60746e-010	0.926328
2.61257e-010	0.923006
2.61768e-010	0.919621
2.62279e-010	0.916172
2.62789e-010	0.912661
2.633e-010	0.909089
2.63811e-010	0.905456
2.64322e-010	0.901763
2.64832e-010	0.898011
2.65343e-010	0.894202
2.65854e-010	0.890334
2.66365e-010	0.886411
2.66876e-010	0.882432
2.67386e-010	0.878399
2.67897e-010	0.874312
2.68408e-010	0.870173
2.68919e-010	0.865982
2.69429e-010	0.861739
2.6994e-010	0.857448
2.70451e-010	0.853107
2.70962e-010	0.848718
2.71472e-010	0.844282
2.71983e-010	0.8398
2.72494e-010	0.835273
2.73005e-010	0.830702
2.73515e-010	0.826088
2.74026e-010	0.821432
2.74537e-010	0.816735
2.75048e-010	0.811998
2.75559e-010	0.807222
2.76069e-010	0.802408
2.7658e-010	0.797556
2.77091e-010	0.792669
2.77602e-010	0.787747
2.78112e-010	0.782791
2.78623e-010	0.777802
2.79134e-010	0.772781
2.79645e-010	0.767729
2.80155e-010	0.762648
2.80666e-010	0.757537
2.81177e-010	0.752399
2.81688e-010	0.747235
2.82199e-010	0.742044
2.82709e-010	0.736829
2.8322e-010	0.73159
2.83731e-010	0.726329
2.84242e-010	0.721046
2.84752e-010	0.715742
2.85263e-010	0.710419
2.85774e-010	0.705078
2.86285e-010	0.699719
2.86795e-010	0.694343
2.87306e-010	0.688952
2.87817e-010	0.683547
2.88328e-010	0.678128
2.88838e-010	0.672697
2.89349e-010	0.667254
2.8986e-010	0.6618
2.90371e-010	0.656338
2.90882e-010	0.650866
2.91392e-010	0.645387
2.91903e-010	0.639902
2.92414e-010	0.63441
2.92925e-010	0.628915
2.93435e-010	0.623415
2.93946e-010	0.617912
2.94457e-010	0.612408
2.94968e-010	0.606903
2.95478e-010	0.601397
2.95989e-010	0.595893
2.965e-010	0.59039
2.97011e-010	0.58489
2.97522e-010	0.579393
2.98032e-010	0.573901
2.98543e-010	0.568413
2.99054e-010	0.562932
2.99565e-010	0.557458
3.00075e-010	0.551992
3.00586e-010	0.546534
3.01097e-010	0.541086
3.01608e-010	0.535647
3.02118e-010	0.53022
3.02629e-010	0.524805
3.0314e-010	0.519402
3.03651e-010	0.514012
3.04161e-010	0.508636
3.04672e-010	0.503275
3.05183e-010	0.49793
3.05694e-010	0.4926
3.06205e-010	0.487288
3.06715e-010	0.481993
3.07226e-010	0.476717
3.07737e-010	0.471459
3.08248e-010	0.466221
3.08758e-010	0.461003
3.09269e-010	0.455806
3.0978e-010	0.45063
3.10291e-010	0.445477
3.10801e-010	0.440346
3.11312e-010	0.435238
3.11823e-010	0.430154
3.12334e-010	0.425095
3.12845e-010	0.42006
3.13355e-010	0.415051
3.13866e-010	0.410068
3.14377e-010	0.405111
3.14888e-010	0.400181
3.15398e-010	0.395279
3.15909e-010	0.390405
3.1642e-010	0.385558
3.16931e-010	0.380741
3.17441e-010	0.375953
3.17952e-010	0.371194
3.18463e-010	0.366466
3.18974e-010	0.361768
3.19484e-010	0.3571
3.19995e-010	0.352464
3.20506e-010	0.34786
3.21017e-010	0.343287
3.21528e-010	0.338747
3.22038e-010	0.334239
3.22549e-010	0.329763
3.2306e-010	0.325321
3.23571e-010	0.320913
3.24081e-010	0.316538
3.24592e-010	0.312197
3.25103e-010	0.30789
3.25614e-010	0.303617
3.26124e-010	0.299379
3.26635e-010	0.295176
3.27146e-010	0.291008
3.27657e-010	0.286875
3.28167e-010	0.282778
3.28678e-010	0.278716
3.29189e-010	0.27469
3.297e-010	0.2707
3.30211e-010	0.266745
3.30721e-010	0.262827
3.31232e-010	0.258945
3.31743e-010	0.255099
3.32254e-010	0.25129
3.32764e-010	0.247517
3.33275e-010	0.243781
3.33786e-010	0.240081
3.34297e-010	0.236419
3.34807e-010	0.232792
3.35318e-010	0.229203
3.35829e-010	0.22565
3.3634e-010	0.222134
3.36851e-010	0.218655
3.37361e-010	0.215212
3.37872e-010	0.211807
3.38383e-010	0.208438
3.38894e-010	0.205105
3.39404e-010	0.20181
3.39915e-010	0.198551
3.40426e-010	0.195328
3.40937e-010	0.192142
3.41447e-010	0.188992
3.41958e-010	0.185879
3.42469e-010	0.182802
3.4298e-010	0.179761
3.4349e-010	0.176756
3.44001e-010	0.173787
3.44512e-010	0.170854
3.45023e-010	0.167956
3.45534e-010	0.165094
3.46044e-010	0.162267
3.46555e-010	0.159476
3.47066e-010	0.15672
3.47577e-010	0.153998
3.48087e-010	0.151312
3.48598e-010	0.14866
3.49109e-010	0.146042
3.4962e-010	0.143459
3.5013e-010	0.14091
3.50641e-010	0.138395
3.51152e-010	0.135913
3.51663e-010	0.133465
3.52174e-010	0.13105
3.52684e-010	0.128669
3.53195e-010	0.12632
3.53706e-010	0.124004
3.54217e-010	0.12172
3.54727e-010	0.119469
3.55238e-010	0.117249
3.55749e-010	0.115061
3.5626e-010	0.112905
3.5677e-010	0.11078
3.57281e-010	0.108686
3.57792e-010	0.106623
3.58303e-010	0.104591
3.58813e-010	0.102588
3.59324e-010	0.100616
3.59835e-010	0.0986737
3.60346e-010	0.0967608
3.60857e-010	0.0948771
3.61367e-010	0.0930225
3.61878e-010	0.0911965
3.62389e-010	0.0893991
3.629e-010	0.0876299
3.6341e-010	0.0858886
3.63921e-010	0.084175
3.64432e-010	0.0824887
3.64943e-010	0.0808296
3.65453e-010	0.0791973
3.65964e-010	0.0775916
3.66475e-010	0.0760122
3.66986e-010	0.0744588
3.67497e-010	0.0729311
3.68007e-010	0.0714289
3.68518e-010	0.0699519
3.69029e-010	0.0684998
3.6954e-010	0.0670723
3.7005e-010	0.0656691
3.70561e-010	0.06429
3.71072e-010	0.0629347
3.71583e-010	0.0616028
3.72093e-010	0.0602942
3.72604e-010	0.0590085
3.73115e-010	0.0577455
3.73626e-010	0.0565048
3.74136e-010	0.0552863
3.74647e-010	0.0540895
3.75158e-010	0.0529144
3.75669e-010	0.0517604
3.7618e-010	0.0506275
3.7669e-010	0.0495153
3.77201e-010	0.0484235
3.77712e-010	0.0473519
3.78223e-010	0.0463003
3.78733e-010	0.0452682
3.79244e-010	0.0442555
3.79755e-010	0.0432619
3.80266e-010	0.0422871
3.80776e-010	0.0413308
3.81287e-010	0.0403929
3.81798e-010	0.039473
3.82309e-010	0.0385709
3.8282e-010	0.0376862
3.8333e-010	0.0368189
3.83841e-010	0.0359685
3.84352e-010	0.0351349
3.84863e-010	0.0343177
3.85373e-010	0.0335169
3.85884e-010	0.032732
3.86395e-010	0.0319628
3.86906e-010	0.0312092
3.87416e-010	0.0304708
3.87927e-010	0.0297474
3.88438e-010	0.0290388
3.88949e-010	0.0283448
3.89459e-010	0.0276651
3.8997e-010	0.0269994
3.90481e-010	0.0263476
3.90992e-010	0.0257094
3.91503e-010	0.0250846
3.92013e-010	0.0244729
3.92524e-010	0.0238743
3.93035e-010	0.0232883
3.93546e-010	0.0227148
3.94056e-010	0.0221537
3.94567e-010	0.0216046
3.95078e-010	0.0210674
3.95589e-010	0.0205419
3.96099e-010	0.0200278
3.9661e-010	0.019525
3.97121e-010	0.0190332
3.97632e-010	0.0185523
3.98143e-010	0.018082
3.98653e-010	0.0176223
3.99164e-010	0.0171728
3.99675e-010	0.0167333
4.00186e-010	0.0163038
4.00696e-010	0.015884
4.01207e-010	0.0154738
4.01718e-010	0.0150729
4.02229e-010	0.0146811
4.02739e-010	0.0142984
4.0325e-010	0.0139245
4.03761e-010	0.0135592
4.04272e-010	0.0132025
4.04782e-010	0.0128541
4.05293e-010	0.0125138
4.05804e-010	0.0121816
4.06315e-010	0.0118572
4.06826e-010	0.0115404
4.07336e-010	0.0112313
4.07847e-010	0.0109294
4.08358e-010	0.0106349
4.08869e-010	0.0103474
4.09379e-010	0.0100669
4.0989e-010	0.00979311
4.10401e-010	0.00952603
4.10912e-010	0.00926547
4.11422e-010	0.00901129
4.11933e-010	0.00876336
4.12444e-010	0.00852155
4.12955e-010	0.00828574
4.13466e-010	0.00805578
4.13976e-010	0.00783156
4.14487e-010	0.00761295
4.14998e-010	0.00739984
4.15509e-010	0.0071921
4.16019e-010	0.00698961
4.1653e-010	0.00679227
4.17041e-010	0.00659995
4.17552e-010	0.00641256
4.18062e-010	0.00622996
4.18573e-010	0.00605207
4.19084e-010	0.00587878
4.19595e-010	0.00570997
4.20105e-010	0.00554556
4.20616e-010	0.00538544
4.21127e-010	0.00522951
4.21638e-010	0.00507767
4.22149e-010	0.00492984
4.22659e-010	0.00478592
4.2317e-010	0.00464581
4.23681e-010	0.00450944
4.24192e-010	0.00437671
4.24702e-010	0.00424753
4.25213e-010	0.00412183
4.25724e-010	0.00399952
4.26235e-010	0.00388052
4.26745e-010	0.00376475
4.27256e-010	0.00365213
4.27767e-010	0.00354259
4.28278e-010	0.00343605
4.28789e-010	0.00333244
4.29299e-010	0.00323169
4.2981e-010	0.00313373
4.30321e-010	0.00303848
4.30832e-010	0.00294589
4.31342e-010	0.00285589
4.31853e-010	0.0027684
4.32364e-010	0.00268338
4.32875e-010	0.00260075
4.33385e-010	0.00252046
4.33896e-010	0.00244244
4.34407e-010	0.00236665
4.34918e-010	0.00229302
4.35428e-010	0.00222149
4.35939e-010	0.00215202
4.3645e-010	0.00208456
4.36961e-010	0.00201903
4.37472e-010	0.00195541
4.37982e-010	0.00189364
4.38493e-010	0.00183367
4.39004e-010	0.00177545
4.39515e-010	0.00171893
4.40025e-010	0.00166408
4.40536e-010	0.00161085
4.41047e-010	0.00155919
4.41558e-010	0.00150906
4.42068e-010	0.00146043
4.42579e-010	0.00141324
4.4309e-010	0.00136747
4.43601e-010	0.00132307
4.44112e-010	0.00128001
4.44622e-010	0.00123825
4.45133e-010	0.00119775
4.45644e-010	0.00115847
4.46155e-010	0.0011204
4.46665e-010	0.00108349
4.47176e-010	0.0010477
4.47687e-010	0.00101302
4.48198e-010	0.000979401
4.48708e-010	0.000946821
4.49219e-010	0.00091525
4.4973e-010	0.000884658
4.50241e-010	0.000855019
4.50751e-010	0.000826304
4.51262e-010	0.000798488
4.51773e-010	0.000771545
4.52284e-010	0.000745449
4.52795e-010	0.000720177
4.53305e-010	0.000695704
4.53816e-010	0.000672008
4.54327e-010	0.000649065
4.54838e-010	0.000626854
4.55348e-010	0.000605353
4.55859e-010	0.000584541
4.5637e-010	0.000564398
4.56881e-010	0.000544905
4.57391e-010	0.000526041
4.57902e-010	0.000507789
4.58413e-010	0.000490129
4.58924e-010	0.000473045
4.59434e-010	0.000456518
4.59945e-010	0.000440533
4.60456e-010	0.000425072
4.60967e-010	0.000410121
4.61478e-010	0.000395662
4.61988e-010	0.000381682
4.62499e-010	0.000368165
4.6301e-010	0.000355098
4.63521e-010	0.000342466
4.64031e-010	0.000330257
4.64542e-010	0.000318456
4.65053e-010	0.000307052
4.65564e-010	0.000296032
4.66074e-010	0.000285384
4.66585e-010	0.000275096
4.67096e-010	0.000265158
4.67607e-010	0.000255557
4.68118e-010	0.000246283
4.68628e-010	0.000237327
4.69139e-010	0.000228677
4.6965e-010	0.000220325
4.70161e-010	0.00021226
4.70671e-010	0.000204473
4.71182e-010	0.000196956
4.71693e-010	0.0001897
4.72204e-010	0.000182696
4.72714e-010	0.000175936
4.73225e-010	0.000169412
4.73736e-010	0.000163117
4.74247e-010	0.000157042
4.74757e-010	0.000151182
4.75268e-010	0.000145528
4.75779e-010	0.000140074
4.7629e-010	0.000134813
4.76801e-010	0.000129739
4.77311e-010	0.000124846
