% time-domain current integration by openEMS v0.0.35 @Wed Apr 01 22:49:00 2020
% start-coordinates: (0.0428622,-0.0622767,0.0005) m -> [28,12,7]
% stop-coordinates: (0.0476296,-0.0602975,0.0005) m -> [33,15,7]
% t/s	current
2.55383266702e-013	-0
2.06860446029e-011	-1.17914233044e-007
4.1116705939e-011	-4.93611253205e-007
6.15473672752e-011	-1.70546218214e-006
8.19780286113e-011	-5.19808918398e-006
1.02408689948e-010	-1.3933147784e-005
1.22839351284e-010	-3.27492089127e-005
1.4327001262e-010	-6.75026531098e-005
1.63700673956e-010	-0.000122008757899
1.84131335292e-010	-0.000193332598428
2.04561996628e-010	-0.000268508563749
2.24992657964e-010	-0.000326725974446
2.45423319301e-010	-0.000348121131537
2.65853980637e-010	-0.000324456370436
2.86284641973e-010	-0.000263997644652
3.06715303309e-010	-0.000186678531463
3.27145964645e-010	-0.000113346090075
3.47576625981e-010	-5.69635267311e-005
3.68007287318e-010	-2.05973028642e-005
3.88437948654e-010	-9.46924615164e-007
4.0886860999e-010	7.04174681232e-006
4.29299271326e-010	7.67296205595e-006
4.49729932662e-010	4.2537230911e-006
4.70160593998e-010	-4.0153105374e-007
4.90591255335e-010	-3.95941788156e-006
5.11021916671e-010	-4.90586398882e-006
5.31452578007e-010	-2.7492933441e-006
5.51883239343e-010	2.18823379328e-006
5.72313900679e-010	9.19056128623e-006
5.92744562015e-010	1.71524807229e-005
6.13175223352e-010	2.43251815846e-005
6.33605884688e-010	2.83762365143e-005
6.54036546024e-010	2.72140205198e-005
6.7446720736e-010	2.03457893804e-005
6.94897868696e-010	9.71362715063e-006
7.15328530032e-010	-7.6751649658e-007
7.35759191369e-010	-7.1135636972e-006
7.56189852705e-010	-7.48081811253e-006
7.76620514041e-010	-3.21478228216e-006
7.97051175377e-010	2.06834010896e-006
8.17481836713e-010	4.79847858514e-006
8.37912498049e-010	3.60102694685e-006
8.58343159385e-010	-1.23286724829e-007
8.78773820722e-010	-3.4821312056e-006
8.99204482058e-010	-4.0928339331e-006
9.19635143394e-010	-1.37208110118e-006
9.4006580473e-010	3.54056646756e-006
9.60496466066e-010	8.77256479725e-006
9.80927127402e-010	1.27224011521e-005
1.00135778874e-009	1.46417669384e-005
1.02178845007e-009	1.47076834764e-005
1.04221911141e-009	1.36980988827e-005
1.06264977275e-009	1.24595599118e-005
1.08308043408e-009	1.14532722364e-005
1.10351109542e-009	1.07040714283e-005
1.12394175676e-009	1.00114621091e-005
1.14437241809e-009	9.05791875994e-006
1.16480307943e-009	7.41323856346e-006
1.18523374076e-009	4.76789273307e-006
1.2056644021e-009	1.38959319429e-006
1.22609506344e-009	-1.81735458682e-006
1.24652572477e-009	-3.86851115763e-006
1.26695638611e-009	-4.41804240836e-006
1.28738704744e-009	-3.84580971513e-006
1.30781770878e-009	-2.61532204604e-006
1.32824837012e-009	-6.55411895423e-007
1.34867903145e-009	2.47514958573e-006
1.36910969279e-009	6.72398800816e-006
1.38954035413e-009	1.10501232484e-005
1.40997101546e-009	1.38621526276e-005
1.4304016768e-009	1.41243936014e-005
1.45083233813e-009	1.21597449834e-005
1.47126299947e-009	9.44455314311e-006
1.49169366081e-009	7.5615807873e-006
1.51212432214e-009	7.2071534305e-006
1.53255498348e-009	8.04573755886e-006
1.55298564481e-009	9.25337099034e-006
1.57341630615e-009	1.00215029306e-005
1.59384696749e-009	9.63459933701e-006
1.61427762882e-009	7.45140960134e-006
1.63470829016e-009	3.31609953719e-006
1.6551389515e-009	-1.82417431915e-006
1.67556961283e-009	-5.9442231759e-006
1.69600027417e-009	-7.05702996129e-006
1.7164309355e-009	-4.60857245344e-006
1.73686159684e-009	6.56977690028e-008
1.75729225818e-009	4.65128368887e-006
1.77772291951e-009	7.38222388463e-006
1.79815358085e-009	7.96667518443e-006
1.81858424219e-009	7.4194890658e-006
1.83901490352e-009	7.10546510163e-006
1.85944556486e-009	7.78520643507e-006
1.87987622619e-009	9.27011114982e-006
1.90030688753e-009	1.07321357063e-005
1.92073754887e-009	1.13713876999e-005
1.9411682102e-009	1.09163638626e-005
1.96159887154e-009	9.65512845141e-006
1.98202953287e-009	8.06536718301e-006
2.00246019421e-009	6.42050872557e-006
2.02289085555e-009	4.71986595585e-006
2.04332151688e-009	2.87007151201e-006
2.06375217822e-009	9.18688385809e-007
2.08418283956e-009	-8.40298469029e-007
2.10461350089e-009	-1.92977609004e-006
2.12504416223e-009	-1.87606417512e-006
2.14547482356e-009	-4.57048372482e-007
2.1659054849e-009	2.04889238375e-006
2.18633614624e-009	4.75556089441e-006
2.20676680757e-009	6.47861907055e-006
2.22719746891e-009	6.42680606688e-006
2.24762813024e-009	4.92103254146e-006
2.26805879158e-009	3.45132480106e-006
2.28848945292e-009	3.76905040866e-006
2.30892011425e-009	6.57443843011e-006
2.32935077559e-009	1.08429912871e-005
2.34978143693e-009	1.4403147361e-005
2.37021209826e-009	1.52582597366e-005
2.3906427596e-009	1.27329431052e-005
2.41107342093e-009	7.78462708695e-006
2.43150408227e-009	2.42858232014e-006
2.45193474361e-009	-1.30569492285e-006
2.47236540494e-009	-2.38882148551e-006
2.49279606628e-009	-1.20535935366e-006
2.51322672761e-009	9.09199798116e-007
2.53365738895e-009	2.6460306799e-006
2.55408805029e-009	3.47463355865e-006
2.57451871162e-009	3.62034916179e-006
2.59494937296e-009	3.50809295924e-006
2.6153800343e-009	3.32543345394e-006
2.63581069563e-009	3.07650088871e-006
2.65624135697e-009	2.85035116576e-006
2.6766720183e-009	2.9163736599e-006
2.69710267964e-009	3.59543901141e-006
2.71753334098e-009	5.10086965733e-006
2.73796400231e-009	7.43099599276e-006
2.75839466365e-009	1.02142093965e-005
2.77882532498e-009	1.25957567434e-005
2.79925598632e-009	1.34064421218e-005
2.81968664766e-009	1.17550471259e-005
2.84011730899e-009	7.72682597017e-006
2.86054797033e-009	2.59615967479e-006
2.88097863167e-009	-1.66420431924e-006
2.901409293e-009	-3.39790358339e-006
2.92183995434e-009	-2.17549927584e-006
2.94227061567e-009	9.70679934653e-007
2.96270127701e-009	4.16290322391e-006
2.98313193835e-009	5.77033370064e-006
3.00356259968e-009	5.27688780494e-006
3.02399326102e-009	3.43346437148e-006
3.04442392235e-009	1.62259755143e-006
3.06485458369e-009	9.4814924978e-007
3.08528524503e-009	1.66958125192e-006
3.10571590636e-009	3.2975101476e-006
3.1261465677e-009	5.16367890668e-006
3.14657722904e-009	6.87444935465e-006
3.16700789037e-009	8.30809858599e-006
3.18743855171e-009	9.33226692723e-006
3.20786921304e-009	9.66985135165e-006
3.22829987438e-009	9.09676964511e-006
3.24873053572e-009	7.684368029e-006
3.26916119705e-009	5.78157187192e-006
3.28959185839e-009	3.76967955162e-006
3.31002251972e-009	1.93991513697e-006
3.33045318106e-009	5.89617968672e-007
3.3508838424e-009	7.84977629564e-008
3.37131450373e-009	6.08182062933e-007
3.39174516507e-009	1.89513764326e-006
3.41217582641e-009	3.17395529237e-006
3.43260648774e-009	3.66418362319e-006
3.45303714908e-009	3.16172963721e-006
3.47346781041e-009	2.22235689762e-006
3.49389847175e-009	1.77353126674e-006
3.51432913309e-009	2.46044032792e-006
3.53475979442e-009	4.18783338318e-006
3.55519045576e-009	6.20743594482e-006
3.5756211171e-009	7.63571733842e-006
3.59605177843e-009	8.01738497103e-006
3.61648243977e-009	7.50626622903e-006
3.6369131011e-009	6.59780789647e-006
3.65734376244e-009	5.7395618569e-006
3.67777442378e-009	5.12696487931e-006
3.69820508511e-009	4.75230854136e-006
3.71863574645e-009	4.49980871053e-006
3.73906640778e-009	4.18949093728e-006
3.75949706912e-009	3.6214037209e-006
3.77992773046e-009	2.6885884381e-006
3.80035839179e-009	1.52212885496e-006
3.82078905313e-009	5.05927232552e-007
3.84121971447e-009	9.39269781952e-008
3.8616503758e-009	5.32810872755e-007
3.88208103714e-009	1.69036593434e-006
3.90251169847e-009	3.11686812893e-006
3.92294235981e-009	4.31391981692e-006
3.94337302115e-009	5.0390854085e-006
3.96380368248e-009	5.39405073141e-006
3.98423434382e-009	5.64342690268e-006
4.00466500515e-009	5.91800062466e-006
4.02509566649e-009	6.09922881267e-006
4.04552632783e-009	5.97617645326e-006
4.06595698916e-009	5.50111371922e-006
4.0863876505e-009	4.89330022901e-006
4.10681831184e-009	4.47663342129e-006
4.12724897317e-009	4.42262034994e-006
4.14767963451e-009	4.59671036879e-006
4.16811029584e-009	4.62447042082e-006
4.18854095718e-009	4.15174781665e-006
4.20897161852e-009	3.09424422085e-006
4.22940227985e-009	1.71969361418e-006
4.24983294119e-009	4.98715508002e-007
4.27026360252e-009	-1.23702648125e-007
4.29069426386e-009	1.09176966134e-007
4.3111249252e-009	1.19792719033e-006
4.33155558653e-009	2.87630268758e-006
4.35198624787e-009	4.63507694803e-006
4.37241690921e-009	5.8689583966e-006
4.39284757054e-009	6.15571389062e-006
4.41327823188e-009	5.53982954443e-006
4.43370889321e-009	4.57127089248e-006
4.45413955455e-009	3.98505790145e-006
4.47457021589e-009	4.19372099714e-006
4.49500087722e-009	4.97941664435e-006
4.51543153856e-009	5.6714047787e-006
4.53586219989e-009	5.68146833757e-006
4.55629286123e-009	4.95771928399e-006
4.57672352257e-009	3.94966264139e-006
4.5971541839e-009	3.14500607601e-006
4.61758484524e-009	2.66521215053e-006
4.63801550658e-009	2.28795488511e-006
4.65844616791e-009	1.81402663202e-006
4.67887682925e-009	1.33334560815e-006
4.69930749058e-009	1.12970781174e-006
4.71973815192e-009	1.38541486194e-006
4.74016881326e-009	2.03737545235e-006
4.76059947459e-009	2.88880551125e-006
4.78103013593e-009	3.74991941499e-006
4.80146079726e-009	4.46003105026e-006
4.8218914586e-009	4.8585930017e-006
4.84232211994e-009	4.83954954689e-006
4.86275278127e-009	4.48540822617e-006
4.88318344261e-009	4.10701886722e-006
4.90361410395e-009	4.08508731198e-006
4.92404476528e-009	4.57129863207e-006
4.94447542662e-009	5.29813405592e-006
4.96490608795e-009	5.69131452721e-006
4.98533674929e-009	5.25421546627e-006
5.00576741063e-009	3.96437872041e-006
5.02619807196e-009	2.3520456125e-006
5.0466287333e-009	1.1697810578e-006
5.06705939463e-009	8.87871124178e-007
5.08749005597e-009	1.41330178849e-006
5.10792071731e-009	2.23034180635e-006
5.12835137864e-009	2.81424354398e-006
5.14878203998e-009	2.96215512208e-006
5.16921270132e-009	2.81964184978e-006
5.18964336265e-009	2.674809366e-006
5.21007402399e-009	2.7261824016e-006
5.23050468532e-009	3.00685542243e-006
5.25093534666e-009	3.44171485267e-006
5.271366008e-009	3.92417587136e-006
5.29179666933e-009	4.36079926658e-006
5.31222733067e-009	4.68087137051e-006
5.332657992e-009	4.85091823066e-006
5.35308865334e-009	4.87898523716e-006
5.37351931468e-009	4.78519859826e-006
5.39394997601e-009	4.54454675491e-006
5.41438063735e-009	4.0738655116e-006
5.43481129869e-009	3.32394597535e-006
5.45524196002e-009	2.39412656811e-006
5.47567262136e-009	1.55439806804e-006
5.49610328269e-009	1.12774591798e-006
5.51653394403e-009	1.3003427739e-006
5.53696460537e-009	1.98788347916e-006
5.5573952667e-009	2.83784788735e-006
5.57782592804e-009	3.3981859815e-006
5.59825658938e-009	3.38193240168e-006
5.61868725071e-009	2.87542457045e-006
5.63911791205e-009	2.30826208281e-006
5.65954857338e-009	2.16214834836e-006
5.67997923472e-009	2.62919320448e-006
5.70040989606e-009	3.4978295389e-006
5.72084055739e-009	4.34684443462e-006
5.74127121873e-009	4.84613337903e-006
5.76170188006e-009	4.91626315124e-006
5.7821325414e-009	4.6615014071e-006
5.80256320274e-009	4.21932509198e-006
5.82299386407e-009	3.68602923118e-006
5.84342452541e-009	3.1367169413e-006
5.86385518675e-009	2.66007077698e-006
5.88428584808e-009	2.32741990658e-006
5.90471650942e-009	2.14694728129e-006
5.92514717075e-009	2.06331878871e-006
5.94557783209e-009	2.01614784601e-006
5.96600849343e-009	2.01087163987e-006
5.98643915476e-009	2.11209589907e-006
6.0068698161e-009	2.35262541537e-006
6.02730047743e-009	2.64771551883e-006
6.04773113877e-009	2.83767917608e-006
6.06816180011e-009	2.84320958599e-006
6.08859246144e-009	2.77104527413e-006
6.10902312278e-009	2.84744646706e-006
6.12945378412e-009	3.21533843817e-006
6.14988444545e-009	3.78438357984e-006
6.17031510679e-009	4.27634404332e-006
6.19074576812e-009	4.4261887524e-006
6.21117642946e-009	4.16655120716e-006
6.2316070908e-009	3.65133178093e-006
6.25203775213e-009	3.12602855956e-006
6.27246841347e-009	2.76255241261e-006
6.2928990748e-009	2.58737736658e-006
6.31332973614e-009	2.52534300671e-006
6.33376039748e-009	2.48423975791e-006
6.35419105881e-009	2.40280269281e-006
6.37462172015e-009	2.25091093853e-006
6.39505238149e-009	2.03492095352e-006
6.41548304282e-009	1.81960945156e-006
6.43591370416e-009	1.73174476004e-006
6.45634436549e-009	1.89523518657e-006
6.47677502683e-009	2.32761294683e-006
6.49720568817e-009	2.89369450002e-006
6.5176363495e-009	3.37008691531e-006
6.53806701084e-009	3.59216619472e-006
6.55849767217e-009	3.55514384864e-006
6.57892833351e-009	3.39756593348e-006
6.59935899485e-009	3.28620944856e-006
6.61978965618e-009	3.29215799866e-006
6.64022031752e-009	3.35475760949e-006
6.66065097886e-009	3.34949186254e-006
6.68108164019e-009	3.20404933518e-006
6.70151230153e-009	2.95441964226e-006
6.72194296286e-009	2.70011810244e-006
6.7423736242e-009	2.51552478403e-006
6.76280428554e-009	2.39687551584e-006
6.78323494687e-009	2.28349244935e-006
6.80366560821e-009	2.12115901377e-006
6.82409626954e-009	1.91296726371e-006
6.84452693088e-009	1.72914565155e-006
6.86495759222e-009	1.67807502294e-006
6.88538825355e-009	1.84424266081e-006
6.90581891489e-009	2.22791118176e-006
6.92624957623e-009	2.73288446806e-006
6.94668023756e-009	3.20588355862e-006
6.9671108989e-009	3.501824267e-006
6.98754156023e-009	3.53917926077e-006
7.00797222157e-009	3.33255047735e-006
7.02840288291e-009	3.00106330542e-006
7.04883354424e-009	2.7279729693e-006
7.06926420558e-009	2.66840311269e-006
7.08969486691e-009	2.83894519271e-006
7.11012552825e-009	3.08440644403e-006
7.13055618959e-009	3.17701915264e-006
7.15098685092e-009	2.98187683256e-006
7.17141751226e-009	2.55601298704e-006
7.1918481736e-009	2.09590280065e-006
7.21227883493e-009	1.79342282536e-006
7.23270949627e-009	1.71593546838e-006
7.2531401576e-009	1.79769233455e-006
7.27357081894e-009	1.92407446775e-006
7.29400148028e-009	2.02680485017e-006
7.31443214161e-009	2.12199165617e-006
7.33486280295e-009	2.2680346774e-006
7.35529346428e-009	2.49377103501e-006
7.37572412562e-009	2.75981142295e-006
7.39615478696e-009	2.98089912576e-006
7.41658544829e-009	3.08498579216e-006
7.43701610963e-009	3.05553726321e-006
7.45744677097e-009	2.93395873996e-006
7.4778774323e-009	2.7927528663e-006
7.49830809364e-009	2.7003741252e-006
7.51873875497e-009	2.68888402388e-006
7.53916941631e-009	2.73742398349e-006
7.55960007765e-009	2.77532808468e-006
7.58003073898e-009	2.70737859864e-006
7.60046140032e-009	2.47054435931e-006
7.62089206166e-009	2.0945453798e-006
7.64132272299e-009	1.7181819203e-006
7.66175338433e-009	1.52103348228e-006
7.68218404566e-009	1.60257525295e-006
7.702614707e-009	1.9030032945e-006
7.72304536834e-009	2.23621918849e-006
7.74347602967e-009	2.42481110035e-006
7.76390669101e-009	2.42293867814e-006
7.78433735234e-009	2.32859770222e-006
7.80476801368e-009	2.28776798394e-006
7.82519867502e-009	2.37995459429e-006
7.84562933635e-009	2.57840611084e-006
7.86605999769e-009	2.78682637145e-006
7.88649065903e-009	2.91177661893e-006
7.90692132036e-009	2.91416949949e-006
7.9273519817e-009	2.81634629573e-006
7.94778264303e-009	2.67057134806e-006
7.96821330437e-009	2.5181257115e-006
7.98864396571e-009	2.37188851315e-006
8.00907462704e-009	2.22779726755e-006
8.02950528838e-009	2.08585697692e-006
8.04993594971e-009	1.95463144337e-006
8.07036661105e-009	1.84506654932e-006
8.09079727239e-009	1.77340473329e-006
8.11122793372e-009	1.76718674538e-006
8.13165859506e-009	1.85223393601e-006
8.1520892564e-009	2.01911689146e-006
8.17251991773e-009	2.20503829951e-006
8.19295057907e-009	2.32011529988e-006
8.2133812404e-009	2.31468175116e-006
8.23381190174e-009	2.22836456487e-006
8.25424256308e-009	2.17074261855e-006
8.27467322441e-009	2.24195105147e-006
8.29510388575e-009	2.45102751251e-006
8.31553454708e-009	2.70145369541e-006
8.33596520842e-009	2.85339683614e-006
8.35639586976e-009	2.8172146358e-006
8.37682653109e-009	2.60827027887e-006
8.39725719243e-009	2.32446859627e-006
8.41768785377e-009	2.07634866456e-006
8.4381185151e-009	1.92403376786e-006
8.45854917644e-009	1.86414240488e-006
8.47897983777e-009	1.85964188404e-006
8.49941049911e-009	1.87413002095e-006
8.51984116045e-009	1.88643912225e-006
8.54027182178e-009	1.88903266007e-006
8.56070248312e-009	1.88445994809e-006
8.58113314445e-009	1.88480487395e-006
8.60156380579e-009	1.90996752281e-006
8.62199446713e-009	1.97690292225e-006
8.64242512846e-009	2.08348342312e-006
8.6628557898e-009	2.20126048589e-006
8.68328645114e-009	2.28971703109e-006
8.70371711247e-009	2.33003811445e-006
8.72414777381e-009	2.34438198277e-006
8.74457843514e-009	2.37365907196e-006
8.76500909648e-009	2.42937062467e-006
8.78543975782e-009	2.46894524025e-006
8.80587041915e-009	2.42615351453e-006
8.82630108049e-009	2.27082705351e-006
8.84673174182e-009	2.04730349651e-006
8.86716240316e-009	1.84948692095e-006
8.8875930645e-009	1.75477271114e-006
8.90802372583e-009	1.76983269284e-006
8.92845438717e-009	1.83324300451e-006
8.94888504851e-009	1.86972988558e-006
8.96931570984e-009	1.84654254554e-006
8.98974637118e-009	1.78933498773e-006
9.01017703251e-009	1.7497469571e-006
9.03060769385e-009	1.76270043539e-006
9.05103835519e-009	1.83227678008e-006
9.07146901652e-009	1.94545100385e-006
9.09189967786e-009	2.08586902772e-006
9.11233033919e-009	2.22731864596e-006
9.13276100053e-009	2.3257769044e-006
9.15319166187e-009	2.33793434745e-006
9.1736223232e-009	2.25898907047e-006
9.19405298454e-009	2.13992234421e-006
9.21448364588e-009	2.05418564292e-006
9.23491430721e-009	2.03957165468e-006
9.25534496855e-009	2.06762729249e-006
9.27577562988e-009	2.06982758755e-006
9.29620629122e-009	1.9964211333e-006
9.31663695256e-009	1.85905867056e-006
9.33706761389e-009	1.72167597157e-006
9.35749827523e-009	1.64745995335e-006
9.37792893656e-009	1.64957350535e-006
9.3983595979e-009	1.68745532392e-006
9.41879025924e-009	1.71231090462e-006
9.43922092057e-009	1.71241617863e-006
9.45965158191e-009	1.71812621375e-006
9.48008224325e-009	1.76851403921e-006
9.50051290458e-009	1.87128580365e-006
9.52094356592e-009	1.99673581847e-006
9.54137422725e-009	2.10216944652e-006
9.56180488859e-009	2.15848012886e-006
9.58223554993e-009	2.15759928324e-006
9.60266621126e-009	2.10528651223e-006
9.6230968726e-009	2.01787656806e-006
9.64352753394e-009	1.92427114598e-006
9.66395819527e-009	1.86191414286e-006
9.68438885661e-009	1.85564840649e-006
9.70481951794e-009	1.89370894077e-006
9.72525017928e-009	1.92533912013e-006
9.74568084062e-009	1.89190404853e-006
9.76611150195e-009	1.77391018497e-006
9.78654216329e-009	1.61288630807e-006
9.80697282462e-009	1.4879868786e-006
9.82740348596e-009	1.4613373196e-006
9.8478341473e-009	1.53581754603e-006
9.86826480863e-009	1.65911421846e-006
9.88869546997e-009	1.76541720975e-006
9.90912613131e-009	1.81984819392e-006
9.92955679264e-009	1.8337838128e-006
9.94998745398e-009	1.8448447463e-006
9.97041811531e-009	1.8800910766e-006
9.99084877665e-009	1.93274831872e-006
1.0011279438e-008	1.97071926777e-006
1.00317100993e-008	1.96698738364e-006
1.00521407607e-008	1.92340530702e-006
1.0072571422e-008	1.86505815236e-006
1.00930020833e-008	1.81627808615e-006
1.01134327447e-008	1.78369202786e-006
1.0133863406e-008	1.75937418589e-006
1.01542940673e-008	1.73415719473e-006
1.01747247287e-008	1.70206430994e-006
1.019515539e-008	1.65594371992e-006
1.02155860513e-008	1.59026808433e-006
1.02360167127e-008	1.51359449774e-006
1.0256447374e-008	1.45591752698e-006
1.02768780354e-008	1.45546778185e-006
1.02973086967e-008	1.52884786075e-006
1.0317739358e-008	1.64964160376e-006
1.03381700194e-008	1.75973968908e-006
1.03586006807e-008	1.80777999503e-006
1.0379031342e-008	1.78614834567e-006
1.03994620034e-008	1.73584999175e-006
1.04198926647e-008	1.71334647803e-006
1.0440323326e-008	1.74625870386e-006
1.04607539874e-008	1.81194309334e-006
1.04811846487e-008	1.85894509741e-006
1.05016153101e-008	1.8500634269e-006
1.05220459714e-008	1.78753850832e-006
1.05424766327e-008	1.70282930867e-006
1.05629072941e-008	1.62727519637e-006
1.05833379554e-008	1.57314332228e-006
1.06037686167e-008	1.53616952048e-006
1.06241992781e-008	1.51004996951e-006
1.06446299394e-008	1.49405434513e-006
1.06650606007e-008	1.48886419993e-006
1.06854912621e-008	1.49104221236e-006
1.07059219234e-008	1.49517734371e-006
1.07263525848e-008	1.50365349327e-006
1.07467832461e-008	1.52706400058e-006
1.07672139074e-008	1.57261649747e-006
1.07876445688e-008	1.63042250279e-006
1.08080752301e-008	1.67479822721e-006
1.08285058914e-008	1.68552094237e-006
1.08489365528e-008	1.66777920185e-006
1.08693672141e-008	1.65028893662e-006
1.08897978754e-008	1.66005293067e-006
1.09102285368e-008	1.69624513546e-006
1.09306591981e-008	1.72776935869e-006
1.09510898594e-008	1.7176359961e-006
1.09715205208e-008	1.6523499653e-006
1.09919511821e-008	1.55265252033e-006
1.10123818435e-008	1.45856517975e-006
1.10328125048e-008	1.40361078138e-006
1.10532431661e-008	1.39607686833e-006
1.10736738275e-008	1.41928376252e-006
1.10941044888e-008	1.44771422583e-006
1.11145351501e-008	1.46447985117e-006
1.11349658115e-008	1.46693764691e-006
1.11553964728e-008	1.46128570577e-006
1.11758271341e-008	1.45626518133e-006
1.11962577955e-008	1.46078355101e-006
1.12166884568e-008	1.48272090428e-006
1.12371191182e-008	1.52328323111e-006
1.12575497795e-008	1.572707788e-006
1.12779804408e-008	1.61273419508e-006
1.12984111022e-008	1.62723063113e-006
1.13188417635e-008	1.61310310887e-006
1.13392724248e-008	1.58218585966e-006
1.13597030862e-008	1.55240900312e-006
1.13801337475e-008	1.53313044393e-006
1.14005644088e-008	1.51801634729e-006
1.14209950702e-008	1.49100424096e-006
1.14414257315e-008	1.44301338878e-006
1.14618563929e-008	1.38384302772e-006
1.14822870542e-008	1.3382485804e-006
1.15027177155e-008	1.32682816911e-006
1.15231483769e-008	1.34869515023e-006
1.15435790382e-008	1.38225004775e-006
1.15640096995e-008	1.40269878557e-006
1.15844403609e-008	1.40111001201e-006
1.16048710222e-008	1.38855205023e-006
1.16253016835e-008	1.38399036587e-006
1.16457323449e-008	1.39988924275e-006
1.16661630062e-008	1.43544366438e-006
1.16865936676e-008	1.47926118643e-006
1.17070243289e-008	1.51668041326e-006
1.17274549902e-008	1.53589689944e-006
1.17478856516e-008	1.53071016484e-006
1.17683163129e-008	1.50109008246e-006
1.17887469742e-008	1.45545232044e-006
1.18091776356e-008	1.40938414006e-006
1.18296082969e-008	1.37930874189e-006
1.18500389582e-008	1.37143297252e-006
1.18704696196e-008	1.37531526434e-006
1.18909002809e-008	1.37066570005e-006
1.19113309422e-008	1.34382855776e-006
1.19317616036e-008	1.30032708512e-006
1.19521922649e-008	1.26226495922e-006
1.19726229263e-008	1.25156395825e-006
1.19930535876e-008	1.2727517742e-006
1.20134842489e-008	1.31042725116e-006
1.20339149103e-008	1.34209369662e-006
1.20543455716e-008	1.35616289754e-006
1.20747762329e-008	1.35902541842e-006
1.20952068943e-008	1.36562130137e-006
1.21156375556e-008	1.38431539654e-006
1.21360682169e-008	1.40913971336e-006
1.21564988783e-008	1.42590215546e-006
1.21769295396e-008	1.42399653669e-006
1.2197360201e-008	1.40304553042e-006
1.22177908623e-008	1.37108645504e-006
1.22382215236e-008	1.33787114009e-006
1.2258652185e-008	1.31099022838e-006
1.22790828463e-008	1.29494526391e-006
1.22995135076e-008	1.28947067424e-006
1.2319944169e-008	1.28830595258e-006
1.23403748303e-008	1.28131352994e-006
1.23608054916e-008	1.26104919218e-006
1.2381236153e-008	1.22922187984e-006
1.24016668143e-008	1.19814308164e-006
1.24220974757e-008	1.18543471217e-006
1.2442528137e-008	1.20290974337e-006
1.24629587983e-008	1.24654661704e-006
1.24833894597e-008	1.29653108161e-006
1.2503820121e-008	1.32912180106e-006
1.25242507823e-008	1.33293463023e-006
1.25446814437e-008	1.31659157887e-006
1.2565112105e-008	1.299789119e-006
1.25855427663e-008	1.29664044834e-006
1.26059734277e-008	1.30570697365e-006
1.2626404089e-008	1.31361184685e-006
1.26468347504e-008	1.30769478801e-006
1.26672654117e-008	1.28570673041e-006
1.2687696073e-008	1.25605617995e-006
1.27081267344e-008	1.22968560845e-006
1.27285573957e-008	1.21202754144e-006
1.2748988057e-008	1.20122626868e-006
1.27694187184e-008	1.19223466299e-006
1.27898493797e-008	1.18187767839e-006
1.2810280041e-008	1.17044226045e-006
1.28307107024e-008	1.16071055345e-006
1.28511413637e-008	1.15620446195e-006
1.2871572025e-008	1.16019668894e-006
1.28920026864e-008	1.17575302738e-006
1.29124333477e-008	1.2022634337e-006
1.29328640091e-008	1.23289942167e-006
1.29532946704e-008	1.25584881516e-006
1.29737253317e-008	1.26051213556e-006
1.29941559931e-008	1.24624170894e-006
1.30145866544e-008	1.22407925573e-006
1.30350173157e-008	1.20945810522e-006
1.30554479771e-008	1.21109201245e-006
1.30758786384e-008	1.22311860196e-006
1.30963092997e-008	1.22932090107e-006
1.31167399611e-008	1.21593723179e-006
1.31371706224e-008	1.18280559036e-006
1.31576012838e-008	1.14387728445e-006
1.31780319451e-008	1.1155507309e-006
1.31984626064e-008	1.10494261207e-006
1.32188932678e-008	1.10754513116e-006
1.32393239291e-008	1.11379586087e-006
1.32597545904e-008	1.11750784981e-006
1.32801852518e-008	1.11865097097e-006
1.33006159131e-008	1.12038367206e-006
1.33210465744e-008	1.1250509715e-006
1.33414772358e-008	1.13251371658e-006
1.33619078971e-008	1.14216288694e-006
1.33823385585e-008	1.15352327157e-006
1.34027692198e-008	1.16529008665e-006
1.34231998811e-008	1.17407876132e-006
1.34436305425e-008	1.17496358598e-006
1.34640612038e-008	1.16621004054e-006
1.34844918651e-008	1.15138936962e-006
1.35049225265e-008	1.13812382097e-006
1.35253531878e-008	1.13200417218e-006
1.35457838491e-008	1.12967211408e-006
1.35662145105e-008	1.12152667953e-006
1.35866451718e-008	1.1007757621e-006
1.36070758332e-008	1.07107791791e-006
1.36275064945e-008	1.04577429738e-006
1.36479371558e-008	1.03692764242e-006
1.36683678172e-008	1.04626928987e-006
1.36887984785e-008	1.06440018044e-006
1.37092291398e-008	1.0782858908e-006
1.37296598012e-008	1.08117876607e-006
1.37500904625e-008	1.07579762698e-006
1.37705211238e-008	1.07053892862e-006
1.37909517852e-008	1.07193886834e-006
1.38113824465e-008	1.0802940551e-006
1.38318131078e-008	1.09175766738e-006
1.38522437692e-008	1.10229723305e-006
1.38726744305e-008	1.1090261296e-006
1.38931050919e-008	1.10982955448e-006
1.39135357532e-008	1.10218832106e-006
1.39339664145e-008	1.08550523237e-006
1.39543970759e-008	1.06369975583e-006
1.39748277372e-008	1.04419393665e-006
1.39952583985e-008	1.03285515252e-006
1.40156890599e-008	1.02869967122e-006
1.40361197212e-008	1.02520050405e-006
1.40565503825e-008	1.01611283299e-006
1.40769810439e-008	1.00189856767e-006
1.40974117052e-008	9.90063995232e-007
1.41178423666e-008	9.8858936326e-007
1.41382730279e-008	9.98809241537e-007
1.41587036892e-008	1.0137417803e-006
1.41791343506e-008	1.02345995856e-006
1.41995650119e-008	1.02372609945e-006
1.42199956732e-008	1.0187773114e-006
1.42404263346e-008	1.01697060018e-006
1.42608569959e-008	1.02299964055e-006
1.42812876572e-008	1.03430647869e-006
1.43017183186e-008	1.04419507352e-006
1.43221489799e-008	1.04633136289e-006
1.43425796413e-008	1.03907041193e-006
1.43630103026e-008	1.02497813259e-006
1.43834409639e-008	1.00784484403e-006
1.44038716253e-008	9.91425736174e-007
1.44243022866e-008	9.78322077572e-007
1.44447329479e-008	9.70181304183e-007
1.44651636093e-008	9.67727942225e-007
1.44855942706e-008	9.68461563389e-007
1.45060249319e-008	9.67720779954e-007
1.45264555933e-008	9.61431624091e-007
1.45468862546e-008	9.50273658873e-007
1.4567316916e-008	9.41205144045e-007
1.45877475773e-008	9.41467646953e-007
1.46081782386e-008	9.52959737788e-007
1.46286089e-008	9.69340817392e-007
1.46490395613e-008	9.80539766715e-007
1.46694702226e-008	9.8153111594e-007
1.4689900884e-008	9.74971271717e-007
1.47103315453e-008	9.68222821029e-007
1.47307622066e-008	9.66676111602e-007
1.4751192868e-008	9.6886094525e-007
1.47716235293e-008	9.69251800598e-007
1.47920541906e-008	9.62710828389e-007
1.4812484852e-008	9.49449713517e-007
1.48329155133e-008	9.34187539769e-007
1.48533461747e-008	9.21733089854e-007
1.4873776836e-008	9.14309566724e-007
1.48942074973e-008	9.10287383249e-007
1.49146381587e-008	9.07389733129e-007
1.493506882e-008	9.04930914203e-007
1.49554994813e-008	9.02650810986e-007
1.49759301427e-008	9.00347231436e-007
1.4996360804e-008	8.97677011835e-007
1.50167914653e-008	8.95692437552e-007
1.50372221267e-008	8.97887218798e-007
1.5057652788e-008	9.06682146251e-007
1.50780834494e-008	9.20863726606e-007
1.50985141107e-008	9.34210504511e-007
1.5118944772e-008	9.39320443649e-007
1.51393754334e-008	9.33734099817e-007
1.51598060947e-008	9.21599962567e-007
1.5180236756e-008	9.11166409878e-007
1.52006674174e-008	9.07819583063e-007
1.52210980787e-008	9.09727020826e-007
1.524152874e-008	9.10676874355e-007
1.52619594014e-008	9.04987587091e-007
1.52823900627e-008	8.9244724677e-007
1.53028207241e-008	8.77901527474e-007
1.53232513854e-008	8.66315190251e-007
1.53436820467e-008	8.59808665155e-007
1.53641127081e-008	8.56758731516e-007
1.53845433694e-008	8.5467485178e-007
1.54049740307e-008	8.5269414285e-007
1.54254046921e-008	8.50796766372e-007
1.54458353534e-008	8.49855041452e-007
1.54662660147e-008	8.50145113418e-007
1.54866966761e-008	8.51417610193e-007
1.55071273374e-008	8.53885353536e-007
1.55275579987e-008	8.5732227717e-007
1.55479886601e-008	8.6101516672e-007
1.55684193214e-008	8.62634067289e-007
1.55888499828e-008	8.59576402945e-007
1.56092806441e-008	8.5165498831e-007
1.56297113054e-008	8.42070676299e-007
1.56501419668e-008	8.35816877043e-007
1.56705726281e-008	8.35128389554e-007
1.56910032894e-008	8.375762377e-007
1.57114339508e-008	8.38290191041e-007
1.57318646121e-008	8.3314512267e-007
1.57522952734e-008	8.23215032142e-007
1.57727259348e-008	8.13641918285e-007
1.57931565961e-008	8.09355867659e-007
1.58135872575e-008	8.12526081972e-007
1.58340179188e-008	8.2021875869e-007
1.58544485801e-008	8.278441328e-007
1.58748792415e-008	8.3243418203e-007
1.58953099028e-008	8.3363312342e-007
1.59157405641e-008	8.33741808037e-007
1.59361712255e-008	8.34161539842e-007
1.59566018868e-008	8.34986053633e-007
1.59770325481e-008	8.35704554447e-007
1.59974632095e-008	8.35149648992e-007
1.60178938708e-008	8.33161834635e-007
1.60383245322e-008	8.28934616948e-007
1.60587551935e-008	8.21214200641e-007
1.60791858548e-008	8.10220171843e-007
1.60996165162e-008	7.97164034338e-007
1.61200471775e-008	7.85044846907e-007
1.61404778388e-008	7.75714681822e-007
1.61609085002e-008	7.68634095039e-007
1.61813391615e-008	7.61760531987e-007
1.62017698228e-008	7.52680762162e-007
1.62222004842e-008	7.42198722037e-007
1.62426311455e-008	7.33699607736e-007
1.62630618069e-008	7.30582144115e-007
1.62834924682e-008	7.33907540962e-007
1.63039231295e-008	7.40360860618e-007
1.63243537909e-008	7.45693284898e-007
1.63447844522e-008	7.47953663449e-007
1.63652151135e-008	7.48101001591e-007
1.63856457749e-008	7.49645664655e-007
1.64060764362e-008	7.54609459364e-007
1.64265070975e-008	7.62598403981e-007
1.64469377589e-008	7.71459099269e-007
1.64673684202e-008	7.78460957918e-007
1.64877990815e-008	7.82837446422e-007
1.65082297429e-008	7.84502674378e-007
1.65286604042e-008	7.83875350407e-007
1.65490910656e-008	7.81922665283e-007
1.65695217269e-008	7.79266429163e-007
1.65899523882e-008	7.7756999417e-007
1.66103830496e-008	7.77657874096e-007
1.66308137109e-008	7.7860863712e-007
1.66512443722e-008	7.78494381848e-007
1.66716750336e-008	7.74765567257e-007
1.66921056949e-008	7.6754525935e-007
1.67125363562e-008	7.59139823003e-007
1.67329670176e-008	7.51938046051e-007
1.67533976789e-008	7.47089188735e-007
1.67738283403e-008	7.42376982998e-007
1.67942590016e-008	7.35075332159e-007
1.68146896629e-008	7.23916571133e-007
1.68351203243e-008	7.09672121957e-007
1.68555509856e-008	6.95807784723e-007
1.68759816469e-008	6.84364636072e-007
1.68964123083e-008	6.75491151014e-007
1.69168429696e-008	6.67470260396e-007
1.69372736309e-008	6.58103317619e-007
1.69577042923e-008	6.47670958642e-007
1.69781349536e-008	6.37799928427e-007
1.6998565615e-008	6.30847068805e-007
1.70189962763e-008	6.28463965313e-007
1.70394269376e-008	6.30493843801e-007
1.7059857599e-008	6.36805452814e-007
1.70802882603e-008	6.46228386358e-007
1.71007189216e-008	6.5757694756e-007
1.7121149583e-008	6.7018493155e-007
1.71415802443e-008	6.82768927618e-007
1.71620109056e-008	6.95966321018e-007
1.7182441567e-008	7.10571384843e-007
1.72028722283e-008	7.27139990886e-007
1.72233028897e-008	7.45574084249e-007
1.7243733551e-008	7.62887907513e-007
1.72641642123e-008	7.76337117259e-007
1.72845948737e-008	7.83824930295e-007
1.7305025535e-008	7.85275290127e-007
1.73254561963e-008	7.83502002832e-007
1.73458868577e-008	7.79964295816e-007
1.7366317519e-008	7.74947295668e-007
1.73867481803e-008	7.66628090787e-007
1.74071788417e-008	7.52623634526e-007
1.7427609503e-008	7.33248043616e-007
1.74480401643e-008	7.09987830305e-007
1.74684708257e-008	6.85604220507e-007
1.7488901487e-008	6.6213590344e-007
1.75093321484e-008	6.3925779159e-007
1.75297628097e-008	6.16499107764e-007
1.7550193471e-008	5.93291076711e-007
1.75706241324e-008	5.70442011849e-007
1.75910547937e-008	5.49869866973e-007
1.7611485455e-008	5.32170986389e-007
1.76319161164e-008	5.18655326687e-007
1.76523467777e-008	5.094810831e-007
1.7672777439e-008	5.05077821344e-007
1.76932081004e-008	5.06094579578e-007
1.77136387617e-008	5.11017276494e-007
1.77340694231e-008	5.19113314112e-007
1.77545000844e-008	5.29699036633e-007
1.77749307457e-008	5.43140515674e-007
1.77953614071e-008	5.61700971957e-007
1.78157920684e-008	5.85651491747e-007
1.78362227297e-008	6.14256691733e-007
1.78566533911e-008	6.44966007712e-007
1.78770840524e-008	6.74213197271e-007
1.78975147137e-008	7.01318924712e-007
1.79179453751e-008	7.26149664843e-007
1.79383760364e-008	7.50076765144e-007
1.79588066978e-008	7.73529677645e-007
1.79792373591e-008	7.94273830707e-007
1.79996680204e-008	8.10183109934e-007
1.80200986818e-008	8.18922046619e-007
1.80405293431e-008	8.20005652713e-007
1.80609600044e-008	8.14356667433e-007
1.80813906658e-008	8.02052568361e-007
1.81018213271e-008	7.83476707511e-007
1.81222519884e-008	7.58199689699e-007
1.81426826498e-008	7.26334519641e-007
1.81631133111e-008	6.89147100275e-007
1.81835439725e-008	6.47068418402e-007
1.82039746338e-008	6.01805595579e-007
1.82244052951e-008	5.54342705072e-007
1.82448359565e-008	5.06206333739e-007
1.82652666178e-008	4.6045408908e-007
1.82856972791e-008	4.1847604848e-007
1.83061279405e-008	3.82086028594e-007
1.83265586018e-008	3.51410903932e-007
1.83469892631e-008	3.26085029201e-007
1.83674199245e-008	3.07975767555e-007
1.83878505858e-008	2.98508609831e-007
1.84082812471e-008	3.00265213582e-007
1.84287119085e-008	3.14340979912e-007
1.84491425698e-008	3.3880738215e-007
1.84695732312e-008	3.71920094722e-007
1.84900038925e-008	4.10978145737e-007
1.85104345538e-008	4.55313028169e-007
1.85308652152e-008	5.05393586536e-007
1.85512958765e-008	5.60239584502e-007
1.85717265378e-008	6.19036768512e-007
1.85921571992e-008	6.78630328821e-007
1.86125878605e-008	7.36153481284e-007
1.86330185218e-008	7.89844875726e-007
1.86534491832e-008	8.37260927256e-007
1.86738798445e-008	8.77812794897e-007
1.86943105059e-008	9.09668301574e-007
1.87147411672e-008	9.31438421503e-007
1.87351718285e-008	9.43004351939e-007
1.87556024899e-008	9.43048405588e-007
1.87760331512e-008	9.31669660531e-007
1.87964638125e-008	9.07684295726e-007
1.88168944739e-008	8.70340045367e-007
1.88373251352e-008	8.21151786567e-007
1.88577557965e-008	7.61405601679e-007
1.88781864579e-008	6.94364075571e-007
1.88986171192e-008	6.22201014266e-007
1.89190477806e-008	5.45453303857e-007
1.89394784419e-008	4.65649321768e-007
1.89599091032e-008	3.83120664083e-007
1.89803397646e-008	3.0134273743e-007
1.90007704259e-008	2.24615732236e-007
1.90212010872e-008	1.56079408953e-007
1.90416317486e-008	9.91885684698e-008
1.90620624099e-008	5.41080709127e-008
1.90824930712e-008	2.15580620022e-008
1.91029237326e-008	3.13323189616e-009
1.91233543939e-008	-3.77841757881e-010
1.91437850553e-008	1.36179352239e-008
1.91642157166e-008	4.55267610278e-008
1.91846463779e-008	9.49629281877e-008
1.92050770393e-008	1.61822370615e-007
1.92255077006e-008	2.43196865313e-007
1.92459383619e-008	3.37248565074e-007
1.92663690233e-008	4.40500656396e-007
1.92867996846e-008	5.4901954627e-007
1.93072303459e-008	6.60535420138e-007
1.93276610073e-008	7.71627014728e-007
1.93480916686e-008	8.80596701336e-007
1.93685223299e-008	9.8451505437e-007
1.93889529913e-008	1.07868788746e-006
1.94093836526e-008	1.15909563192e-006
1.9429814314e-008	1.220590093e-006
1.94502449753e-008	1.26105658182e-006
1.94706756366e-008	1.27960186092e-006
1.9491106298e-008	1.27532587157e-006
1.95115369593e-008	1.24855296235e-006
1.95319676206e-008	1.19730145798e-006
1.9552398282e-008	1.12130555863e-006
1.95728289433e-008	1.02158094251e-006
1.95932596046e-008	8.99705412394e-007
1.9613690266e-008	7.6053788689e-007
1.96341209273e-008	6.07512617989e-007
1.96545515887e-008	4.45080900136e-007
1.967498225e-008	2.78482616523e-007
1.96954129113e-008	1.10970987066e-007
1.97158435727e-008	-5.13357392151e-008
1.9736274234e-008	-2.04425688821e-007
1.97567048953e-008	-3.43979252193e-007
1.97771355567e-008	-4.64210756945e-007
1.9797566218e-008	-5.61244974051e-007
1.98179968793e-008	-6.28905354461e-007
1.98384275407e-008	-6.63229684505e-007
1.9858858202e-008	-6.62167394694e-007
1.98792888634e-008	-6.23992491455e-007
1.98997195247e-008	-5.5007183164e-007
1.9920150186e-008	-4.4033646418e-007
1.99405808474e-008	-2.95664136729e-007
1.99610115087e-008	-1.18490063983e-007
1.998144217e-008	8.8826254796e-008
2.00018728314e-008	3.19615480748e-007
2.00223034927e-008	5.67344045521e-007
2.0042734154e-008	8.24157609713e-007
2.00631648154e-008	1.08146900857e-006
2.00835954767e-008	1.33270157221e-006
2.0104026138e-008	1.5687838868e-006
2.01244567994e-008	1.78227003289e-006
2.01448874607e-008	1.96554378817e-006
2.01653181221e-008	2.11021210816e-006
2.01857487834e-008	2.21100162889e-006
2.02061794447e-008	2.26076394938e-006
2.02266101061e-008	2.25446615332e-006
2.02470407674e-008	2.18888499148e-006
2.02674714287e-008	2.06100025935e-006
2.02879020901e-008	1.87347700376e-006
2.03083327514e-008	1.62912374435e-006
2.03287634127e-008	1.33312937578e-006
2.03491940741e-008	9.93612161437e-007
2.03696247354e-008	6.17268710812e-007
2.03900553968e-008	2.15327872866e-007
2.04104860581e-008	-2.00371204073e-007
2.04309167194e-008	-6.1708561816e-007
2.04513473808e-008	-1.01944647213e-006
2.04717780421e-008	-1.39485996442e-006
2.04922087034e-008	-1.72896500317e-006
2.05126393648e-008	-2.00885142476e-006
2.05330700261e-008	-2.22364496949e-006
2.05535006874e-008	-2.36128971665e-006
2.05739313488e-008	-2.41414818447e-006
2.05943620101e-008	-2.37523317992e-006
2.06147926715e-008	-2.23998131332e-006
2.06352233328e-008	-2.00790304916e-006
2.06556539941e-008	-1.67912321558e-006
2.06760846555e-008	-1.25979772747e-006
2.06965153168e-008	-7.59184672461e-007
2.07169459781e-008	-1.90252279708e-007
2.07373766395e-008	4.28808164088e-007
2.07578073008e-008	1.08088818251e-006
2.07782379621e-008	1.74487456661e-006
2.07986686235e-008	2.39969358518e-006
2.08190992848e-008	3.02426315102e-006
2.08395299462e-008	3.5939465306e-006
2.08599606075e-008	4.08804407925e-006
2.08803912688e-008	4.48444734502e-006
2.09008219302e-008	4.76425111628e-006
2.09212525915e-008	4.91351693199e-006
2.09416832528e-008	4.91856098961e-006
2.09621139142e-008	4.77267531096e-006
2.09825445755e-008	4.47201227871e-006
2.10029752368e-008	4.01647321269e-006
2.10234058982e-008	3.41444456353e-006
2.10438365595e-008	2.67557652478e-006
2.10642672208e-008	1.81829159374e-006
2.10846978822e-008	8.65712081577e-007
2.11051285435e-008	-1.55143254688e-007
2.11255592049e-008	-1.2090972632e-006
2.11459898662e-008	-2.26198380915e-006
2.11664205275e-008	-3.27628549712e-006
2.11868511889e-008	-4.21501999881e-006
2.12072818502e-008	-5.044277259e-006
2.12277125115e-008	-5.72909902985e-006
2.12481431729e-008	-6.23994810667e-006
2.12685738342e-008	-6.54990390103e-006
2.12890044955e-008	-6.63703394821e-006
2.13094351569e-008	-6.48853847451e-006
2.13298658182e-008	-6.09589233136e-006
2.13502964796e-008	-5.46095952814e-006
2.13707271409e-008	-4.59228567706e-006
2.13911578022e-008	-3.50544110006e-006
2.14115884636e-008	-2.2272786282e-006
2.14320191249e-008	-7.89895750586e-007
2.14524497862e-008	7.63951675253e-007
2.14728804476e-008	2.38463780988e-006
2.14933111089e-008	4.02002024202e-006
2.15137417702e-008	5.60991020393e-006
2.15341724316e-008	7.09799587639e-006
2.15546030929e-008	8.42660301714e-006
2.15750337543e-008	9.54070765147e-006
2.15954644156e-008	1.0394198398e-005
2.16158950769e-008	1.0942818335e-005
2.16363257383e-008	1.11542449304e-005
2.16567563996e-008	1.10050295916e-005
2.16771870609e-008	1.04812006612e-005
2.16976177223e-008	9.58511736826e-006
2.17180483836e-008	8.32873774925e-006
2.17384790449e-008	6.73800605e-006
2.17589097063e-008	4.85182499688e-006
2.17793403676e-008	2.71685121334e-006
2.1799771029e-008	3.94615085497e-007
2.18202016903e-008	-2.0458542167e-006
2.18406323516e-008	-4.52479844171e-006
2.1861063013e-008	-6.95361768521e-006
2.18814936743e-008	-9.24401319935e-006
2.19019243356e-008	-1.13053501991e-005
2.1922354997e-008	-1.30556009026e-005
2.19427856583e-008	-1.44209288919e-005
2.19632163196e-008	-1.53371001943e-005
2.1983646981e-008	-1.57550930453e-005
2.20040776423e-008	-1.56359637913e-005
2.20245083036e-008	-1.49588404383e-005
2.2044938965e-008	-1.37207534863e-005
2.20653696263e-008	-1.19360320241e-005
2.20858002877e-008	-9.64480750554e-006
2.2106230949e-008	-6.90268916514e-006
2.21266616103e-008	-3.7862996578e-006
2.21470922717e-008	-3.87389206935e-007
2.2167522933e-008	3.19447099173e-006
2.21879535943e-008	6.84504129822e-006
2.22083842557e-008	1.0446296983e-005
2.2228814917e-008	1.38716732181e-005
2.22492455783e-008	1.69884569914e-005
2.22696762397e-008	1.96701312234e-005
2.2290106901e-008	2.17958768189e-005
2.23105375624e-008	2.32651236729e-005
2.23309682237e-008	2.40020199271e-005
2.2351398885e-008	2.39531545958e-005
2.23718295464e-008	2.30945879593e-005
2.23922602077e-008	2.14233205043e-005
2.2412690869e-008	1.89589300135e-005
2.24331215304e-008	1.57493559527e-005
2.24535521917e-008	1.18639300126e-005
2.2473982853e-008	7.40770519769e-006
2.24944135144e-008	2.51018968811e-006
2.25148441757e-008	-2.67502400675e-006
2.25352748371e-008	-7.97495704319e-006
2.25557054984e-008	-1.32147024487e-005
2.25761361597e-008	-1.82131589099e-005
2.25965668211e-008	-2.27968321269e-005
2.26169974824e-008	-2.67950454145e-005
2.26374281437e-008	-3.00423507724e-005
2.26578588051e-008	-3.23902495438e-005
2.26782894664e-008	-3.37061246682e-005
2.26987201277e-008	-3.38949612342e-005
2.27191507891e-008	-3.29035538016e-005
2.27395814504e-008	-3.07236514345e-005
2.27600121118e-008	-2.73976875178e-005
2.27804427731e-008	-2.30028308579e-005
2.28008734344e-008	-1.76481189555e-005
2.28213040958e-008	-1.14729464258e-005
2.28417347571e-008	-4.63670949102e-006
2.28621654184e-008	2.66368692792e-006
2.28825960798e-008	1.02030999187e-005
2.29030267411e-008	1.7730431864e-005
2.29234574024e-008	2.4975021006e-005
2.29438880638e-008	3.16717123496e-005
2.29643187251e-008	3.75663694285e-005
2.29847493864e-008	4.24317731813e-005
2.30051800478e-008	4.60742121504e-005
2.30256107091e-008	4.83258008899e-005
2.30460413705e-008	4.90547063237e-005
2.30664720318e-008	4.81640090584e-005
2.30869026931e-008	4.56030502392e-005
2.31073333545e-008	4.13866109739e-005
2.31277640158e-008	3.55932643288e-005
2.31481946771e-008	2.83758381556e-005
2.31686253385e-008	1.9943829102e-005
2.31890559998e-008	1.05469371192e-005
2.32094866611e-008	4.65032599095e-007
2.32299173225e-008	-1.00107663457e-005
2.32503479838e-008	-2.05673240998e-005
2.32707786452e-008	-3.08735470753e-005
2.32912093065e-008	-4.05798418797e-005
2.33116399678e-008	-4.93202605867e-005
2.33320706292e-008	-5.67449351365e-005
2.33525012905e-008	-6.25329266768e-005
2.33729319518e-008	-6.6420660005e-005
2.33933626132e-008	-6.82171885273e-005
2.34137932745e-008	-6.77968200762e-005
2.34342239358e-008	-6.5105225076e-005
2.34546545972e-008	-6.01451320108e-005
2.34750852585e-008	-5.29797944182e-005
2.34955159199e-008	-4.37509552285e-005
2.35159465812e-008	-3.26721528836e-005
2.35363772425e-008	-2.00504418899e-005
2.35568079039e-008	-6.26818382443e-006
2.35772385652e-008	8.23893606139e-006
2.35976692265e-008	2.30037094298e-005
2.36180998879e-008	3.75621602871e-005
2.36385305492e-008	5.14582679898e-005
2.36589612105e-008	6.42437298666e-005
2.36793918719e-008	7.54819920985e-005
2.36998225332e-008	8.47375340527e-005
2.37202531946e-008	9.16016142583e-005
2.37406838559e-008	9.571841656e-005
2.37611145172e-008	9.68106032815e-005
2.37815451786e-008	9.47238659137e-005
2.38019758399e-008	8.94196346053e-005
2.38224065012e-008	8.0983438238e-005
2.38428371626e-008	6.95980561431e-005
2.38632678239e-008	5.55248407181e-005
2.38836984852e-008	3.91110770579e-005
2.39041291466e-008	2.07744196814e-005
2.39245598079e-008	1.02587273432e-006
2.39449904692e-008	-1.95394368347e-005
2.39654211306e-008	-4.02683544962e-005
2.39858517919e-008	-6.04676279181e-005
2.40062824533e-008	-7.94619918452e-005
2.40267131146e-008	-9.66094667092e-005
2.40471437759e-008	-0.000111324166937
2.40675744373e-008	-0.000123076300952
2.40880050986e-008	-0.000131382053951
2.41084357599e-008	-0.000135815833346
2.41288664213e-008	-0.000136025773827
2.41492970826e-008	-0.000131775217596
2.41697277439e-008	-0.00012298906222
2.41901584053e-008	-0.000109766449896
2.42105890666e-008	-9.23939733184e-005
2.4231019728e-008	-7.13186673238e-005
2.42514503893e-008	-4.71056737297e-005
2.42718810506e-008	-2.0422925445e-005
2.4292311712e-008	7.99735971668e-006
2.43127423733e-008	3.73455477529e-005
2.43331730346e-008	6.67454878567e-005
2.4353603696e-008	9.52666523517e-005
2.43740343573e-008	0.000121941957332
2.43944650186e-008	0.000145828787936
2.441489568e-008	0.000166048441315
2.44353263413e-008	0.000181820636499
2.44557570027e-008	0.000192489416804
2.4476187664e-008	0.000197511399165
2.44966183253e-008	0.000196471999516
2.45170489867e-008	0.000189093407243
2.4537479648e-008	0.000175262059201
2.45579103093e-008	0.00015507923672
2.45783409707e-008	0.00012889005302
2.4598771632e-008	9.72923880909e-005
2.46192022933e-008	6.11318828305e-005
2.46396329547e-008	2.14363390114e-005
2.4660063616e-008	-2.06327422347e-005
2.46804942774e-008	-6.38258134131e-005
2.47009249387e-008	-0.00010685401503
2.47213556e-008	-0.000148375474964
2.47417862614e-008	-0.00018704746617
2.47622169227e-008	-0.000221510359552
2.4782647584e-008	-0.000250477925874
2.48030782454e-008	-0.000272754317848
2.48235089067e-008	-0.000287303555524
2.4843939568e-008	-0.000293308577966
2.48643702294e-008	-0.000290163297905
2.48848008907e-008	-0.00027751919697
2.4905231552e-008	-0.000255278893746
2.49256622134e-008	-0.000223631039262
2.49460928747e-008	-0.000183081472642
2.49665235361e-008	-0.000134491157951
2.49869541974e-008	-7.90646590758e-005
2.50073848587e-008	-1.83500342246e-005
2.50278155201e-008	4.58616596006e-005
2.50482461814e-008	0.000111593180918
2.50686768427e-008	0.00017676501011
2.50891075041e-008	0.000239267392317
2.51095381654e-008	0.000297000311548
2.51299688267e-008	0.00034793218947
2.51503994881e-008	0.000390115863411
2.51708301494e-008	0.00042177218711
2.51912608108e-008	0.000441344163846
2.52116914721e-008	0.000447573256679
2.52321221334e-008	0.00043956641457
2.52525527948e-008	0.000416816503275
2.52729834561e-008	0.000379259581678
2.52934141174e-008	0.000327286543325
2.53138447788e-008	0.000261786597548
2.53342754401e-008	0.000184168136911
2.53547061014e-008	9.63748170761e-005
2.53751367628e-008	8.4860039351e-007
2.53955674241e-008	-9.95396840153e-005
2.54159980855e-008	-0.000201620161533
2.54364287468e-008	-0.000302039610688
2.54568594081e-008	-0.000397390889702
2.54772900695e-008	-0.000484339281684
2.54977207308e-008	-0.000559656356927
2.55181513921e-008	-0.00062034156872
2.55385820535e-008	-0.000663661456201
2.55590127148e-008	-0.00068730028579
2.55794433761e-008	-0.000689430104103
2.55998740375e-008	-0.000668864522595
2.56203046988e-008	-0.000625091430265
2.56407353601e-008	-0.000558308209293
2.56611660215e-008	-0.000469460559543
2.56815966828e-008	-0.000360226113116
2.57020273442e-008	-0.000233070299146
2.57224580055e-008	-9.12149553187e-005
2.57428886668e-008	6.1306724092e-005
2.57633193282e-008	0.000219799665501
2.57837499895e-008	0.000379020173568
2.58041806508e-008	0.000533456797712
2.58246113122e-008	0.000677561212797
2.58450419735e-008	0.000805990130175
2.58654726348e-008	0.000913813593797
2.58859032962e-008	0.000996525748633
2.59063339575e-008	0.00105020205956
2.59267646189e-008	0.001071545179
2.59471952802e-008	0.00105809431989
2.59676259415e-008	0.00100835552439
2.59880566029e-008	0.0009220521315
2.60084872642e-008	0.000800176057965
2.60289179255e-008	0.000645068474114
2.60493485869e-008	0.000460231676698
2.60697792482e-008	0.000250318553299
2.60902099095e-008	2.09995923797e-005
2.61106405709e-008	-0.000221132155275
2.61310712322e-008	-0.000468555954285
2.61515018936e-008	-0.000712980050594
2.61719325549e-008	-0.000945589330513
2.61923632162e-008	-0.00115748378448
2.62127938776e-008	-0.00134011497721
2.62332245389e-008	-0.00148578512017
2.62536552002e-008	-0.00158796703909
2.62740858616e-008	-0.00164144078735
2.62945165229e-008	-0.00164226116613
2.63149471842e-008	-0.00158789334819
2.63353778456e-008	-0.00147722114343
2.63558085069e-008	-0.00131080031861
2.63762391683e-008	-0.00109115173109
2.63966698296e-008	-0.000822875648737
2.64171004909e-008	-0.000512817001436
2.64375311523e-008	-0.000169678169186
2.64579618136e-008	0.000196269829758
2.64783924749e-008	0.000573649129365
2.64988231363e-008	0.000950275396463
2.65192537976e-008	0.0013134436449
2.65396844589e-008	0.00165011594072
2.65601151203e-008	0.00194717478007
2.65805457816e-008	0.002191985026
2.66009764429e-008	0.00237305811606
2.66214071043e-008	0.00248083239421
2.66418377656e-008	0.00250827497803
2.6662268427e-008	0.00245115230791
2.66826990883e-008	0.0023080187384
2.67031297496e-008	0.00208017718978
2.6723560411e-008	0.00177120335866
2.67439910723e-008	0.00138718413655
2.67644217336e-008	0.00093679013662
2.6784852395e-008	0.000431654829299
2.68052830563e-008	-0.000113664835226
2.68257137176e-008	-0.000682006939314
2.6846144379e-008	-0.00125424761791
2.68665750403e-008	-0.00181038025767
2.68870057017e-008	-0.00233034812845
2.6907436363e-008	-0.00279487157241
2.69278670243e-008	-0.00318579329178
2.69482976857e-008	-0.00348645076156
2.6968728347e-008	-0.00368202291429
2.69891590083e-008	-0.0037603341043
2.70095896697e-008	-0.00371252885088
2.7030020331e-008	-0.00353420525789
2.70504509923e-008	-0.00322590675205
2.70708816537e-008	-0.00279311323538
2.7091312315e-008	-0.00224585225806
2.71117429764e-008	-0.00159795721993
2.71321736377e-008	-0.000866565853357
2.7152604299e-008	-7.17281218385e-005
2.71730349604e-008	0.00076355348574
2.71934656217e-008	0.00161322834902
2.7213896283e-008	0.00244863633998
2.72343269444e-008	0.0032393950969
2.72547576057e-008	0.00395488599315
2.7275188267e-008	0.00456610973924
2.72956189284e-008	0.00504713971168
2.73160495897e-008	0.0053763082251
2.73364802511e-008	0.00553653156385
2.73569109124e-008	0.00551541754976
2.73773415737e-008	0.0053055845201
2.73977722351e-008	0.00490522151813
2.74182028964e-008	0.00431875139475
2.74386335577e-008	0.0035578024108
2.74590642191e-008	0.00264102080837
2.74794948804e-008	0.00159393320791
2.74999255417e-008	0.000447512196843
2.75203562031e-008	-0.000763312040363
2.75407868644e-008	-0.00200093304738
2.75612175257e-008	-0.00322606484406
2.75816481871e-008	-0.0043977200985
2.76020788484e-008	-0.00547420699149
2.76225095098e-008	-0.00641354825348
2.76429401711e-008	-0.00717566534877
2.76633708324e-008	-0.00772465951741
2.76838014938e-008	-0.00803135801107
2.77042321551e-008	-0.00807504076511
2.77246628164e-008	-0.00784454494715
2.77450934778e-008	-0.00733789149672
2.77655241391e-008	-0.0065622953698
2.77859548004e-008	-0.00553252734244
2.78063854618e-008	-0.00427221227437
2.78268161231e-008	-0.00281280558556
2.78472467845e-008	-0.00119483575691
2.78676774458e-008	0.000533626647666
2.78881081071e-008	0.00231773639098
2.79085387685e-008	0.00409872364253
2.79289694298e-008	0.0058161537163
2.79494000911e-008	0.00741045968607
2.79698307525e-008	0.00882385578007
2.79902614138e-008	0.0100021632388
2.80106920751e-008	0.0108952578157
2.80311227365e-008	0.0114590600133
2.80515533978e-008	0.0116577437147
2.80719840592e-008	0.0114669697359
2.80924147205e-008	0.0108763137832
2.81128453818e-008	0.00989075470716
2.81332760432e-008	0.00853015203029
2.81537067045e-008	0.00682840589434
2.81741373658e-008	0.00483028637245
2.81945680272e-008	0.00259117805399
2.82149986885e-008	0.000174381013494
2.82354293498e-008	-0.00234867585823
2.82558600112e-008	-0.00489963078871
2.82762906725e-008	-0.00739465886727
2.82967213339e-008	-0.00974759180099
2.83171519952e-008	-0.0118729081005
2.83375826565e-008	-0.0136898877099
2.83580133179e-008	-0.0151255503297
2.83784439792e-008	-0.016116855666
2.83988746405e-008	-0.0166121963412
2.84193053019e-008	-0.0165732465684
2.84397359632e-008	-0.015976825729
2.84601666245e-008	-0.0148175451905
2.84805972859e-008	-0.0131100630388
2.85010279472e-008	-0.010890272446
2.85214586085e-008	-0.00821462459862
2.85418892699e-008	-0.00515848072246
2.85623199312e-008	-0.00181134347804
2.85827505926e-008	0.00172609137371
2.86031812539e-008	0.00534596620128
2.86236119152e-008	0.00893529318273
2.86440425766e-008	0.0123779447749
2.86644732379e-008	0.0155573869124
2.86849038992e-008	0.0183582250029
2.87053345606e-008	0.0206724982709
2.87257652219e-008	0.0224015843123
2.87461958832e-008	0.023463267833
2.87666265446e-008	0.0237933024764
2.87870572059e-008	0.0233498234302
2.88074878673e-008	0.0221133884043
2.88279185286e-008	0.0200908165425
2.88483491899e-008	0.0173145644367
2.88687798513e-008	0.0138455312699
2.88892105126e-008	0.00977135077119
2.89096411739e-008	0.0052059404552
2.89300718353e-008	0.000284266658127
2.89505024966e-008	-0.00484253652394
2.89709331579e-008	-0.0100134313107
2.89913638193e-008	-0.0150632346049
2.90117944806e-008	-0.0198262427002
2.9032225142e-008	-0.0241405330598
2.90526558033e-008	-0.0278516486287
2.90730864646e-008	-0.0308150462806
2.9093517126e-008	-0.032902777195
2.91139477873e-008	-0.0340077877045
2.91343784486e-008	-0.0340489335358
2.915480911e-008	-0.0329768136144
2.91752397713e-008	-0.0307748429477
2.91956704326e-008	-0.0274644643068
2.9216101094e-008	-0.023103473708
2.92365317553e-008	-0.0177891273052
2.92569624167e-008	-0.0116561669856
2.9277393078e-008	-0.00487505178899
2.92978237393e-008	0.00235252594575
2.93182544007e-008	0.00980416312814
2.9338685062e-008	0.0172417126596
2.93591157233e-008	0.0244234297425
2.93795463847e-008	0.0311111062765
2.9399977046e-008	0.0370742604136
2.94204077073e-008	0.0420954637229
2.94408383687e-008	0.0459773764014
2.946126903e-008	0.0485445931554
2.94816996913e-008	0.0496543683112
2.95021303527e-008	0.0492016300559
2.9522561014e-008	0.0471273288131
2.95429916754e-008	0.0434223935008
2.95634223367e-008	0.038130171597
2.9583852998e-008	0.031347759068
2.96042836594e-008	0.0232227481902
2.96247143207e-008	0.0139596490189
2.9645144982e-008	0.00380951701663
2.96655756434e-008	-0.00692751212046
2.96860063047e-008	-0.0179180111736
2.9706436966e-008	-0.0288026630878
2.97268676274e-008	-0.0392164178193
2.97472982887e-008	-0.0488002113998
2.97677289501e-008	-0.0572164654732
2.97881596114e-008	-0.0641551911831
2.98085902727e-008	-0.0693389177322
2.98290209341e-008	-0.0725253969431
2.98494515954e-008	-0.0735174417496
2.98698822567e-008	-0.0721703618765
2.98903129181e-008	-0.0684048682451
2.99107435794e-008	-0.0622216239572
2.99311742407e-008	-0.0537036322057
2.99516049021e-008	-0.0430166088045
2.99720355634e-008	-0.0304079055786
2.99924662248e-008	-0.0161956194788
3.00128968861e-008	-0.000767939724028
3.00333275474e-008	0.015431670472
3.00537582088e-008	0.0319045223296
3.00741888701e-008	0.0481091737747
3.00946195314e-008	0.0634854510427
3.01150501928e-008	0.0774746239185
3.01354808541e-008	0.0895502045751
3.01559115154e-008	0.0992397665977
3.01763421768e-008	0.10613502562
3.01967728381e-008	0.109907411039
3.02172034994e-008	0.110296547413
3.02376341608e-008	0.107124045491
3.02580648221e-008	0.10030208528
3.02784954835e-008	0.0898446813226
3.02989261448e-008	0.0758909285069
3.03193568061e-008	0.0587177313864
3.03397874675e-008	0.0387347079813
3.03602181288e-008	0.0164791233838
3.03806487901e-008	-0.00741501897573
3.04010794515e-008	-0.0322301238775
3.04215101128e-008	-0.0571975447237
3.04419407741e-008	-0.0815002396703
3.04623714355e-008	-0.104303143919
3.04828020968e-008	-0.124754086137
3.05032327582e-008	-0.142049655318
3.05236634195e-008	-0.155439153314
3.05440940808e-008	-0.164295613766
3.05645247422e-008	-0.168121367693
3.05849554035e-008	-0.166584521532
3.06053860648e-008	-0.159503787756
3.06258167262e-008	-0.1468462497
3.06462473875e-008	-0.128732919693
