% time-domain voltage integration by openEMS v0.0.35 @Wed Apr 01 22:49:00 2020
% start-coordinates: (0.04572,-0.0612767,0) m -> [31,14,5]
% stop-coordinates: (0.04572,-0.0612767,0.0015) m -> [31,14,11]
% t/s	voltage
0	0
2.04306613362e-011	-5.43207693227e-006
4.08613226723e-011	-1.90009068319e-005
6.12919840085e-011	-6.18509193373e-005
8.17226453446e-011	-0.000178500966285
1.02153306681e-010	-0.000449467806902
1.22583968017e-010	-0.0009844952001
1.43014629353e-010	-0.00186724332161
1.63445290689e-010	-0.00305239838781
1.83875952025e-010	-0.00426721194526
2.04306613362e-010	-0.00503113749437
2.24737274698e-010	-0.00486388278659
2.45167936034e-010	-0.00359414034756
2.6559859737e-010	-0.00153903813043
2.86029258706e-010	0.000620686259936
3.06459920042e-010	0.00219937355723
3.26890581379e-010	0.00283036427572
3.47321242715e-010	0.0025487151579
3.67751904051e-010	0.00165318546351
3.88182565387e-010	0.000517143642355
4.08613226723e-010	-0.000525778057636
4.29043888059e-010	-0.0012246962433
4.49474549396e-010	-0.00144243371324
4.69905210732e-010	-0.00119236894534
4.90335872068e-010	-0.000643298873911
5.10766533404e-010	-5.5030798876e-005
5.3119719474e-010	0.000312689102429
5.51627856076e-010	0.000275099362625
5.72058517413e-010	-0.000253681369941
5.92489178749e-010	-0.00126332757645
6.12919840085e-010	-0.00263207868556
6.33350501421e-010	-0.00409883388784
6.53781162757e-010	-0.00527766667074
6.74211824093e-010	-0.00577021995559
6.94642485429e-010	-0.00535064563155
7.15073146766e-010	-0.00411902600899
7.35503808102e-010	-0.00250611486263
7.55934469438e-010	-0.00108358613215
7.76365130774e-010	-0.000277304822703
7.9679579211e-010	-0.000158018947104
8.17226453446e-010	-0.000444151508418
8.37657114783e-010	-0.000710637439624
8.58087776119e-010	-0.000663502585667
8.78518437455e-010	-0.000298653430946
8.98949098791e-010	0.000144179564813
9.19379760127e-010	0.00036471171552
9.39810421463e-010	0.000183702166396
9.602410828e-010	-0.000386486241041
9.80671744136e-010	-0.00118350602861
1.00110240547e-009	-0.00199231106672
1.02153306681e-009	-0.0026405241515
1.04196372814e-009	-0.00305153723457
1.06239438948e-009	-0.00324388430454
1.08282505082e-009	-0.00328581762733
1.10325571215e-009	-0.00324193481356
1.12368637349e-009	-0.00314925028943
1.14411703483e-009	-0.0030150769162
1.16454769616e-009	-0.00281614076812
1.1849783575e-009	-0.00249978312058
1.20540901883e-009	-0.00202116614673
1.22583968017e-009	-0.00139890339051
1.24627034151e-009	-0.000734399342036
1.26670100284e-009	-0.000160804127518
1.28713166418e-009	0.00023465947379
1.30756232551e-009	0.000436272523075
1.32799298685e-009	0.000453085274785
1.34842364819e-009	0.000261270291958
1.36885430952e-009	-0.000184646962225
1.38928497086e-009	-0.000872527583851
1.4097156322e-009	-0.00167330232216
1.43014629353e-009	-0.00237244609161
1.45057695487e-009	-0.00278472891659
1.4710076162e-009	-0.00286272101221
1.49143827754e-009	-0.00271436758339
1.51186893888e-009	-0.0025167974818
1.53229960021e-009	-0.00240459630731
1.55273026155e-009	-0.00241651857505
1.57316092288e-009	-0.00251086370554
1.59359158422e-009	-0.00259933416964
1.61402224556e-009	-0.00256285915384
1.63445290689e-009	-0.00227510803961
1.65488356823e-009	-0.0016711113276
1.67531422957e-009	-0.000833774502098
1.6957448909e-009	-6.91580157763e-006
1.71617555224e-009	0.000517200613103
1.73660621357e-009	0.00056623105047
1.75703687491e-009	0.000187919997188
1.77746753625e-009	-0.000396311057557
1.79789819758e-009	-0.000939550402109
1.81832885892e-009	-0.00130573767819
1.83875952025e-009	-0.00151245531742
1.85919018159e-009	-0.00166957621695
1.87962084293e-009	-0.00187897798605
1.90005150426e-009	-0.00216299321619
1.9204821656e-009	-0.00246033142321
1.94091282694e-009	-0.00267853116384
1.96134348827e-009	-0.0027548763901
1.98177414961e-009	-0.00268284752383
2.00220481094e-009	-0.00249356779386
2.02263547228e-009	-0.00222059051157
2.04306613362e-009	-0.0018814735231
2.06349679495e-009	-0.00148363901826
2.08392745629e-009	-0.00104559231841
2.10435811762e-009	-0.000613112082647
2.12478877896e-009	-0.000260403450739
2.1452194403e-009	-7.1493962281e-005
2.16565010163e-009	-0.000107149954601
2.18608076297e-009	-0.0003622455406
2.20651142431e-009	-0.000741299707443
2.22694208564e-009	-0.00108436628943
2.24737274698e-009	-0.00125050505449
2.26780340831e-009	-0.00121997963288
2.28823406965e-009	-0.00112965103472
2.30866473099e-009	-0.00119510515651
2.32909539232e-009	-0.00155734890723
2.34952605366e-009	-0.00216918121441
2.36995671499e-009	-0.00280548771843
2.39038737633e-009	-0.00318469811464
2.41081803767e-009	-0.00312144233612
2.431248699e-009	-0.00261981034419
2.45167936034e-009	-0.0018658801273
2.47211002168e-009	-0.00112914941565
2.49254068301e-009	-0.000626063978416
2.51297134435e-009	-0.000427081875387
2.53340200568e-009	-0.000458879600046
2.55383266702e-009	-0.000588573384448
2.57426332836e-009	-0.000715116169886
2.59469398969e-009	-0.000802062160801
2.61512465103e-009	-0.000851475357194
2.63555531236e-009	-0.000869223455084
2.6559859737e-009	-0.000860408719745
2.67641663504e-009	-0.000843881294713
2.69684729637e-009	-0.000859074527398
2.71727795771e-009	-0.000957308642683
2.73770861905e-009	-0.00118537209346
2.75813928038e-009	-0.00156452250667
2.77856994172e-009	-0.00206016108859
2.79900060305e-009	-0.00255922722863
2.81943126439e-009	-0.0028856190911
2.83986192573e-009	-0.0028731955681
2.86029258706e-009	-0.0024619125179
2.8807232484e-009	-0.0017551764322
2.90115390973e-009	-0.000991423454252
2.92158457107e-009	-0.000434264929936
2.94201523241e-009	-0.000242435538894
2.96244589374e-009	-0.000394731567212
2.98287655508e-009	-0.000716549555364
3.00330721642e-009	-0.000988335697912
3.02373787775e-009	-0.00106835908082
3.04416853909e-009	-0.000956430798396
3.06459920042e-009	-0.000765782504459
3.08502986176e-009	-0.000636067416053
3.1054605231e-009	-0.0006507775106
3.12589118443e-009	-0.00081258553837
3.14632184577e-009	-0.00107655157626
3.16675250711e-009	-0.00139302494063
3.18718316844e-009	-0.00172066831146
3.20761382978e-009	-0.00201291157282
3.22804449111e-009	-0.00221186611452
3.24847515245e-009	-0.00226779535296
3.26890581379e-009	-0.00216505667777
3.28933647512e-009	-0.0019259294495
3.30976713646e-009	-0.00159395660739
3.33019779779e-009	-0.00122269921121
3.35062845913e-009	-0.000878231439856
3.37105912047e-009	-0.000635341537418
3.3914897818e-009	-0.00054654548876
3.41192044314e-009	-0.000602110820182
3.43235110448e-009	-0.000722797602066
3.45278176581e-009	-0.000805515664979
3.47321242715e-009	-0.000793578103185
3.49364308848e-009	-0.000715925038094
3.51407374982e-009	-0.000666668893246
3.53450441116e-009	-0.000738046095648
3.55493507249e-009	-0.000955556548433
3.57536573383e-009	-0.00126135764003
3.59579639516e-009	-0.00155359576456
3.6162270565e-009	-0.00174940688885
3.63665771784e-009	-0.00182244775351
3.65708837917e-009	-0.00179744255729
3.67751904051e-009	-0.00171843060525
3.69794970185e-009	-0.00162224701489
3.71838036318e-009	-0.00152919915854
3.73881102452e-009	-0.00144173175795
3.75924168585e-009	-0.00134569323563
3.77967234719e-009	-0.00121635349933
3.80010300853e-009	-0.00103531345667
3.82053366986e-009	-0.000811609686934
3.8409643312e-009	-0.000589547053096
3.86139499253e-009	-0.000432900582382
3.88182565387e-009	-0.00039251270573
3.90225631521e-009	-0.000477795285406
3.92268697654e-009	-0.00065184977575
3.94311763788e-009	-0.000854997939314
3.96354829922e-009	-0.00104009834467
3.98397896055e-009	-0.00119275957695
4.00440962189e-009	-0.0013224229333
4.02484028322e-009	-0.00143568823114
4.04527094456e-009	-0.00152044458082
4.0657016059e-009	-0.00155462828116
4.08613226723e-009	-0.00153010501526
4.10656292857e-009	-0.00146663046326
4.1269935899e-009	-0.00140143900353
4.14742425124e-009	-0.00136321644823
4.16785491258e-009	-0.00134912377689
4.18828557391e-009	-0.00132369576022
4.20871623525e-009	-0.00124148343457
4.22914689659e-009	-0.00107833373477
4.24957755792e-009	-0.000850287688081
4.27000821926e-009	-0.000608622009167
4.29043888059e-009	-0.000419915322709
4.31086954193e-009	-0.00034242116817
4.33130020327e-009	-0.000406798317272
4.3517308646e-009	-0.000602044310654
4.37216152594e-009	-0.000871375319548
4.39259218727e-009	-0.00112795790483
4.41302284861e-009	-0.00129182222008
4.43345350995e-009	-0.00133269626531
4.45388417128e-009	-0.00128840656544
4.47431483262e-009	-0.00123974533926
4.49474549396e-009	-0.0012532366236
4.51517615529e-009	-0.00133374749566
4.53560681663e-009	-0.00142469446291
4.55603747796e-009	-0.001455941514
4.5764681393e-009	-0.00139839836629
4.59689880064e-009	-0.00127755726862
4.61732946197e-009	-0.00114002496412
4.63776012331e-009	-0.00101134750003
4.65819078464e-009	-0.000886631183675
4.67862144598e-009	-0.000756498884584
4.69905210732e-009	-0.000632858755125
4.71948276865e-009	-0.000546994320757
4.73991342999e-009	-0.000525879426277
4.76034409133e-009	-0.00057562161237
4.78077475266e-009	-0.000683626669343
4.801205414e-009	-0.000826985575259
4.82163607533e-009	-0.000976485622232
4.84206673667e-009	-0.00109868870641
4.86249739801e-009	-0.00116710961447
4.88292805934e-009	-0.00117984984536
4.90335872068e-009	-0.00116760618403
4.92378938201e-009	-0.00117833346303
4.94422004335e-009	-0.00124213828531
4.96465070469e-009	-0.00134196903673
4.98508136602e-009	-0.00141517074371
5.00551202736e-009	-0.00139193370705
5.0259426887e-009	-0.00124565679289
5.04637335003e-009	-0.00101712258765
5.06680401137e-009	-0.000792131744674
5.0872346727e-009	-0.00064797198138
5.10766533404e-009	-0.000609786147834
5.12809599538e-009	-0.000646283086098
5.14852665671e-009	-0.000702590674337
5.16895731805e-009	-0.000739181399695
5.18938797939e-009	-0.000749636194087
5.20981864072e-009	-0.000751828207285
5.23024930206e-009	-0.000767750650994
5.25067996339e-009	-0.000810011115391
5.27111062473e-009	-0.000879159895703
5.29154128607e-009	-0.000967021172983
5.3119719474e-009	-0.0010609174351
5.33240260874e-009	-0.0011474063067
5.35283327007e-009	-0.00121619425772
5.37326393141e-009	-0.00126189841831
5.39369459275e-009	-0.00128135479463
5.41412525408e-009	-0.00126718045794
5.43455591542e-009	-0.00120678162784
5.45498657676e-009	-0.00109208935464
5.47541723809e-009	-0.000933349234401
5.49584789943e-009	-0.000764726421039
5.51627856076e-009	-0.000633885290881
5.5367092221e-009	-0.00057988435583
5.55713988344e-009	-0.00061128775269
5.57757054477e-009	-0.000697638279235
5.59800120611e-009	-0.000783174924436
5.61843186744e-009	-0.000818461485323
5.63886252878e-009	-0.00079225031368
5.65929319012e-009	-0.000739147595596
5.67972385145e-009	-0.000715141824912
5.70015451279e-009	-0.000758274181862
5.72058517413e-009	-0.000865199312102
5.74101583546e-009	-0.000999029623927
5.7614464968e-009	-0.00111634669884
5.78187715813e-009	-0.0011896401993
5.80230781947e-009	-0.00121113852947
5.82273848081e-009	-0.00118525362632
5.84316914214e-009	-0.00112135995005
5.86359980348e-009	-0.00103257445153
5.88403046481e-009	-0.000935585427214
5.90446112615e-009	-0.000845985719934
5.92489178749e-009	-0.000772567596869
5.94532244882e-009	-0.00071573848254
5.96575311016e-009	-0.000672837377351
5.9861837715e-009	-0.000645640488074
6.00661443283e-009	-0.000640900674625
6.02704509417e-009	-0.000661774742184
6.0474757555e-009	-0.000698793592164
6.06790641684e-009	-0.00073312404129
6.08833707818e-009	-0.000752107953303
6.10876773951e-009	-0.000762644616771
6.12919840085e-009	-0.000787820114056
6.14962906218e-009	-0.000847023547976
6.17005972352e-009	-0.000936807118705
6.19049038486e-009	-0.00102920141944
6.21092104619e-009	-0.00108919886407
6.23135170753e-009	-0.00109652608808
6.25178236887e-009	-0.00105565789272
6.2722130302e-009	-0.000988824001979
6.29264369154e-009	-0.000919847065234
6.31307435287e-009	-0.000862413042341
6.33350501421e-009	-0.000818337226519
6.35393567555e-009	-0.000782588365837
6.37436633688e-009	-0.00074792036321
6.39479699822e-009	-0.000708030856913
6.41522765955e-009	-0.000660964768031
6.43565832089e-009	-0.00061343973357
6.45608898223e-009	-0.000581807071285
6.47651964356e-009	-0.000584732959396
6.4969503049e-009	-0.000630664741038
6.51738096624e-009	-0.00070916669938
6.53781162757e-009	-0.000794868974481
6.55824228891e-009	-0.000862163069542
6.57867295024e-009	-0.000899323858903
6.59910361158e-009	-0.000912576098926
6.61953427292e-009	-0.00091747296392
6.63996493425e-009	-0.0009252011223
6.66039559559e-009	-0.000934604526265
6.68082625692e-009	-0.00093527851277
6.70125691826e-009	-0.000918285382795
6.7216875796e-009	-0.00088396272622
6.74211824093e-009	-0.000840956126922
6.76254890227e-009	-0.00079852573981
6.78297956361e-009	-0.000759849339374
6.80341022494e-009	-0.000721602926205
6.82384088628e-009	-0.000678888747643
6.84427154761e-009	-0.000631398143014
6.86470220895e-009	-0.000586837959418
6.88513287029e-009	-0.000559505933779
6.90556353162e-009	-0.000563509056519
6.92599419296e-009	-0.000604658845987
6.9464248543e-009	-0.000676150426443
6.96685551563e-009	-0.000760085924412
6.98728617697e-009	-0.000833901533042
7.0077168383e-009	-0.000878385282704
7.02814749964e-009	-0.000885551577085
7.04857816098e-009	-0.000863001245307
7.06900882231e-009	-0.000831734767416
7.08943948365e-009	-0.00081505299022
7.10987014498e-009	-0.000823309834232
7.13030080632e-009	-0.000845971779199
7.15073146766e-009	-0.000858342638821
7.17116212899e-009	-0.000839403903228
7.19159279033e-009	-0.000786382574006
7.21202345167e-009	-0.000715455578757
7.232454113e-009	-0.00064980017487
7.25288477434e-009	-0.00060516227677
7.27331543567e-009	-0.000583717788686
7.29374609701e-009	-0.00057842485694
7.31417675835e-009	-0.000582232838497
7.33460741968e-009	-0.000594165903749
7.35503808102e-009	-0.000617981917458
7.37546874235e-009	-0.000656040123431
7.39589940369e-009	-0.000704218953615
7.41633006503e-009	-0.000752427673433
7.43676072636e-009	-0.000789482714026
7.4571913877e-009	-0.00080866504868
7.47762204904e-009	-0.000810321304016
7.49805271037e-009	-0.000801026093541
7.51848337171e-009	-0.000789914411143
7.53891403304e-009	-0.000784098680015
7.55934469438e-009	-0.000784747040598
7.57977535572e-009	-0.000785217285738
7.60020601705e-009	-0.000773380947066
7.62063667839e-009	-0.000738574155548
7.64106733972e-009	-0.000680465745972
7.66149800106e-009	-0.00061346921575
7.6819286624e-009	-0.000560959539143
7.70235932373e-009	-0.000541567758773
7.72278998507e-009	-0.000556928607693
7.74322064641e-009	-0.000591117735894
7.76365130774e-009	-0.000622607563855
7.78408196908e-009	-0.000638967925624
7.80451263041e-009	-0.00064323208062
7.82494329175e-009	-0.000648013919999
7.84537395309e-009	-0.000664400380629
7.86580461442e-009	-0.000694210197253
7.88623527576e-009	-0.000729991064873
7.90666593709e-009	-0.00076056564285
7.92709659843e-009	-0.000777567198384
7.94752725977e-009	-0.000778801375418
7.9679579211e-009	-0.000766983124777
7.98838858244e-009	-0.000746288278606
8.00881924378e-009	-0.000719741889043
8.02924990511e-009	-0.000689078297
8.04968056645e-009	-0.000655967487546
8.07011122778e-009	-0.000622461753665
8.09054188912e-009	-0.000591004478338
8.11097255046e-009	-0.000565104208363
8.13140321179e-009	-0.000549817872525
8.15183387313e-009	-0.000549929543922
8.17226453446e-009	-0.000565798305615
8.1926951958e-009	-0.000590697978623
8.21312585714e-009	-0.000613062547927
8.23355651847e-009	-0.000623966392595
8.25398717981e-009	-0.000624058171525
8.27441784115e-009	-0.000623775078566
8.29484850248e-009	-0.000635792850517
8.31527916382e-009	-0.000665019986627
8.33570982515e-009	-0.000703991252522
8.35614048649e-009	-0.000736809131922
8.37657114783e-009	-0.00074894836871
8.39700180916e-009	-0.000735625988455
8.4174324705e-009	-0.000703071411408
8.43786313183e-009	-0.000663221762807
8.45829379317e-009	-0.000626626024314
8.47872445451e-009	-0.000598583144892
8.49915511584e-009	-0.000579490901146
8.51958577718e-009	-0.00056725632021
8.54001643852e-009	-0.000559297157452
8.56044709985e-009	-0.000553546531592
8.58087776119e-009	-0.000549151278392
8.60130842252e-009	-0.000546846073121
8.62173908386e-009	-0.000548930715013
8.6421697452e-009	-0.00055780474213
8.66260040653e-009	-0.000573907222133
8.68303106787e-009	-0.000594300581724
8.7034617292e-009	-0.000613988435362
8.72389239054e-009	-0.000629613590718
8.74432305188e-009	-0.000641963953967
8.76475371321e-009	-0.000654384617519
8.78518437455e-009	-0.000667925873131
8.80561503589e-009	-0.000678146730934
8.82604569722e-009	-0.000677125084621
8.84647635856e-009	-0.000659732868371
8.86690701989e-009	-0.000628733308986
8.88733768123e-009	-0.000594081175223
8.90776834257e-009	-0.000566699032788
8.9281990039e-009	-0.000551608049136
8.94862966524e-009	-0.000545851202332
8.96906032658e-009	-0.00054238724988
8.98949098791e-009	-0.00053604637651
9.00992164925e-009	-0.000526989926584
9.03035231058e-009	-0.000519310240634
9.05078297192e-009	-0.000517424065038
9.07121363326e-009	-0.000523831731698
9.09164429459e-009	-0.000539046937774
9.11207495593e-009	-0.000561902248592
9.13250561726e-009	-0.000588639704802
9.1529362786e-009	-0.000612565767369
9.17336693994e-009	-0.000626422006462
9.19379760127e-009	-0.000627069282928
9.21422826261e-009	-0.00061813971115
9.23465892395e-009	-0.000607556728937
9.25508958528e-009	-0.000601382627792
9.27552024662e-009	-0.000599196573603
9.29595090795e-009	-0.000595034834987
9.31638156929e-009	-0.000582799912081
9.33681223063e-009	-0.000561791108339
9.35724289196e-009	-0.000537608881132
9.3776735533e-009	-0.00051776462351
9.39810421463e-009	-0.000506131931616
9.41853487597e-009	-0.000501035465277
9.43896553731e-009	-0.000498340545164
9.45939619864e-009	-0.000496135158755
9.47982685998e-009	-0.000496524939081
9.50025752132e-009	-0.000503306262544
9.52068818265e-009	-0.00051806090778
9.54111884399e-009	-0.000538524400326
9.56154950532e-009	-0.000559909865842
9.58198016666e-009	-0.000577339502343
9.602410828e-009	-0.000587370268477
9.62284148933e-009	-0.000588444476307
9.64327215067e-009	-0.000581246138609
9.663702812e-009	-0.000569169795199
9.68413347334e-009	-0.000557589788514
9.70456413468e-009	-0.000551106975763
9.72499479601e-009	-0.000550228272914
9.74542545735e-009	-0.000550196920813
9.76585611869e-009	-0.000543825073692
9.78628678002e-009	-0.000526901370904
9.80671744136e-009	-0.000502037066326
9.82714810269e-009	-0.000477719666378
9.84757876403e-009	-0.000462915129901
9.86800942537e-009	-0.00046156199096
9.8884400867e-009	-0.00047087558778
9.90887074804e-009	-0.000484264186525
9.92930140937e-009	-0.00049616186152
9.94973207071e-009	-0.000505059935676
9.97016273205e-009	-0.000513096536451
9.99059339338e-009	-0.00052272072935
1.00110240547e-008	-0.000533763042768
1.00314547161e-008	-0.000543190428289
1.00518853774e-008	-0.000547660471057
1.00723160387e-008	-0.00054622170137
1.00927467001e-008	-0.000540530912986
1.01131773614e-008	-0.000533154656296
1.01336080227e-008	-0.000525719209691
1.01540386841e-008	-0.000518488872331
1.01744693454e-008	-0.000511089674546
1.01949000067e-008	-0.000502753944602
1.02153306681e-008	-0.000492304519867
1.02357613294e-008	-0.000478788329929
1.02561919908e-008	-0.000463167772978
1.02766226521e-008	-0.000449272716651
1.02970533134e-008	-0.000442505501269
1.03174839748e-008	-0.000446383921371
1.03379146361e-008	-0.00045952439541
1.03583452974e-008	-0.000475846805784
1.03787759588e-008	-0.00048824219266
1.03992066201e-008	-0.000493267107231
1.04196372814e-008	-0.000493130704854
1.04400679428e-008	-0.000493423707667
1.04604986041e-008	-0.000498291141412
1.04809292655e-008	-0.000507084674609
1.05013599268e-008	-0.000515116706083
1.05217905881e-008	-0.000517542066518
1.05422212495e-008	-0.0005126706601
1.05626519108e-008	-0.000502285802213
1.05830825721e-008	-0.000489564146847
1.06035132335e-008	-0.000476940294902
1.06239438948e-008	-0.000465457960672
1.06443745561e-008	-0.000455564557342
1.06648052175e-008	-0.000447708036518
1.06852358788e-008	-0.000442117983766
1.07056665401e-008	-0.000438493829279
1.07260972015e-008	-0.000436364935013
1.07465278628e-008	-0.000436013622675
1.07669585242e-008	-0.000438614653831
1.07873891855e-008	-0.000445011944976
1.08078198468e-008	-0.00045415207569
1.08282505082e-008	-0.000463036289148
1.08486811695e-008	-0.000468752325105
1.08691118308e-008	-0.000470875151223
1.08895424922e-008	-0.000471811581519
1.09099731535e-008	-0.000474588348879
1.09304038148e-008	-0.000479879483464
1.09508344762e-008	-0.000484902440803
1.09712651375e-008	-0.000485295022372
1.09916957989e-008	-0.000478302237752
1.10121264602e-008	-0.000464795084554
1.10325571215e-008	-0.000448795879493
1.10529877829e-008	-0.000434982488514
1.10734184442e-008	-0.000426201804657
1.10938491055e-008	-0.000422423101554
1.11142797669e-008	-0.000421734177507
1.11347104282e-008	-0.000422017830715
1.11551410895e-008	-0.000421999058744
1.11755717509e-008	-0.000421476543124
1.11960024122e-008	-0.000420986951212
1.12164330736e-008	-0.000421668570198
1.12368637349e-008	-0.000424776881118
1.12572943962e-008	-0.000430884516391
1.12777250576e-008	-0.000439158160589
1.12981557189e-008	-0.000447419297416
1.13185863802e-008	-0.000453195149021
1.13390170416e-008	-0.000455186498584
1.13594477029e-008	-0.000453861706774
1.13798783642e-008	-0.000450862338766
1.14003090256e-008	-0.000447491554951
1.14207396869e-008	-0.000443583594461
1.14411703483e-008	-0.000437738170149
1.14616010096e-008	-0.00042890370969
1.14820316709e-008	-0.000417971845309
1.15024623323e-008	-0.000407707055274
1.15228929936e-008	-0.000401062519813
1.15433236549e-008	-0.000399025688239
1.15637543163e-008	-0.000400099423132
1.15841849776e-008	-0.000401624260121
1.16046156389e-008	-0.000401889788918
1.16250463003e-008	-0.00040113904106
1.16454769616e-008	-0.000401029508794
1.16659076229e-008	-0.000403176301916
1.16863382843e-008	-0.000408159292419
1.17067689456e-008	-0.000415208669438
1.1727199607e-008	-0.00042261978524
1.17476302683e-008	-0.000428495375672
1.17680609296e-008	-0.000431175008998
1.1788491591e-008	-0.000429810905189
1.18089222523e-008	-0.00042482335266
1.18293529136e-008	-0.000417964001826
1.1849783575e-008	-0.000411561210058
1.18702142363e-008	-0.000407116254792
1.18906448976e-008	-0.000404218873882
1.1911075559e-008	-0.000400961005653
1.19315062203e-008	-0.000395543080231
1.19519368817e-008	-0.000388013853808
1.1972367543e-008	-0.000380458812288
1.19927982043e-008	-0.000375627736503
1.20132288657e-008	-0.000374956667656
1.2033659527e-008	-0.000377630065486
1.20540901883e-008	-0.000381455196475
1.20745208497e-008	-0.000384669336199
1.2094951511e-008	-0.000387148458685
1.21153821723e-008	-0.000389922126487
1.21358128337e-008	-0.000393831593101
1.2156243495e-008	-0.000398502750613
1.21766741564e-008	-0.000402483907237
1.21971048177e-008	-0.000404286649427
1.2217535479e-008	-0.000403246318456
1.22379661404e-008	-0.000399691532948
1.22583968017e-008	-0.000394598457206
1.2278827463e-008	-0.000389174492739
1.22992581244e-008	-0.000384467333788
1.23196887857e-008	-0.000380981844501
1.2340119447e-008	-0.000378329248633
1.23605501084e-008	-0.000375404131773
1.23809807697e-008	-0.000371119662304
1.24014114311e-008	-0.000365287356544
1.24218420924e-008	-0.000359139936336
1.24422727537e-008	-0.000354915922799
1.24627034151e-008	-0.000354630807124
1.24831340764e-008	-0.000358656845492
1.25035647377e-008	-0.000365187341231
1.25239953991e-008	-0.000371344416635
1.25444260604e-008	-0.00037496456207
1.25648567217e-008	-0.000375880517822
1.25852873831e-008	-0.000375614989025
1.26057180444e-008	-0.000375797360903
1.26261487057e-008	-0.000376852192858
1.26465793671e-008	-0.000377800271963
1.26670100284e-008	-0.000377252967155
1.26874406898e-008	-0.000374577131879
1.27078713511e-008	-0.000370247638784
1.27283020124e-008	-0.000365348223568
1.27487326738e-008	-0.000360759102477
1.27691633351e-008	-0.000356743119482
1.27895939964e-008	-0.00035312154796
1.28100246578e-008	-0.000349639456545
1.28304553191e-008	-0.000346258631907
1.28508859804e-008	-0.000343237108609
1.28713166418e-008	-0.000341017381288
1.28917473031e-008	-0.000340207745467
1.29121779645e-008	-0.000341412142006
1.29326086258e-008	-0.000344767981005
1.29530392871e-008	-0.000349531921529
1.29734699485e-008	-0.000354129249899
1.29939006098e-008	-0.000356920780177
1.30143312711e-008	-0.000357166925824
1.30347619325e-008	-0.000355622771167
1.30551925938e-008	-0.00035397571628
1.30756232551e-008	-0.000353532795998
1.30960539165e-008	-0.000354224255716
1.31164845778e-008	-0.00035453356395
1.31369152392e-008	-0.000352728340658
1.31573459005e-008	-0.000348259269231
1.31777765618e-008	-0.000342139162967
1.31982072232e-008	-0.000336225122737
1.32186378845e-008	-0.000331860548613
1.32390685458e-008	-0.000329268652422
1.32594992072e-008	-0.000327920133714
1.32799298685e-008	-0.000327148653014
1.33003605298e-008	-0.000326690853399
1.33207911912e-008	-0.000326633067743
1.33412218525e-008	-0.000327108711645
1.33616525138e-008	-0.000328177859046
1.33820831752e-008	-0.000329804217472
1.34025138365e-008	-0.00033193962372
1.34229444979e-008	-0.000334351483616
1.34433751592e-008	-0.000336492226779
1.34638058205e-008	-0.000337660025252
1.34842364819e-008	-0.000337398145348
1.35046671432e-008	-0.000335935252224
1.35250978045e-008	-0.000334067939548
1.35455284659e-008	-0.000332490129949
1.35659591272e-008	-0.000331074385031
1.35863897885e-008	-0.000328892358084
1.36068204499e-008	-0.000325111763232
1.36272511112e-008	-0.000319959843182
1.36476817726e-008	-0.0003147637035
1.36681124339e-008	-0.000311167805194
1.36885430952e-008	-0.000309927771013
1.37089737566e-008	-0.000310521496431
1.37294044179e-008	-0.000311676336423
1.37498350792e-008	-0.000312302079692
1.37702657406e-008	-0.000312213451252
1.37906964019e-008	-0.000311966781737
1.38111270632e-008	-0.000312244472298
1.38315577246e-008	-0.00031333314837
1.38519883859e-008	-0.000315056480758
1.38724190473e-008	-0.000317032296152
1.38928497086e-008	-0.0003188086921
1.39132803699e-008	-0.000319818260323
1.39337110313e-008	-0.000319533730362
1.39541416926e-008	-0.000317666304909
1.39745723539e-008	-0.000314549753966
1.39950030153e-008	-0.000311048195726
1.40154336766e-008	-0.00030800616878
1.40358643379e-008	-0.000305675530399
1.40562949993e-008	-0.000303574302961
1.40767256606e-008	-0.000301079689962
1.4097156322e-008	-0.00029811569766
1.41175869833e-008	-0.000295393641863
1.41380176446e-008	-0.000293872315524
1.4158448306e-008	-0.000293966048048
1.41788789673e-008	-0.000295132565952
1.41993096286e-008	-0.000296367219562
1.421974029e-008	-0.000296923193673
1.42401709513e-008	-0.000296915193758
1.42606016126e-008	-0.000297040711303
1.4281032274e-008	-0.000297884675092
1.43014629353e-008	-0.000299434152112
1.43218935966e-008	-0.000301047519315
1.4342324258e-008	-0.00030195652289
1.43627549193e-008	-0.000301650943584
1.43831855807e-008	-0.00030007467285
1.4403616242e-008	-0.000297525566566
1.44240469033e-008	-0.000294441586448
1.44444775647e-008	-0.000291346899758
1.4464908226e-008	-0.000288726951112
1.44853388873e-008	-0.000286845061055
1.45057695487e-008	-0.000285615009489
1.452620021e-008	-0.000284482855932
1.45466308713e-008	-0.000282917630102
1.45670615327e-008	-0.000280888110865
1.4587492194e-008	-0.000279037478322
1.46079228554e-008	-0.000278304352832
1.46283535167e-008	-0.000279088810203
1.4648784178e-008	-0.00028094807567
1.46692148394e-008	-0.000282830129436
1.46896455007e-008	-0.000283871439024
1.4710076162e-008	-0.000284007521259
1.47305068234e-008	-0.000283759989543
1.47509374847e-008	-0.00028368708081
1.4771368146e-008	-0.000283879646304
1.47917988074e-008	-0.00028382358505
1.48122294687e-008	-0.000282973673166
1.48326601301e-008	-0.000281120541331
1.48530907914e-008	-0.000278610637906
1.48735214527e-008	-0.000276034232229
1.48939521141e-008	-0.000273759418633
1.49143827754e-008	-0.000271889603027
1.49348134367e-008	-0.000270330350759
1.49552440981e-008	-0.000268986870651
1.49756747594e-008	-0.000267830855591
1.49961054207e-008	-0.000266747527348
1.50165360821e-008	-0.000265700255113
1.50369667434e-008	-0.000264871727268
1.50573974048e-008	-0.000264637164946
1.50778280661e-008	-0.000265410966676
1.50982587274e-008	-0.000267112533038
1.51186893888e-008	-0.000269104279141
1.51391200501e-008	-0.000270424108749
1.51595507114e-008	-0.000270461983746
1.51799813728e-008	-0.000269407628366
1.52004120341e-008	-0.000268025331025
1.52208426954e-008	-0.000267040948529
1.52412733568e-008	-0.000266562256002
1.52617040181e-008	-0.000266068378551
1.52821346794e-008	-0.000264960941422
1.53025653408e-008	-0.000263015463133
1.53229960021e-008	-0.000260562519543
1.53434266635e-008	-0.000258170188317
1.53638573248e-008	-0.000256200735748
1.53842879861e-008	-0.000254742873949
1.54047186475e-008	-0.000253663049079
1.54251493088e-008	-0.000252840167377
1.54455799701e-008	-0.000252278863627
1.54660106315e-008	-0.000251981971815
1.54864412928e-008	-0.000251981160545
1.55068719541e-008	-0.000252252546488
1.55273026155e-008	-0.000252778012509
1.55477332768e-008	-0.000253558948316
1.55681639382e-008	-0.000254416419921
1.55885945995e-008	-0.000255014554568
1.56090252608e-008	-0.000254968985246
1.56294559222e-008	-0.000254109116213
1.56498865835e-008	-0.000252733003435
1.56703172448e-008	-0.00025137844932
1.56907479062e-008	-0.000250435958151
1.57111785675e-008	-0.00024982423929
1.57316092288e-008	-0.000249041015195
1.57520398902e-008	-0.000247643016337
1.57724705515e-008	-0.000245553907007
1.57929012129e-008	-0.000243242804572
1.58133318742e-008	-0.000241369234573
1.58337625355e-008	-0.00024031635985
1.58541931969e-008	-0.000240076496993
1.58746238582e-008	-0.000240245517489
1.58950545195e-008	-0.000240432153078
1.59154851809e-008	-0.000240485816903
1.59359158422e-008	-0.00024045137252
1.59563465035e-008	-0.000240485438553
1.59767771649e-008	-0.000240625435254
1.59972078262e-008	-0.000240826797381
1.60176384876e-008	-0.000241037665546
1.60380691489e-008	-0.000241114590608
1.60584998102e-008	-0.000240947923885
1.60789304716e-008	-0.00024034825401
1.60993611329e-008	-0.000239209883148
1.61197917942e-008	-0.000237694286625
1.61402224556e-008	-0.000236061088799
1.61606531169e-008	-0.000234617065871
1.61810837782e-008	-0.000233414270042
1.62015144396e-008	-0.000232234422583
1.62219451009e-008	-0.000230862362514
1.62423757622e-008	-0.000229274977755
1.62628064236e-008	-0.000227834960242
1.62832370849e-008	-0.000226980198931
1.63036677463e-008	-0.000226857093367
1.63240984076e-008	-0.000227288430324
1.63445290689e-008	-0.000227768141485
1.63649597303e-008	-0.000227938606258
1.63853903916e-008	-0.000227791522775
1.64058210529e-008	-0.000227519227337
1.64262517143e-008	-0.000227433814871
1.64466823756e-008	-0.000227591070143
1.64671130369e-008	-0.000227823988098
1.64875436983e-008	-0.000227911728871
1.65079743596e-008	-0.000227625041589
1.6528405021e-008	-0.000226919739362
1.65488356823e-008	-0.000225793261052
1.65692663436e-008	-0.000224330557103
1.6589697005e-008	-0.000222750877583
1.66101276663e-008	-0.000221276401135
1.66305583276e-008	-0.000220140020247
1.6650988989e-008	-0.000219364261284
1.66714196503e-008	-0.000218748293264
1.66918503116e-008	-0.000218078122998
1.6712280973e-008	-0.000217256027099
1.67327116343e-008	-0.000216487165744
1.67531422957e-008	-0.000216061034735
1.6773572957e-008	-0.000216085391003
1.67940036183e-008	-0.000216448643187
1.68144342797e-008	-0.00021677209952
1.6834864941e-008	-0.000216796015593
1.68552956023e-008	-0.000216496977373
1.68757262637e-008	-0.000216036158236
1.6896156925e-008	-0.000215682968701
1.69165875863e-008	-0.000215427371586
1.69370182477e-008	-0.00021508273494
1.6957448909e-008	-0.000214420408156
1.69778795704e-008	-0.000213295301364
1.69983102317e-008	-0.000211846032471
1.7018740893e-008	-0.000210274065466
1.70391715544e-008	-0.000208790097531
1.70596022157e-008	-0.000207565772143
1.7080032877e-008	-0.00020661153394
1.71004635384e-008	-0.000205931242817
1.71208941997e-008	-0.000205415137316
1.7141324861e-008	-0.000204936142836
1.71617555224e-008	-0.000204459920496
1.71821861837e-008	-0.00020396432592
1.7202616845e-008	-0.000203652969503
1.72230475064e-008	-0.000203693405638
1.72434781677e-008	-0.000204107578611
1.72639088291e-008	-0.000204767962714
1.72843394904e-008	-0.0002052983873
1.73047701517e-008	-0.000205459360586
1.73252008131e-008	-0.000205218177143
1.73456314744e-008	-0.000204748022952
1.73660621357e-008	-0.000204348438274
1.73864927971e-008	-0.000204043448321
1.74069234584e-008	-0.000203727358894
1.74273541197e-008	-0.000203197039809
1.74477847811e-008	-0.000202306622668
1.74682154424e-008	-0.000201198727154
1.74886461038e-008	-0.000200074995519
1.75090767651e-008	-0.000199117381271
1.75295074264e-008	-0.000198390171136
1.75499380878e-008	-0.000197731649678
1.75703687491e-008	-0.00019707181491
1.75907994104e-008	-0.000196341421542
1.76112300718e-008	-0.000195567667106
1.76316607331e-008	-0.000194845135411
1.76520913944e-008	-0.00019414327835
1.76725220558e-008	-0.000193557316379
1.76929527171e-008	-0.000193072170077
1.77133833785e-008	-0.000192642928596
1.77338140398e-008	-0.000192192317627
1.77542447011e-008	-0.000191489885765
1.77746753625e-008	-0.000190493827176
1.77951060238e-008	-0.000189289265109
1.78155366851e-008	-0.000188081443412
1.78359673465e-008	-0.00018718112733
1.78563980078e-008	-0.000186601864698
1.78768286691e-008	-0.000186228913662
1.78972593305e-008	-0.000185846878594
1.79176899918e-008	-0.000185302742466
1.79381206532e-008	-0.000184792887012
1.79585513145e-008	-0.000184500153409
1.79789819758e-008	-0.000184646674825
1.79994126372e-008	-0.00018524396728
1.80198432985e-008	-0.000186058343388
1.80402739598e-008	-0.000186946306712
1.80607046212e-008	-0.0001877803752
1.80811352825e-008	-0.000188543455806
1.81015659438e-008	-0.000189268021131
1.81219966052e-008	-0.00018987236399
1.81424272665e-008	-0.000190335205843
1.81628579278e-008	-0.00019055815028
1.81832885892e-008	-0.000190466475033
1.82037192505e-008	-0.000190063832633
1.82241499119e-008	-0.000189212436453
1.82445805732e-008	-0.000187954430658
1.82650112345e-008	-0.000186310157005
1.82854418959e-008	-0.000184400651051
1.83058725572e-008	-0.000182438674528
1.83263032185e-008	-0.000180411881956
1.83467338799e-008	-0.000178307993338
1.83671645412e-008	-0.000176023793756
1.83875952025e-008	-0.000173533524503
1.84080258639e-008	-0.000171094385223
1.84284565252e-008	-0.000168912920344
1.84488871866e-008	-0.000167236343259
1.84693178479e-008	-0.000166106035977
1.84897485092e-008	-0.000165317478604
1.85101791706e-008	-0.000164812749063
1.85306098319e-008	-0.000164487973962
1.85510404932e-008	-0.000164432767633
1.85714711546e-008	-0.000164804836459
1.85919018159e-008	-0.000165573777849
1.86123324772e-008	-0.000166758180058
1.86327631386e-008	-0.000168208400282
1.86531937999e-008	-0.000169833525433
1.86736244613e-008	-0.000171626023075
1.86940551226e-008	-0.000173440208528
1.87144857839e-008	-0.000175273895366
1.87349164453e-008	-0.000177029189217
1.87553471066e-008	-0.000178673955816
1.87757777679e-008	-0.000180265971721
1.87962084293e-008	-0.000181673840416
1.88166390906e-008	-0.000182834814041
1.88370697519e-008	-0.000183554175237
1.88575004133e-008	-0.000183685007869
1.88779310746e-008	-0.000183289930646
1.88983617359e-008	-0.000182363986823
1.89187923973e-008	-0.000181035156857
1.89392230586e-008	-0.000179272270543
1.895965372e-008	-0.000176899684448
1.89800843813e-008	-0.000173937170985
1.90005150426e-008	-0.000170351282577
1.9020945704e-008	-0.000166391400853
1.90413763653e-008	-0.000162296839335
1.90618070266e-008	-0.00015814593462
1.9082237688e-008	-0.000154083134476
1.91026683493e-008	-0.00015006362446
1.91230990106e-008	-0.000146201206007
1.9143529672e-008	-0.000142719376527
1.91639603333e-008	-0.000139751849929
1.91843909947e-008	-0.00013756493172
1.9204821656e-008	-0.000136235741593
1.92252523173e-008	-0.000135830388899
1.92456829787e-008	-0.000136471925543
1.926611364e-008	-0.000138054820127
1.92865443013e-008	-0.000140602925057
1.93069749627e-008	-0.000143942761497
1.9327405624e-008	-0.000147909369844
1.93478362853e-008	-0.000152477214215
1.93682669467e-008	-0.00015746805002
1.9388697608e-008	-0.000162832988281
1.94091282694e-008	-0.000168324255355
1.94295589307e-008	-0.000173570741026
1.9449989592e-008	-0.000178353389856
1.94704202534e-008	-0.000182375133591
1.94908509147e-008	-0.000185608474567
1.9511281576e-008	-0.000188007204997
1.95317122374e-008	-0.000189390393643
1.95521428987e-008	-0.000189672229681
1.957257356e-008	-0.000188572512343
1.95930042214e-008	-0.000186064991794
1.96134348827e-008	-0.000182268768185
1.96338655441e-008	-0.000177280051503
1.96542962054e-008	-0.000171416061676
1.96747268667e-008	-0.000164764185683
1.96951575281e-008	-0.000157488873811
1.97155881894e-008	-0.000149835434058
1.97360188507e-008	-0.000141902317409
1.97564495121e-008	-0.000134066503961
1.97768801734e-008	-0.00012651497309
1.97973108347e-008	-0.000119510266813
1.98177414961e-008	-0.00011342300968
1.98381721574e-008	-0.000108405756691
1.98586028187e-008	-0.000104787198325
1.98790334801e-008	-0.000102633574443
1.98994641414e-008	-0.000101914142306
1.99198948028e-008	-0.000102721604435
1.99403254641e-008	-0.000104964438265
1.99607561254e-008	-0.000108790250579
1.99811867868e-008	-0.000114234322382
2.00016174481e-008	-0.000121125687429
2.00220481094e-008	-0.000129319893858
2.00424787708e-008	-0.000138312064792
2.00629094321e-008	-0.000147788684444
2.00833400934e-008	-0.000157414717251
2.01037707548e-008	-0.000166826919667
2.01242014161e-008	-0.00017588069386
2.01446320775e-008	-0.000184142656508
2.01650627388e-008	-0.000191335973796
2.01854934001e-008	-0.000197169994863
2.02059240615e-008	-0.000201262999326
2.02263547228e-008	-0.000203538669666
2.02467853841e-008	-0.000203733795388
2.02672160455e-008	-0.000201762729375
2.02876467068e-008	-0.000197682276394
2.03080773681e-008	-0.000191449101521
2.03285080295e-008	-0.000183372275274
2.03489386908e-008	-0.000173590837903
2.03693693522e-008	-0.000162317873674
2.03898000135e-008	-0.000149942944972
2.04102306748e-008	-0.0001366898382
2.04306613362e-008	-0.000123155499523
2.04510919975e-008	-0.000109853058234
2.04715226588e-008	-9.72578177425e-005
2.04919533202e-008	-8.59603064782e-005
2.05123839815e-008	-7.61768751545e-005
2.05328146428e-008	-6.83067905811e-005
2.05532453042e-008	-6.25843480293e-005
2.05736759655e-008	-5.91485811583e-005
2.05941066269e-008	-5.8271273474e-005
2.06145372882e-008	-5.98909939526e-005
2.06349679495e-008	-6.40666317508e-005
2.06553986109e-008	-7.07623144649e-005
2.06758292722e-008	-7.97464404627e-005
2.06962599335e-008	-9.09558212925e-005
2.07166905949e-008	-0.0001039209385
2.07371212562e-008	-0.000118200109682
2.07575519175e-008	-0.000133319343604
2.07779825789e-008	-0.000148598203964
2.07984132402e-008	-0.000163751011428
2.08188439015e-008	-0.000178214539119
2.08392745629e-008	-0.000191568846276
2.08597052242e-008	-0.000203410027098
2.08801358856e-008	-0.000213067000004
2.09005665469e-008	-0.000220261244976
2.09209972082e-008	-0.000224614579565
2.09414278696e-008	-0.000225952353958
2.09618585309e-008	-0.000224435724249
2.09822891922e-008	-0.000220014083652
2.10027198536e-008	-0.000212984744849
2.10231505149e-008	-0.000203498808332
2.10435811762e-008	-0.000191596658624
2.10640118376e-008	-0.000177602250915
2.10844424989e-008	-0.00016153330489
2.11048731603e-008	-0.000143847782056
2.11253038216e-008	-0.000125110100271
2.11457344829e-008	-0.000105921494651
2.11661651443e-008	-8.72318305483e-005
2.11865958056e-008	-6.95476269357e-005
2.12070264669e-008	-5.34136902388e-005
2.12274571283e-008	-3.91791547827e-005
2.12478877896e-008	-2.69936368795e-005
2.12683184509e-008	-1.7364766336e-005
2.12887491123e-008	-1.05714761958e-005
2.13091797736e-008	-7.05821094016e-006
2.1329610435e-008	-7.14383804734e-006
2.13500410963e-008	-1.06747993414e-005
2.13704717576e-008	-1.76167886821e-005
2.1390902419e-008	-2.75015190709e-005
2.14113330803e-008	-4.00081044063e-005
2.14317637416e-008	-5.50175682292e-005
2.1452194403e-008	-7.22033382772e-005
2.14726250643e-008	-9.16665121622e-005
2.14930557256e-008	-0.000113070897896
2.1513486387e-008	-0.000135879661343
2.15339170483e-008	-0.000159495427852
2.15543477097e-008	-0.000182690920724
2.1574778371e-008	-0.00020467097147
2.15952090323e-008	-0.000224619110668
2.16156396937e-008	-0.000241970022216
2.1636070355e-008	-0.000256723154507
2.16565010163e-008	-0.000268495867886
2.16769316777e-008	-0.00027711718576
2.1697362339e-008	-0.000282110228
2.17177930003e-008	-0.000282779425106
2.17382236617e-008	-0.000278890700429
2.1758654323e-008	-0.000270156711849
2.17790849843e-008	-0.000256816391811
2.17995156457e-008	-0.000239318230342
2.1819946307e-008	-0.000217833415263
2.18403769684e-008	-0.000192818552478
2.18608076297e-008	-0.000164208509432
2.1881238291e-008	-0.000132213293227
2.19016689524e-008	-9.73514702309e-005
2.19220996137e-008	-6.0281649553e-005
2.1942530275e-008	-2.25160321747e-005
2.19629609364e-008	1.45302187775e-005
2.19833915977e-008	4.92964185241e-005
2.2003822259e-008	8.04057224286e-005
2.20242529204e-008	0.000107274649054
2.20446835817e-008	0.000129182496039
2.20651142431e-008	0.000145759330735
2.20855449044e-008	0.000156431146934
2.21059755657e-008	0.000160043188771
2.21264062271e-008	0.000155868456204
2.21468368884e-008	0.000142802440678
2.21672675497e-008	0.000120500859339
2.21876982111e-008	8.92224288691e-005
2.22081288724e-008	4.93103943882e-005
2.22285595337e-008	1.84270902537e-006
2.22489901951e-008	-5.24359347764e-005
2.22694208564e-008	-0.000112621545668
2.22898515178e-008	-0.000177343895871
2.23102821791e-008	-0.000245285636993
2.23307128404e-008	-0.000314023825013
2.23511435018e-008	-0.000380946328733
2.23715741631e-008	-0.000443229790108
2.23920048244e-008	-0.000497781988088
2.24124354858e-008	-0.000542480924196
2.24328661471e-008	-0.000575466645387
2.24532968084e-008	-0.000595503224758
2.24737274698e-008	-0.000601778694545
2.24941581311e-008	-0.00059308159689
2.25145887925e-008	-0.000568578489037
2.25350194538e-008	-0.000527182519363
2.25554501151e-008	-0.000468323420137
2.25758807765e-008	-0.000392587087845
2.25963114378e-008	-0.00030104801408
2.26167420991e-008	-0.000196336597583
2.26371727605e-008	-8.13766200736e-005
2.26576034218e-008	4.03887953553e-005
2.26780340831e-008	0.000164979124747
2.26984647445e-008	0.0002887835617
2.27188954058e-008	0.00040724342216
2.27393260671e-008	0.000515843843459
2.27597567285e-008	0.000609983842878
2.27801873898e-008	0.000684612481564
2.28006180512e-008	0.000735872083169
2.28210487125e-008	0.000760380393331
2.28414793738e-008	0.000755918757932
2.28619100352e-008	0.000721794191122
2.28823406965e-008	0.000657527687508
2.29027713578e-008	0.00056388939538
2.29232020192e-008	0.000441818823901
2.29436326805e-008	0.000292868355245
2.29640633418e-008	0.00011996415742
2.29844940032e-008	-7.32614389563e-005
2.30049246645e-008	-0.000281073686892
2.30253553259e-008	-0.000496526672578
2.30457859872e-008	-0.000711822033281
2.30662166485e-008	-0.000918247333175
2.30866473099e-008	-0.00110764322744
2.31070779712e-008	-0.00127195106325
2.31275086325e-008	-0.00140381534584
2.31479392939e-008	-0.00149708690878
2.31683699552e-008	-0.00154599999951
2.31888006165e-008	-0.00154645145085
2.32092312779e-008	-0.00149542502186
2.32296619392e-008	-0.00139153765485
2.32500926006e-008	-0.00123587554845
2.32705232619e-008	-0.00103096024031
2.32909539232e-008	-0.000781704984547
2.33113845846e-008	-0.000494454598766
2.33318152459e-008	-0.000176855233804
2.33522459072e-008	0.000161728088642
2.33726765686e-008	0.000511520975124
2.33931072299e-008	0.000860941859628
2.34135378912e-008	0.00119746671407
2.34339685526e-008	0.00150795352965
2.34543992139e-008	0.00177822343539
2.34748298752e-008	0.00199530563259
2.34952605366e-008	0.00214745699486
2.35156911979e-008	0.00222507737635
2.35361218593e-008	0.00222211016808
2.35565525206e-008	0.00213493160845
2.35769831819e-008	0.00196352101921
2.35974138433e-008	0.00171064769529
2.36178445046e-008	0.0013809669108
2.36382751659e-008	0.000982252528956
2.36587058273e-008	0.000524023744219
2.36791364886e-008	1.8931372324e-005
2.36995671499e-008	-0.000517554612543
2.37199978113e-008	-0.00106799151399
2.37404284726e-008	-0.00161262668917
2.3760859134e-008	-0.00213130085831
2.37812897953e-008	-0.00260400560728
2.38017204566e-008	-0.00301125604892
2.3822151118e-008	-0.00333569900249
2.38425817793e-008	-0.00356084352825
2.38630124406e-008	-0.00367301685037
2.3883443102e-008	-0.00366105054854
2.39038737633e-008	-0.00351761042839
2.39243044246e-008	-0.0032413136214
2.3944735086e-008	-0.0028358529089
2.39651657473e-008	-0.00231196457753
2.39855964087e-008	-0.00168506722912
2.400602707e-008	-0.000974403494183
2.40264577313e-008	-0.000202311290195
2.40468883927e-008	0.000608416230534
2.4067319054e-008	0.00143305695201
2.40877497153e-008	0.00224506965606
2.41081803767e-008	0.00301663488563
2.4128611038e-008	0.00371685206119
2.41490416993e-008	0.0043154204468
2.41694723607e-008	0.00478357639804
2.4189903022e-008	0.00509617204079
2.42103336834e-008	0.00523537694244
2.42307643447e-008	0.00518923677737
2.4251195006e-008	0.00495260959724
2.42716256674e-008	0.00452640047297
2.42920563287e-008	0.00391631101957
2.431248699e-008	0.00313471414847
2.43329176514e-008	0.00220057026797
2.43533483127e-008	0.00114106071123
2.4373778974e-008	-8.51647928357e-006
2.43942096354e-008	-0.00120802165475
2.44146402967e-008	-0.00241355691355
2.4435070958e-008	-0.00358239305206
2.44555016194e-008	-0.00467436245526
2.44759322807e-008	-0.00565214536618
2.44963629421e-008	-0.00648146653839
2.45167936034e-008	-0.00712828764517
2.45372242647e-008	-0.00755952499458
2.45576549261e-008	-0.00774535594974
2.45780855874e-008	-0.00766230613226
2.45985162487e-008	-0.00729875732213
2.46189469101e-008	-0.00665637617931
2.46393775714e-008	-0.00575097388355
2.46598082327e-008	-0.00460998415656
2.46802388941e-008	-0.00326780605519
2.47006695554e-008	-0.00176539301174
2.47211002168e-008	-0.000146618636791
2.47415308781e-008	0.00153962121112
2.47619615394e-008	0.00323739316082
2.47823922008e-008	0.00488697362016
2.48028228621e-008	0.00642354832962
2.48232535234e-008	0.00778506166534
2.48436841848e-008	0.00891638515168
2.48641148461e-008	0.00977287159003
2.48845455074e-008	0.0103223071783
2.49049761688e-008	0.0105400818284
2.49254068301e-008	0.0104079908924
2.49458374915e-008	0.00991282454925
2.49662681528e-008	0.00904838426504
2.49866988141e-008	0.00782155239722
2.50071294755e-008	0.00625630245486
2.50275601368e-008	0.00439794809063
2.50479907981e-008	0.00231103191618
2.50684214595e-008	7.16439681128e-005
2.50888521208e-008	-0.00223743054084
2.51092827821e-008	-0.00453769124761
2.51297134435e-008	-0.00675508973654
2.51501441048e-008	-0.00881840172224
2.51705747662e-008	-0.0106597616104
2.51910054275e-008	-0.0122086709598
2.52114360888e-008	-0.0133979684906
2.52318667502e-008	-0.0141688577423
2.52522974115e-008	-0.0144766435842
2.52727280728e-008	-0.0142988028238
2.52931587342e-008	-0.0136330659734
2.53135893955e-008	-0.0124939205125
2.53340200568e-008	-0.01090701262
2.53544507182e-008	-0.00890457860078
2.53748813795e-008	-0.00652846097364
2.53953120408e-008	-0.00383439997677
2.54157427022e-008	-0.000898897182196
2.54361733635e-008	0.00217814475764
2.54566040249e-008	0.00528012518771
2.54770346862e-008	0.00828219222603
2.54974653475e-008	0.0110665556858
2.55178960089e-008	0.0135340737179
2.55383266702e-008	0.0156041035661
2.55587573315e-008	0.0172169933212
2.55791879929e-008	0.0183213361306
2.55996186542e-008	0.018871127977
2.56200493155e-008	0.018824613071
2.56404799769e-008	0.0181533150608
2.56609106382e-008	0.0168511529919
2.56813412996e-008	0.0149396485649
2.57017719609e-008	0.0124696370913
2.57222026222e-008	0.00951552478364
2.57426332836e-008	0.00616446405184
2.57630639449e-008	0.00250991072971
2.57834946062e-008	-0.00135009957012
2.58039252676e-008	-0.00530752295163
2.58243559289e-008	-0.00923952669837
2.58447865902e-008	-0.0130043849349
2.58652172516e-008	-0.0164524759166
2.58856479129e-008	-0.0194382846821
2.59060785743e-008	-0.0218406504755
2.59265092356e-008	-0.0235733489972
2.59469398969e-008	-0.0245876415865
2.59673705583e-008	-0.0248633855954
2.59878012196e-008	-0.0243984929984
2.60082318809e-008	-0.0231941245729
2.60286625423e-008	-0.0212551272707
2.60490932036e-008	-0.018595245434
2.60695238649e-008	-0.0152543365839
2.60899545263e-008	-0.0113035123795
2.61103851876e-008	-0.00685320305638
2.6130815849e-008	-0.00203879573382
2.61512465103e-008	0.00298548513092
2.61716771716e-008	0.00806713395286
2.6192107833e-008	0.0130556512158
2.62125384943e-008	0.0178022637228
2.62329691556e-008	0.0221567968838
2.6253399817e-008	0.0259623137536
2.62738304783e-008	0.0290639495943
2.62942611396e-008	0.0313267259626
2.6314691801e-008	0.0326520372182
2.63351224623e-008	0.0329879643396
2.63555531236e-008	0.0323290489614
2.6375983785e-008	0.0307037517196
2.63964144463e-008	0.0281571322703
2.64168451077e-008	0.0247356788313
2.6437275769e-008	0.0204850225709
2.64577064303e-008	0.015458285925
2.64781370917e-008	0.00973661453463
2.6498567753e-008	0.00344377360307
2.65189984143e-008	-0.00325295026414
2.65394290757e-008	-0.0101449871436
2.6559859737e-008	-0.0170024846466
2.65802903983e-008	-0.0236001072917
2.66007210597e-008	-0.0297240146901
2.6621151721e-008	-0.0351777970791
2.66415823824e-008	-0.0397825855762
2.66620130437e-008	-0.043371304404
2.6682443705e-008	-0.0457933133002
2.67028743664e-008	-0.0469272027258
2.67233050277e-008	-0.0466850358061
2.6743735689e-008	-0.0450364854187
2.67641663504e-008	-0.0419984566397
2.67845970117e-008	-0.0376277246396
2.6805027673e-008	-0.0320012955926
2.68254583344e-008	-0.0252080077771
2.68458889957e-008	-0.0173523684498
2.68663196571e-008	-0.00855631032027
2.68867503184e-008	0.00101090222597
2.69071809797e-008	0.0111248830799
2.69276116411e-008	0.0214938450372
2.69480423024e-008	0.031776688993
2.69684729637e-008	0.0416011976777
2.69889036251e-008	0.0506017177831
2.70093342864e-008	0.0584339895286
2.70297649477e-008	0.0648026023991
2.70501956091e-008	0.0694631123915
2.70706262704e-008	0.0722158239223
2.70910569318e-008	0.0729023048189
2.71114875931e-008	0.0714057963341
2.71319182544e-008	0.0676524518058
2.71523489158e-008	0.0616298832465
2.71727795771e-008	0.0533812734648
2.71932102384e-008	0.0430193895008
2.72136408998e-008	0.0307282514405
2.72340715611e-008	0.0167498593219
2.72545022224e-008	0.00139255542308
2.72749328838e-008	-0.0149775256868
2.72953635451e-008	-0.0319294843357
2.73157942064e-008	-0.0489580112044
2.73362248678e-008	-0.0654944992857
2.73566555291e-008	-0.0809138035402
2.73770861905e-008	-0.0945848999545
2.73975168518e-008	-0.105897644535
2.74179475131e-008	-0.114303799346
2.74383781745e-008	-0.119371369015
2.74588088358e-008	-0.120793750044
2.74792394971e-008	-0.118379477877
2.74996701585e-008	-0.112051213393
2.75201008198e-008	-0.10181227955
2.75405314811e-008	-0.0877412421396
2.75609621425e-008	-0.070009906427
2.75813928038e-008	-0.048890700331
2.76018234652e-008	-0.0247992794029
2.76222541265e-008	0.00168353319168
2.76426847878e-008	0.029835763271
2.76631154492e-008	0.0587764941156
2.76835461105e-008	0.0875399186043
2.77039767718e-008	0.115113574546
2.77244074332e-008	0.140468239784
2.77448380945e-008	0.1625899598
2.77652687558e-008	0.180521463975
2.77856994172e-008	0.193335428834
2.78061300785e-008	0.200249123387
2.78265607399e-008	0.200632730499
2.78469914012e-008	0.194099474698
2.78674220625e-008	0.180536489002
2.78878527239e-008	0.160095837899
2.79082833852e-008	0.13317642035
2.79287140465e-008	0.100364840473
2.79491447079e-008	0.0623712656088
2.79695753692e-008	0.020059869159
2.79900060305e-008	-0.0255564637482
2.80104366919e-008	-0.0732487321366
2.80308673532e-008	-0.121518190135
2.80512980146e-008	-0.168642310658
2.80717286759e-008	-0.212743268348
2.80921593372e-008	-0.251921219751
2.81125899986e-008	-0.284422727302
2.81330206599e-008	-0.308717958629
2.81534513212e-008	-0.323572266847
2.81738819826e-008	-0.328013826162
2.81943126439e-008	-0.321356751025
2.82147433052e-008	-0.303181776777
2.82351739666e-008	-0.27341706492
2.82556046279e-008	-0.232393216342
2.82760352892e-008	-0.180958526907
2.82964659506e-008	-0.120428631548
2.83168966119e-008	-0.052536226809
2.83373272733e-008	0.020695919171
2.83577579346e-008	0.0970729375258
2.83781885959e-008	0.174301905558
2.83986192573e-008	0.249977141619
2.84190499186e-008	0.321535347961
2.84394805799e-008	0.386218780652
2.84599112413e-008	0.441130951047
2.84803419026e-008	0.483399543911
2.85007725639e-008	0.510532002896
2.85212032253e-008	0.52059186995
2.85416338866e-008	0.51243032515
2.8562064548e-008	0.485655684024
2.85824952093e-008	0.440580287948
2.86029258706e-008	0.378030816093
2.8623356532e-008	0.299305805005
2.86437871933e-008	0.206138692563
2.86642178546e-008	0.100831819698
2.8684648516e-008	-0.0136532895267
2.87050791773e-008	-0.133732802351
2.87255098386e-008	-0.255284041166
2.87459405e-008	-0.373942106031
2.87663711613e-008	-0.485384154133
2.87868018227e-008	-0.585535665974
2.8807232484e-008	-0.670520730317
2.88276631453e-008	-0.736753568053
2.88480938067e-008	-0.780838899314
2.8868524468e-008	-0.79971934855
2.88889551293e-008	-0.790886200964
2.89093857907e-008	-0.752858109772
2.8929816452e-008	-0.685462221503
2.89502471133e-008	-0.589978856966
2.89706777747e-008	-0.46907341294
2.8991108436e-008	-0.326469367603
2.90115390973e-008	-0.166495485231
2.90319697587e-008	0.00617948547006
2.905240042e-008	0.186559959315
2.90728310814e-008	0.36925282795
2.90932617427e-008	0.548358794302
2.9113692404e-008	0.717421750538
2.91341230654e-008	0.869733030675
2.91545537267e-008	0.99866207689
2.9174984388e-008	1.09834976494
2.91954150494e-008	1.1639277786
2.92158457107e-008	1.19165947288
2.9236276372e-008	1.1790722236
2.92567070334e-008	1.12469406426
2.92771376947e-008	1.02811159194
2.92975683561e-008	0.890255711973
2.93179990174e-008	0.713729912415
2.93384296787e-008	0.50309597794
2.93588603401e-008	0.264917850494
2.93792910014e-008	0.00736147165298
2.93997216627e-008	-0.260455451906
2.94201523241e-008	-0.52927639056
2.94405829854e-008	-0.790211498737
2.94610136467e-008	-1.03475152701
2.94814443081e-008	-1.25482852384
2.95018749694e-008	-1.44235650171
2.95223056308e-008	-1.58929459751
2.95427362921e-008	-1.68802309036
2.95631669534e-008	-1.73210006952
2.95835976148e-008	-1.71677367389
2.96040282761e-008	-1.63983240724
2.96244589374e-008	-1.50154219568
2.96448895988e-008	-1.30460309982
2.96653202601e-008	-1.05379058607
2.96857509214e-008	-0.755532857962
2.97061815828e-008	-0.418104488403
2.97266122441e-008	-0.0513708218932
2.97470429055e-008	0.332791894674
2.97674735668e-008	0.720983562991
2.97879042281e-008	1.09872386605
2.98083348895e-008	1.45169483125
2.98287655508e-008	1.76672616601
2.98491962121e-008	2.03233297169
2.98696268735e-008	2.23891062289
2.98900575348e-008	2.37859457731
2.99104881961e-008	2.44469419122
2.99309188575e-008	2.43159627914
2.99513495188e-008	2.33509799838
2.99717801801e-008	2.15351341665
2.99922108415e-008	1.88830987364
3.00126415028e-008	1.54493220523
3.00330721642e-008	1.13265558146
3.00535028255e-008	0.66435585916
3.00739334868e-008	0.15522621572
3.00943641482e-008	-0.37798371911
3.01147948095e-008	-0.917755277827
3.01352254708e-008	-1.44583171792
3.01556561322e-008	-1.94384813309
3.01760867935e-008	-2.39321751893
3.01965174548e-008	-2.77647414804
3.02169481162e-008	-3.07782575593
3.02373787775e-008	-3.28460545838
3.02578094389e-008	-3.38776814938
3.02782401002e-008	-3.3817011714
3.02986707615e-008	-3.26399812102
3.03191014229e-008	-3.03500151634
3.03395320842e-008	-2.69719836116
3.03599627455e-008	-2.25557997078
3.03803934069e-008	-1.7189990636
3.04008240682e-008	-1.10039682686
3.04212547295e-008	-0.417360052466
3.04416853909e-008	0.307658404112
3.04621160522e-008	1.04936870933
3.04825467136e-008	1.78085512668
3.05029773749e-008	2.47561721504
3.05234080362e-008	3.10840952396
3.05438386976e-008	3.65661680698
3.05642693589e-008	4.10027870536
3.05847000202e-008	4.42206771672
3.06051306816e-008	4.60834035277
3.06255613429e-008	4.64874953032
3.06459920042e-008	4.53807455301
