% time-domain voltage integration by openEMS v0.0.35 @Mon Apr 06 03:55:05 2020
% start-coordinates: (0.045,-0.0518333,0) m -> [61,28,5]
% stop-coordinates: (0.045,-0.0518333,0.001535) m -> [61,28,18]
% t/s	voltage
0	0
2.08061727616e-011	-2.31372829518e-005
4.16123455232e-011	-9.23637841908e-005
6.24185182848e-011	-0.000320937261591
8.32246910463e-011	-0.000972169919464
1.04030863808e-010	-0.00257056174632
1.2483703657e-010	-0.00593432922051
1.45643209331e-010	-0.0119623634364
1.66449382093e-010	-0.021059218896
1.87255554854e-010	-0.03238264229
2.08061727616e-010	-0.0435012880043
2.28867900377e-010	-0.0510631795332
2.49674073139e-010	-0.0523903446738
2.70480245901e-010	-0.0470012317528
2.91286418662e-010	-0.0369022125524
3.12092591424e-010	-0.025419854057
3.32898764185e-010	-0.0155282566229
3.53704936947e-010	-0.00885465014107
3.74511109709e-010	-0.00575390187441
3.9531728247e-010	-0.00599812256405
4.16123455232e-010	-0.0093025193346
4.36929627993e-010	-0.0152947094175
4.57735800755e-010	-0.0230663621332
4.78541973516e-010	-0.0308414854808
4.99348146278e-010	-0.0362863701303
5.2015431904e-010	-0.0374688555603
5.40960491801e-010	-0.0339201676543
5.61766664563e-010	-0.0268988037133
5.82572837324e-010	-0.0186594616389
6.03379010086e-010	-0.0112469371234
6.24185182848e-010	-0.00567372508522
6.44991355609e-010	-0.00185971314204
6.65797528371e-010	0.000870423597235
6.86603701132e-010	0.00319789851346
7.07409873894e-010	0.00541452984908
7.28216046655e-010	0.00733942816441
7.49022219417e-010	0.00850757438457
7.69828392179e-010	0.00852113553265
7.9063456494e-010	0.00736531945586
8.11440737702e-010	0.00546059006592
8.32246910463e-010	0.00343154224538
8.53053083225e-010	0.00177564191836
8.73859255987e-010	0.000665105930238
8.94665428748e-010	-1.23586736294e-005
9.1547160151e-010	-0.000481941256112
9.36277774271e-010	-0.000914590504181
9.57083947033e-010	-0.00136156688131
9.77890119794e-010	-0.00175379458233
9.98696292556e-010	-0.00197512215891
1.01950246532e-009	-0.00193038975704
1.04030863808e-009	-0.0016132294113
1.06111481084e-009	-0.0011334650244
1.0819209836e-009	-0.000641105512841
1.10272715636e-009	-0.000267629881819
1.12353332913e-009	-4.82097566419e-005
1.14433950189e-009	6.042154439e-005
1.16514567465e-009	0.000127319756984
1.18595184741e-009	0.000208453121559
1.20675802017e-009	0.000312518488954
1.22756419293e-009	0.000413968105022
1.2483703657e-009	0.000467784067041
1.26917653846e-009	0.000446801731414
1.28998271122e-009	0.00035108985503
1.31078888398e-009	0.000216085262309
1.33159505674e-009	9.73216053808e-005
1.3524012295e-009	1.26826809179e-005
1.37320740226e-009	-2.83336994302e-005
1.39401357503e-009	-4.84345509335e-005
1.41481974779e-009	-6.69890054041e-005
1.43562592055e-009	-8.76279447084e-005
1.45643209331e-009	-0.000106357136019
1.47723826607e-009	-0.00012156746061
1.49804443883e-009	-0.000115635678412
1.5188506116e-009	-0.0001012746676
1.53965678436e-009	-7.00137244394e-005
1.56046295712e-009	-3.75935380248e-005
1.58126912988e-009	-1.44403622961e-005
1.60207530264e-009	-1.97797831802e-006
1.6228814754e-009	1.37117788235e-007
1.64368764817e-009	-1.0105871155e-005
1.66449382093e-009	-1.1368582296e-005
1.68529999369e-009	-7.30432364549e-006
1.70610616645e-009	-2.66462801335e-006
1.72691233921e-009	1.50779146395e-005
1.74771851197e-009	1.91022487002e-005
1.76852468473e-009	1.90555587665e-005
1.7893308575e-009	1.96916050186e-005
1.81013703026e-009	1.14465164103e-006
1.83094320302e-009	1.98456476852e-006
1.85174937578e-009	-1.49506333145e-005
1.87255554854e-009	-9.57674283164e-006
1.8933617213e-009	-2.58282342145e-005
1.91416789407e-009	-1.98952597827e-005
1.93497406683e-009	-2.47359973571e-005
1.95578023959e-009	-2.86522504211e-005
1.97658641235e-009	-5.95656617008e-006
1.99739258511e-009	-2.73644424169e-005
2.01819875787e-009	-4.74381050708e-006
2.03900493064e-009	-7.96032892936e-006
2.0598111034e-009	-1.52638223341e-005
2.08061727616e-009	5.64353869947e-006
2.10142344892e-009	-1.29122388444e-005
2.12222962168e-009	-5.36557855924e-006
2.14303579444e-009	-8.60101776823e-006
2.1638419672e-009	-2.37269213414e-005
2.18464813997e-009	9.77843422234e-007
2.20545431273e-009	-3.14780655515e-005
2.22626048549e-009	1.46868279387e-005
2.24706665825e-009	-2.17153455537e-005
2.26787283101e-009	-3.88731286449e-006
2.28867900377e-009	-5.72615408601e-006
2.30948517654e-009	-2.26000921657e-005
2.3302913493e-009	1.49837722319e-006
2.35109752206e-009	-1.13835128381e-005
2.37190369482e-009	-2.06753443308e-005
2.39270986758e-009	1.60093187986e-005
2.41351604034e-009	-5.56130415248e-005
2.43432221311e-009	3.41579595897e-005
2.45512838587e-009	-5.64831622114e-005
2.47593455863e-009	2.21426496978e-005
2.49674073139e-009	-2.50018103998e-005
2.51754690415e-009	-5.88760801179e-006
2.53835307691e-009	-8.42013187707e-006
2.55915924967e-009	-2.20620827633e-005
2.57996542244e-009	-1.46587170935e-006
2.6007715952e-009	-5.08562967383e-006
2.62157776796e-009	-2.33962576317e-005
2.64238394072e-009	1.33997418637e-005
2.66319011348e-009	-1.24340898395e-005
