% time-domain current integration by openEMS v0.0.35 @Mon Apr 06 03:55:05 2020
% start-coordinates: (0.0425253,-0.0524242,0.00066667) m -> [55,25,10]
% stop-coordinates: (0.047,-0.0515,0.00066667) m -> [66,30,10]
% t/s	current
3.20094965563e-014	-0
2.08381822581e-011	-4.39303107669e-007
4.16443550197e-011	-1.68424799085e-006
6.24505277813e-011	-5.69916710447e-006
8.32567005429e-011	-1.68321876117e-005
1.04062873304e-010	-4.32734668721e-005
1.24869046066e-010	-9.68083186308e-005
1.45675218828e-010	-0.000188411184354
1.66481391589e-010	-0.000318835460348
1.87287564351e-010	-0.000468890269985
2.08093737112e-010	-0.000598857062869
2.28899909874e-010	-0.000663644517772
2.49706082636e-010	-0.00063735130243
2.70512255397e-010	-0.000529472657945
2.91318428159e-010	-0.000379116565455
3.1212460092e-010	-0.000231661309954
3.32930773682e-010	-0.000115474380436
3.53736946443e-010	-3.32820600306e-005
3.74543119205e-010	3.19898645103e-005
3.95349291967e-010	0.000105483566585
4.16155464728e-010	0.000208774828934
4.3696163749e-010	0.000349454348907
4.57767810251e-010	0.000513099774253
4.78573983013e-010	0.000663090264425
4.99380155775e-010	0.000753575586714
5.20186328536e-010	0.000752505788114
5.40992501298e-010	0.000659699901007
5.61798674059e-010	0.000507350603584
5.82604846821e-010	0.000341652630595
6.03411019583e-010	0.000199367321329
6.24217192344e-010	9.51056208578e-005
6.45023365106e-010	2.34632570937e-005
6.65829537867e-010	-2.98904742522e-005
6.86635710629e-010	-7.70598562667e-005
7.0744188339e-010	-0.000121426870464
7.28248056152e-010	-0.000157474525622
7.49054228914e-010	-0.000175649052835
7.69860401675e-010	-0.000169598031789
7.90666574437e-010	-0.000141448399518
8.11472747198e-010	-0.00010121534433
8.3227891996e-010	-6.13372903899e-005
8.53085092722e-010	-3.0333219911e-005
8.73891265483e-010	-1.00921151898e-005
8.94697438245e-010	2.47181560553e-006
9.15503611006e-010	1.18042808026e-005
9.36309783768e-010	2.07878219953e-005
9.57115956529e-010	2.97968472296e-005
9.77922129291e-010	3.70680863853e-005
9.98728302053e-010	4.0280243411e-005
1.01953447481e-009	3.78715558327e-005
1.04034064758e-009	3.03730903397e-005
1.06114682034e-009	2.03498493647e-005
1.0819529931e-009	1.08062913569e-005
1.10275916586e-009	4.01502438763e-006
1.12356533862e-009	1.53201014541e-007
1.14437151138e-009	-1.77277252078e-006
1.16517768415e-009	-3.21713241647e-006
1.18598385691e-009	-4.99643101648e-006
1.20679002967e-009	-7.17772945791e-006
1.22759620243e-009	-9.02437750483e-006
1.24840237519e-009	-9.7603069662e-006
1.26920854795e-009	-8.91686067916e-006
1.29001472071e-009	-6.69716155244e-006
1.31082089348e-009	-3.98487918574e-006
1.33162706624e-009	-1.7223010218e-006
1.352433239e-009	-2.23240093078e-007
1.37323941176e-009	4.68625501071e-007
1.39404558452e-009	8.56582971664e-007
1.41485175728e-009	1.26095903852e-006
1.43565793005e-009	1.65689255027e-006
1.45646410281e-009	2.06956497095e-006
1.47727027557e-009	2.25025610234e-006
1.49807644833e-009	2.10066468753e-006
1.51888262109e-009	1.71143244643e-006
1.53968879385e-009	1.0432762565e-006
1.56049496662e-009	4.25223475986e-007
1.58130113938e-009	8.08023870036e-009
1.60210731214e-009	-2.01733428185e-007
1.6229134849e-009	-1.61386978448e-007
1.64371965766e-009	8.01896593572e-009
1.66452583042e-009	-1.39518423481e-008
1.68533200318e-009	-8.21925425498e-008
1.70613817595e-009	-2.4040807034e-007
1.72694434871e-009	-5.78614162805e-007
1.74775052147e-009	-5.65745153835e-007
1.76855669423e-009	-6.4756335405e-007
1.78936286699e-009	-4.97877920225e-007
1.81016903975e-009	-2.42743624312e-007
1.83097521252e-009	-1.708334878e-007
1.85178138528e-009	7.75032518163e-008
1.87258755804e-009	4.56679067895e-008
1.8933937308e-009	3.11587484703e-007
1.91419990356e-009	1.73205222609e-007
1.93500607632e-009	3.59976610298e-007
1.95581224909e-009	2.2309930614e-007
1.97661842185e-009	1.41137528331e-008
1.99742459461e-009	2.78981616475e-007
2.01823076737e-009	-1.67555995745e-007
2.03903694013e-009	3.54853391116e-008
2.05984311289e-009	-1.99599963224e-008
2.08064928565e-009	-2.72345744179e-007
2.10145545842e-009	7.24934210439e-008
2.12226163118e-009	-1.52740568637e-007
2.14306780394e-009	9.36870208079e-008
2.1638739767e-009	1.06826725244e-007
2.18468014946e-009	-4.49114949674e-008
2.20548632222e-009	1.99829159442e-007
2.22629249499e-009	-3.83596500342e-007
2.24709866775e-009	2.45072698135e-007
2.26790484051e-009	-2.69786738727e-007
2.28871101327e-009	1.54122517415e-007
2.30951718603e-009	-2.77431286833e-008
2.33032335879e-009	-7.05837877035e-008
2.35112953156e-009	1.59602961958e-008
2.37193570432e-009	1.74677499132e-008
2.39274187708e-009	-1.5339784909e-007
2.41354804984e-009	4.78553886296e-007
2.4343542226e-009	-5.49740548195e-007
2.45516039536e-009	7.57280872676e-007
2.47596656813e-009	-7.65184665852e-007
2.49677274089e-009	6.34081175122e-007
2.51757891365e-009	-5.74566684008e-007
2.53838508641e-009	5.25279631347e-007
2.55919125917e-009	-2.97221333767e-007
2.57999743193e-009	1.50795031573e-007
2.60080360469e-009	-2.52993345384e-007
2.62160977746e-009	3.42044899071e-007
2.64241595022e-009	-7.78296907811e-007
2.66322212298e-009	8.95598589068e-007
