% time-domain voltage integration by openEMS v0.0.35 @Sat Apr 11 04:28:37 2020
% start-coordinates: (-0.00591111,-0.000333333,-0.001559) m -> [28,35,4]
% stop-coordinates: (-0.00591111,-0.000333333,3.5e-005) m -> [28,35,10]
% t/s	voltage
0	0
1.04152280366e-011	3.97679758954e-005
2.08304560733e-011	0.000144902079953
3.12456841099e-011	0.000428921010666
4.16609121466e-011	0.001084562122
5.20761401832e-011	0.00238504013748
6.24913682199e-011	0.00456303985402
7.29065962565e-011	0.00754347165002
8.33218242932e-011	0.0104602702268
9.37370523298e-011	0.0112087676991
1.04152280366e-010	0.00640724552068
1.14567508403e-010	-0.00774119010475
1.2498273644e-010	-0.033510820238
1.35397964476e-010	-0.0692508991087
1.45813192513e-010	-0.107914980057
1.5622842055e-010	-0.138034647378
1.66643648586e-010	-0.147617924576
1.77058876623e-010	-0.129570489051
1.8747410466e-010	-0.085834451078
1.97889332696e-010	-0.0276827860362
2.08304560733e-010	0.0283869711957
2.1871978877e-010	0.0671751013651
2.29135016806e-010	0.0804485094777
2.39550244843e-010	0.0691937749671
2.4996547288e-010	0.0419142882056
2.60380700916e-010	0.010329128533
2.70795928953e-010	-0.0153800980434
2.8121115699e-010	-0.0299877834418
2.91626385026e-010	-0.0343476044181
3.02041613063e-010	-0.034163048565
3.12456841099e-010	-0.0369857515389
3.22872069136e-010	-0.0485923822327
3.33287297173e-010	-0.0701415909404
3.43702525209e-010	-0.097309916809
3.54117753246e-010	-0.121879396182
3.64532981283e-010	-0.135188741825
3.74948209319e-010	-0.131982021687
3.85363437356e-010	-0.112728867112
3.95778665393e-010	-0.0833619820624
4.06193893429e-010	-0.0524284307103
4.16609121466e-010	-0.0271616999344
4.27024349503e-010	-0.0106133606514
4.37439577539e-010	-0.00143567135637
4.47854805576e-010	0.00376275964027
4.58270033613e-010	0.00710885332683
4.68685261649e-010	0.00745961539724
4.79100489686e-010	0.00104972780196
4.89515717723e-010	-0.0156215138286
4.99930945759e-010	-0.0425797871794
5.10346173796e-010	-0.0749521519028
5.20761401832e-010	-0.104253340411
5.31176629869e-010	-0.121773056715
5.41591857906e-010	-0.122193102448
5.52007085942e-010	-0.105706727205
5.62422313979e-010	-0.0777416830388
5.72837542016e-010	-0.0466716933806
5.83252770052e-010	-0.0206950351276
5.93667998089e-010	-0.0051916354405
6.04083226126e-010	-0.00141979223486
6.14498454162e-010	-0.00675975777358
6.24913682199e-010	-0.0162198677972
6.35328910236e-010	-0.0246478329791
6.45744138272e-010	-0.028883112529
6.56159366309e-010	-0.0290317258768
6.66574594346e-010	-0.0282070617686
6.76989822382e-010	-0.0307146703817
6.87405050419e-010	-0.0394740475749
6.97820278455e-010	-0.0540374668199
7.08235506492e-010	-0.0703527126316
7.18650734529e-010	-0.0824982792692
7.29065962565e-010	-0.0854644271603
7.39481190602e-010	-0.0774589767534
7.49896418639e-010	-0.0605785295702
7.60311646675e-010	-0.0396715548632
7.70726874712e-010	-0.0201811290681
7.81142102749e-010	-0.0061790553873
7.91557330785e-010	0.00055971007782
8.01972558822e-010	0.000356493270343
8.12387786859e-010	-0.00523518674163
8.22803014895e-010	-0.0142943642095
8.33218242932e-010	-0.0250250229765
8.43633470969e-010	-0.0358821954287
8.54048699005e-010	-0.045565143264
8.64463927042e-010	-0.0530435171677
8.74879155079e-010	-0.057619407482
8.85294383115e-010	-0.0589494524611
8.95709611152e-010	-0.0569944141607
9.06124839188e-010	-0.0519942206665
9.16540067225e-010	-0.0445619256934
9.26955295262e-010	-0.0358188437167
9.37370523298e-010	-0.0273474448295
9.47785751335e-010	-0.0207782518337
9.58200979372e-010	-0.0171327752723
9.68616207408e-010	-0.0163201744144
9.79031435445e-010	-0.0172206694879
9.89446663482e-010	-0.0184067074115
9.99861891518e-010	-0.0191004883709
1.01027711955e-009	-0.0197077551275
1.02069234759e-009	-0.0215419241504
1.03110757563e-009	-0.025865530537
1.04152280366e-009	-0.0328710467948
1.0519380317e-009	-0.0412407877011
1.06235325974e-009	-0.0485571523823
1.07276848777e-009	-0.0523257663444
1.08318371581e-009	-0.0510285078417
1.09359894385e-009	-0.0447126360086
1.10401417188e-009	-0.0349131311814
1.11442939992e-009	-0.0240691660219
1.12484462796e-009	-0.0147309645472
1.13525985599e-009	-0.00885034374005
1.14567508403e-009	-0.00731708349758
1.15609031207e-009	-0.00980931646882
1.1665055401e-009	-0.0149853387211
1.17692076814e-009	-0.0209852712142
1.18733599618e-009	-0.0261018366255
1.19775122421e-009	-0.0293730345002
1.20816645225e-009	-0.0308289959939
1.21858168029e-009	-0.0312476723011
1.22899690832e-009	-0.0315573027001
1.23941213636e-009	-0.0322167892518
1.2498273644e-009	-0.0329560024111
1.26024259243e-009	-0.032997730239
1.27065782047e-009	-0.0316049767498
1.28107304851e-009	-0.0285798012264
1.29148827654e-009	-0.0244109640953
1.30190350458e-009	-0.0200212524142
1.31231873262e-009	-0.0163213400738
1.32273396065e-009	-0.0138699124691
1.33314918869e-009	-0.012806147899
1.34356441673e-009	-0.0130118368052
1.35397964476e-009	-0.0143200876828
1.3643948728e-009	-0.0166006741383
1.37481010084e-009	-0.019690152938
1.38522532887e-009	-0.0232688597898
1.39564055691e-009	-0.0268112199919
1.40605578495e-009	-0.0296671269243
1.41647101298e-009	-0.0312330298038
1.42688624102e-009	-0.0311075464379
1.43730146906e-009	-0.0291976910339
1.44771669709e-009	-0.0257552327894
1.45813192513e-009	-0.0213716180879
1.46854715317e-009	-0.0169131387956
1.4789623812e-009	-0.0133418514888
1.48937760924e-009	-0.0114401315404
1.49979283728e-009	-0.0115054264625
1.51020806531e-009	-0.013201330994
1.52062329335e-009	-0.0156746419452
1.53103852139e-009	-0.0179365046097
1.54145374942e-009	-0.0193083130071
1.55186897746e-009	-0.0197026851638
1.5622842055e-009	-0.0195706461382
1.57269943353e-009	-0.0195720846896
1.58311466157e-009	-0.0201538065194
1.59352988961e-009	-0.0212907032255
1.60394511764e-009	-0.0225013309137
1.61436034568e-009	-0.0231091410969
1.62477557372e-009	-0.022585451261
1.63519080175e-009	-0.0207889365447
1.64560602979e-009	-0.0180217054331
1.65602125783e-009	-0.0149027298503
1.66643648586e-009	-0.0121569973762
1.6768517139e-009	-0.0103999299372
1.68726694194e-009	-0.00997663621093
1.69768216997e-009	-0.0108803088533
1.70809739801e-009	-0.0127639869588
1.71851262605e-009	-0.0150546112382
1.72892785408e-009	-0.0171472469228
1.73934308212e-009	-0.0186098220729
1.74975831016e-009	-0.0193014607103
1.76017353819e-009	-0.0193462922834
1.77058876623e-009	-0.0189783478199
1.78100399427e-009	-0.0183707171564
1.7914192223e-009	-0.0175532599678
1.80183445034e-009	-0.0164689106969
1.81224967838e-009	-0.0151092851011
1.82266490641e-009	-0.0136194060888
1.83308013445e-009	-0.0122846039412
1.84349536249e-009	-0.0114049871445
1.85391059052e-009	-0.0111390727725
1.86432581856e-009	-0.0114257107889
1.8747410466e-009	-0.0120283085944
1.88515627463e-009	-0.0126714205489
1.89557150267e-009	-0.0131795091966
1.90598673071e-009	-0.013535917833
1.91640195874e-009	-0.0138428065602
1.92681718678e-009	-0.0142209680889
1.93723241482e-009	-0.0147144799757
1.94764764285e-009	-0.0152464193852
1.95806287089e-009	-0.0156399673797
