% time-domain current integration by openEMS v0.0.35 @Sat Apr 11 04:28:37 2020
% start-coordinates: (-0.00666667,-0.00102564,-0.001524) m -> [23,32,6]
% stop-coordinates: (-0.0058,0.001,-0.001524) m -> [33,38,6]
% t/s	current
3.2772901311e-015	-0
1.04185053268e-011	6.27409747267e-007
2.08337333634e-011	2.47558318733e-006
3.12489614001e-011	7.80493064667e-006
4.16641894367e-011	2.09010504477e-005
5.20794174734e-011	4.86410608573e-005
6.249464551e-011	9.94077781797e-005
7.29098735467e-011	0.000178146990947
8.33251015833e-011	0.000276477716397
9.374032962e-011	0.000359399651643
1.04155557657e-010	0.000355293159373
1.14570785693e-010	0.000161089323228
1.2498601373e-010	-0.000327911286149
1.35401241767e-010	-0.0011651609093
1.45816469803e-010	-0.00229755998589
1.5623169784e-010	-0.00354169635102
1.66646925877e-010	-0.00461897999048
1.77062153913e-010	-0.0052477712743
1.8747738195e-010	-0.00525363627821
1.97892609986e-010	-0.00464093312621
2.08307838023e-010	-0.00358718726784
2.1872306606e-010	-0.00236499193124
2.29138294096e-010	-0.00123609637376
2.39553522133e-010	-0.000371330301277
2.4996875017e-010	0.000174000131665
2.60383978206e-010	0.000435510708485
2.70799206243e-010	0.00049447308993
2.8121443428e-010	0.000439536874183
2.91629662316e-010	0.000346635410096
3.02044890353e-010	0.000272828619927
3.1246011839e-010	0.000254431797657
3.22875346426e-010	0.000304224406136
3.33290574463e-010	0.000409313215641
3.437058025e-010	0.000534539751243
3.54121030536e-010	0.000634048890788
3.64536258573e-010	0.000668707594741
3.7495148661e-010	0.000621632672846
3.85366714646e-010	0.000505270436406
3.95781942683e-010	0.000354829244316
4.06197170719e-010	0.000211287711863
4.16612398756e-010	0.000103110673081
4.27027626793e-010	3.65319756384e-005
4.37442854829e-010	-3.56539658242e-007
4.47858082866e-010	-2.32442562265e-005
4.58273310903e-010	-3.66640160792e-005
4.68688538939e-010	-2.88216251647e-005
4.79103766976e-010	2.02427982003e-005
4.89518995013e-010	0.000122562691104
4.99934223049e-010	0.000268916512141
5.10349451086e-010	0.000426961196354
5.20764679123e-010	0.000552512588911
5.31179907159e-010	0.000607685185969
5.41595135196e-010	0.000576557358727
5.52010363233e-010	0.000470956234494
5.62425591269e-010	0.00032461938099
5.72840819306e-010	0.000179614333319
5.83256047342e-010	7.13807239663e-005
5.93671275379e-010	1.83830688911e-005
6.04086503416e-010	1.87466175703e-005
6.14501731452e-010	5.4217332945e-005
6.24916959489e-010	9.91570050246e-005
6.35332187526e-010	0.000131548877107
6.45747415562e-010	0.000142164470162
6.56162643599e-010	0.000138104122016
6.66577871636e-010	0.000138258736115
6.76993099672e-010	0.000162377225934
6.87408327709e-010	0.000218798115384
6.97823555746e-010	0.00029766978696
7.08238783782e-010	0.000373924238374
7.18654011819e-010	0.000418590032496
7.29069239856e-010	0.000412358291214
7.39484467892e-010	0.000354153657099
7.49899695929e-010	0.000260686239926
7.60314923966e-010	0.000158174167154
7.70730152002e-010	7.14967682143e-005
7.81145380039e-010	1.63122585946e-005
7.91560608075e-010	-3.16035652759e-006
8.01975836112e-010	8.55822509038e-006
8.12391064149e-010	4.28166313213e-005
8.22806292185e-010	9.04651969904e-005
8.33221520222e-010	0.000143379627843
8.43636748259e-010	0.000194630265469
8.54051976295e-010	0.00023837556364
8.64467204332e-010	0.000270128890406
8.74882432369e-010	0.000287041824777
8.85297660405e-010	0.000287926523015
8.95712888442e-010	0.000273009907687
9.06128116479e-010	0.000244024180574
9.16543344515e-010	0.000204825031688
9.26958572552e-010	0.000161839750945
9.37373800589e-010	0.000123187885038
9.47789028625e-010	9.60772158578e-005
9.58204256662e-010	8.35565369925e-005
9.68619484699e-010	8.30335920909e-005
9.79034712735e-010	8.79882936715e-005
9.89449940772e-010	9.23022671486e-005
9.99865168808e-010	9.44583734963e-005
1.01028039685e-009	9.86828235909e-005
1.02069562488e-009	0.000111986839329
1.03111085292e-009	0.000138955103466
1.04152608096e-009	0.000177526089828
1.05194130899e-009	0.000218550485442
1.06235653703e-009	0.000249221309787
1.07277176506e-009	0.000258632033365
1.0831869931e-009	0.000242226582486
1.09360222114e-009	0.000203397183213
1.10401744917e-009	0.000151918662596
1.11443267721e-009	0.000100441364339
1.12484790525e-009	6.06155517744e-005
1.13526313328e-009	4.00323406211e-005
1.14567836132e-009	4.06155340897e-005
1.15609358936e-009	5.85847665207e-005
1.16650881739e-009	8.60776490299e-005
1.17692404543e-009	0.000114007532829
1.18733927347e-009	0.000135329260956
1.1977545015e-009	0.000147347629536
1.20816972954e-009	0.000151977059431
1.21858495758e-009	0.000153679968207
1.22900018561e-009	0.000156304915436
1.23941541365e-009	0.000160582043463
1.24983064169e-009	0.000163831806276
1.26024586972e-009	0.000161873860634
1.27066109776e-009	0.000151898697368
1.2810763258e-009	0.000134328991408
1.29149155383e-009	0.000112707311928
1.30190678187e-009	9.18597506825e-005
1.31232200991e-009	7.57560337661e-005
1.32273723794e-009	6.6272172262e-005
1.33315246598e-009	6.34502575849e-005
1.34356769402e-009	6.6478154622e-005
1.35398292205e-009	7.46277873986e-005
1.36439815009e-009	8.7304317276e-005
1.37481337813e-009	0.00010352373647
1.38522860616e-009	0.000121350756672
1.3956438342e-009	0.000137901733979
1.40605906224e-009	0.000149929430336
1.41647429027e-009	0.000154741268489
1.42688951831e-009	0.00015087313659
1.43730474635e-009	0.000138486648211
1.44771997438e-009	0.000119476899272
1.45813520242e-009	9.7340947832e-005
1.46855043046e-009	7.66478988226e-005
1.47896565849e-009	6.19628262939e-005
1.48938088653e-009	5.63345711271e-005
1.49979611457e-009	6.00231614953e-005
1.5102113426e-009	7.02300603734e-005
1.52062657064e-009	8.22580477688e-005
1.53104179868e-009	9.16481003514e-005
1.54145702671e-009	9.61849000305e-005
1.55187225475e-009	9.66432999121e-005
1.56228748279e-009	9.5918047009e-005
1.57270271082e-009	9.70562614384e-005
1.58311793886e-009	0.000101382596768
1.5935331669e-009	0.000107733721961
1.60394839493e-009	0.000113106383651
1.61436362297e-009	0.000114226408186
1.62477885101e-009	0.000109146989416
1.63519407904e-009	9.80899640126e-005
1.64560930708e-009	8.33108351799e-005
1.65602453512e-009	6.82363679516e-005
1.66643976315e-009	5.63371686439e-005
1.67685499119e-009	5.01764152432e-005
1.68727021923e-009	5.07496806676e-005
1.69768544726e-009	5.73018769501e-005
1.7081006753e-009	6.75834380672e-005
1.71851590334e-009	7.86199889262e-005
1.72893113137e-009	8.77062120708e-005
1.73934635941e-009	9.33088740567e-005
1.74976158745e-009	9.5336807135e-005
1.76017681548e-009	9.47293374338e-005
1.77059204352e-009	9.25743297557e-005
1.78100727156e-009	8.94074182725e-005
1.79142249959e-009	8.5087674961e-005
1.80183772763e-009	7.93025246821e-005
1.81225295567e-009	7.22580007277e-005
1.8226681837e-009	6.49945577607e-005
1.83308341174e-009	5.90642339375e-005
1.84349863978e-009	5.57856837986e-005
1.85391386781e-009	5.55476617592e-005
1.86432909585e-009	5.76539387112e-005
1.87474432389e-009	6.07778274571e-005
1.88515955192e-009	6.36825789115e-005
1.89557477996e-009	6.5806620114e-005
1.905990008e-009	6.73528920743e-005
1.91640523603e-009	6.89399676048e-005
1.92682046407e-009	7.10659151082e-005
1.93723569211e-009	7.37187583582e-005
1.94765092014e-009	7.62815543567e-005
1.95806614818e-009	7.77308523539e-005
