0	0.00012341
1.4761e-012	0.000130461
2.9522e-012	0.000137891
4.4283e-012	0.000145719
5.9044e-012	0.000153965
7.3805e-012	0.00016265
8.85661e-012	0.000171795
1.03327e-011	0.000181423
1.18088e-011	0.000191557
1.32849e-011	0.000202223
1.4761e-011	0.000213446
1.62371e-011	0.000225254
1.77132e-011	0.000237673
1.91893e-011	0.000250734
2.06654e-011	0.000264468
2.21415e-011	0.000278905
2.36176e-011	0.00029408
2.50937e-011	0.000310028
2.65698e-011	0.000326784
2.80459e-011	0.000344386
2.9522e-011	0.000362875
3.09981e-011	0.000382289
3.24742e-011	0.000402674
3.39503e-011	0.000424072
3.54264e-011	0.000446531
3.69025e-011	0.000470098
3.83786e-011	0.000494824
3.98547e-011	0.000520761
4.13308e-011	0.000547963
4.28069e-011	0.000576487
4.4283e-011	0.000606391
4.57591e-011	0.000637737
4.72352e-011	0.000670587
4.87113e-011	0.000705009
5.01874e-011	0.00074107
5.16635e-011	0.000778841
5.31396e-011	0.000818397
5.46157e-011	0.000859814
5.60918e-011	0.000903171
5.75679e-011	0.000948552
5.9044e-011	0.000996041
6.05201e-011	0.00104573
6.19962e-011	0.00109771
6.34723e-011	0.00115207
6.49484e-011	0.00120891
6.64245e-011	0.00126835
6.79006e-011	0.00133047
6.93767e-011	0.0013954
7.08528e-011	0.00146325
7.23289e-011	0.00153413
7.3805e-011	0.00160816
7.52811e-011	0.00168549
7.67572e-011	0.00176622
7.82333e-011	0.0018505
7.97094e-011	0.00193847
8.11856e-011	0.00203028
8.26617e-011	0.00212606
8.41378e-011	0.00222599
8.56139e-011	0.0023302
8.709e-011	0.00243888
8.85661e-011	0.00255219
9.00422e-011	0.0026703
9.15183e-011	0.00279339
9.29944e-011	0.00292166
9.44705e-011	0.00305529
9.59466e-011	0.00319449
9.74227e-011	0.00333945
9.88988e-011	0.00349039
1.00375e-010	0.00364753
1.01851e-010	0.00381108
1.03327e-010	0.00398128
1.04803e-010	0.00415837
1.06279e-010	0.00434258
1.07755e-010	0.00453418
1.09231e-010	0.00473342
1.10708e-010	0.00494056
1.12184e-010	0.00515588
1.1366e-010	0.00537965
1.15136e-010	0.00561218
1.16612e-010	0.00585375
1.18088e-010	0.00610466
1.19564e-010	0.00636523
1.2104e-010	0.00663579
1.22516e-010	0.00691666
1.23992e-010	0.00720817
1.25469e-010	0.00751068
1.26945e-010	0.00782453
1.28421e-010	0.0081501
1.29897e-010	0.00848776
1.31373e-010	0.00883788
1.32849e-010	0.00920087
1.34325e-010	0.00957711
1.35801e-010	0.00996703
1.37277e-010	0.010371
1.38753e-010	0.0107896
1.4023e-010	0.011223
1.41706e-010	0.0116719
1.43182e-010	0.0121367
1.44658e-010	0.0126178
1.46134e-010	0.0131157
1.4761e-010	0.0136309
1.49086e-010	0.0141639
1.50562e-010	0.0147152
1.52038e-010	0.0152854
1.53514e-010	0.0158749
1.54991e-010	0.0164843
1.56467e-010	0.0171142
1.57943e-010	0.017765
1.59419e-010	0.0184375
1.60895e-010	0.0191321
1.62371e-010	0.0198495
1.63847e-010	0.0205902
1.65323e-010	0.0213549
1.66799e-010	0.0221442
1.68276e-010	0.0229587
1.69752e-010	0.023799
1.71228e-010	0.0246659
1.72704e-010	0.02556
1.7418e-010	0.0264819
1.75656e-010	0.0274323
1.77132e-010	0.028412
1.78608e-010	0.0294216
1.80084e-010	0.0304618
1.8156e-010	0.0315334
1.83037e-010	0.0326371
1.84513e-010	0.0337736
1.85989e-010	0.0349436
1.87465e-010	0.0361479
1.88941e-010	0.0373874
1.90417e-010	0.0386626
1.91893e-010	0.0399745
1.93369e-010	0.0413238
1.94845e-010	0.0427113
1.96321e-010	0.0441378
1.97798e-010	0.0456041
1.99274e-010	0.047111
2.0075e-010	0.0486593
2.02226e-010	0.0502499
2.03702e-010	0.0518835
2.05178e-010	0.053561
2.06654e-010	0.0552832
2.0813e-010	0.057051
2.09606e-010	0.0588652
2.11082e-010	0.0607267
2.12559e-010	0.0626362
2.14035e-010	0.0645947
2.15511e-010	0.0666029
2.16987e-010	0.0686618
2.18463e-010	0.0707721
2.19939e-010	0.0729347
2.21415e-010	0.0751505
2.22891e-010	0.0774203
2.24367e-010	0.0797449
2.25843e-010	0.0821252
2.2732e-010	0.084562
2.28796e-010	0.0870562
2.30272e-010	0.0896084
2.31748e-010	0.0922197
2.33224e-010	0.0948906
2.347e-010	0.0976222
2.36176e-010	0.100415
2.37652e-010	0.10327
2.39128e-010	0.106188
2.40604e-010	0.10917
2.42081e-010	0.112216
2.43557e-010	0.115327
2.45033e-010	0.118504
2.46509e-010	0.121748
2.47985e-010	0.125059
2.49461e-010	0.128437
2.50937e-010	0.131885
2.52413e-010	0.135401
2.53889e-010	0.138988
2.55365e-010	0.142645
2.56842e-010	0.146373
2.58318e-010	0.150173
2.59794e-010	0.154044
2.6127e-010	0.157989
2.62746e-010	0.162006
2.64222e-010	0.166097
2.65698e-010	0.170262
2.67174e-010	0.174502
2.6865e-010	0.178816
2.70126e-010	0.183206
2.71603e-010	0.187671
2.73079e-010	0.192211
2.74555e-010	0.196828
2.76031e-010	0.201521
2.77507e-010	0.20629
2.78983e-010	0.211136
2.80459e-010	0.216059
2.81935e-010	0.221058
2.83411e-010	0.226134
2.84887e-010	0.231287
2.86364e-010	0.236516
2.8784e-010	0.241822
2.89316e-010	0.247205
2.90792e-010	0.252664
2.92268e-010	0.258199
2.93744e-010	0.26381
2.9522e-010	0.269496
2.96696e-010	0.275258
2.98172e-010	0.281094
2.99648e-010	0.287005
3.01125e-010	0.29299
3.02601e-010	0.299048
3.04077e-010	0.305179
3.05553e-010	0.311382
3.07029e-010	0.317657
3.08505e-010	0.324002
3.09981e-010	0.330417
3.11457e-010	0.336901
3.12933e-010	0.343453
3.14409e-010	0.350073
3.15886e-010	0.356758
3.17362e-010	0.363509
3.18838e-010	0.370324
3.20314e-010	0.377202
3.2179e-010	0.384141
3.23266e-010	0.391141
3.24742e-010	0.398199
3.26218e-010	0.405316
3.27694e-010	0.412488
3.29171e-010	0.419716
3.30647e-010	0.426996
3.32123e-010	0.434328
3.33599e-010	0.44171
3.35075e-010	0.44914
3.36551e-010	0.456617
3.38027e-010	0.464138
3.39503e-010	0.471702
3.40979e-010	0.479306
3.42455e-010	0.48695
3.43932e-010	0.49463
3.45408e-010	0.502345
3.46884e-010	0.510092
3.4836e-010	0.51787
3.49836e-010	0.525676
3.51312e-010	0.533508
3.52788e-010	0.541364
3.54264e-010	0.549241
3.5574e-010	0.557136
3.57216e-010	0.565048
3.58693e-010	0.572973
3.60169e-010	0.58091
3.61645e-010	0.588855
3.63121e-010	0.596806
3.64597e-010	0.604761
3.66073e-010	0.612716
3.67549e-010	0.620669
3.69025e-010	0.628617
3.70501e-010	0.636558
3.71977e-010	0.644488
3.73454e-010	0.652404
3.7493e-010	0.660304
3.76406e-010	0.668185
3.77882e-010	0.676043
3.79358e-010	0.683876
3.80834e-010	0.691681
3.8231e-010	0.699455
3.83786e-010	0.707194
3.85262e-010	0.714896
3.86738e-010	0.722558
3.88215e-010	0.730176
3.89691e-010	0.737747
3.91167e-010	0.745269
3.92643e-010	0.752738
3.94119e-010	0.760151
3.95595e-010	0.767505
3.97071e-010	0.774797
3.98547e-010	0.782023
4.00023e-010	0.789181
4.01499e-010	0.796268
4.02976e-010	0.80328
4.04452e-010	0.810214
4.05928e-010	0.817068
4.07404e-010	0.823838
4.0888e-010	0.830521
4.10356e-010	0.837114
4.11832e-010	0.843615
4.13308e-010	0.85002
4.14784e-010	0.856326
4.1626e-010	0.86253
4.17737e-010	0.86863
4.19213e-010	0.874623
4.20689e-010	0.880505
4.22165e-010	0.886275
4.23641e-010	0.891928
4.25117e-010	0.897464
4.26593e-010	0.902879
4.28069e-010	0.90817
4.29545e-010	0.913334
4.31021e-010	0.91837
4.32498e-010	0.923276
4.33974e-010	0.928047
4.3545e-010	0.932683
4.36926e-010	0.937181
4.38402e-010	0.941538
4.39878e-010	0.945753
4.41354e-010	0.949824
4.4283e-010	0.953747
4.44306e-010	0.957523
4.45782e-010	0.961148
4.47259e-010	0.96462
4.48735e-010	0.967939
4.50211e-010	0.971102
4.51687e-010	0.974108
4.53163e-010	0.976955
4.54639e-010	0.979641
4.56115e-010	0.982166
4.57591e-010	0.984529
4.59067e-010	0.986727
4.60543e-010	0.98876
4.6202e-010	0.990626
4.63496e-010	0.992326
4.64972e-010	0.993857
4.66448e-010	0.99522
4.67924e-010	0.996413
4.694e-010	0.997436
4.70876e-010	0.998288
4.72352e-010	0.998969
4.73828e-010	0.999478
4.75304e-010	0.999816
4.76781e-010	0.999982
4.78257e-010	0.999975
4.79733e-010	0.999797
4.81209e-010	0.999447
4.82685e-010	0.998925
4.84161e-010	0.998231
4.85637e-010	0.997367
4.87113e-010	0.996332
4.88589e-010	0.995126
4.90066e-010	0.993751
4.91542e-010	0.992208
4.93018e-010	0.990496
4.94494e-010	0.988617
4.9597e-010	0.986572
4.97446e-010	0.984362
4.98922e-010	0.981988
5.00398e-010	0.979451
5.01874e-010	0.976752
5.0335e-010	0.973894
5.04827e-010	0.970877
5.06303e-010	0.967702
5.07779e-010	0.964372
5.09255e-010	0.960888
5.10731e-010	0.957253
5.12207e-010	0.953466
5.13683e-010	0.949532
5.15159e-010	0.945451
5.16635e-010	0.941225
5.18111e-010	0.936858
5.19588e-010	0.93235
5.21064e-010	0.927704
5.2254e-010	0.922922
5.24016e-010	0.918008
5.25492e-010	0.912962
5.26968e-010	0.907788
5.28444e-010	0.902488
5.2992e-010	0.897064
5.31396e-010	0.89152
5.32872e-010	0.885858
5.34349e-010	0.88008
5.35825e-010	0.874189
5.37301e-010	0.868189
5.38777e-010	0.862081
5.40253e-010	0.855869
5.41729e-010	0.849556
5.43205e-010	0.843144
5.44681e-010	0.836637
5.46157e-010	0.830037
5.47633e-010	0.823347
5.4911e-010	0.816571
5.50586e-010	0.809711
5.52062e-010	0.802771
5.53538e-010	0.795754
5.55014e-010	0.788662
5.5649e-010	0.781498
5.57966e-010	0.774267
5.59442e-010	0.766971
5.60918e-010	0.759612
5.62394e-010	0.752195
5.63871e-010	0.744722
5.65347e-010	0.737197
5.66823e-010	0.729622
5.68299e-010	0.722001
5.69775e-010	0.714336
5.71251e-010	0.706631
5.72727e-010	0.698889
5.74203e-010	0.691113
5.75679e-010	0.683306
5.77155e-010	0.675471
5.78632e-010	0.667611
5.80108e-010	0.659729
5.81584e-010	0.651827
5.8306e-010	0.64391
5.84536e-010	0.635979
5.86012e-010	0.628038
5.87488e-010	0.620089
5.88964e-010	0.612136
5.9044e-010	0.604181
5.91916e-010	0.596226
5.93393e-010	0.588275
5.94869e-010	0.580331
5.96345e-010	0.572395
5.97821e-010	0.56447
5.99297e-010	0.55656
6.00773e-010	0.548666
6.02249e-010	0.54079
6.03725e-010	0.532936
6.05201e-010	0.525106
6.06677e-010	0.517302
6.08154e-010	0.509526
6.0963e-010	0.501781
6.11106e-010	0.494069
6.12582e-010	0.486391
6.14058e-010	0.47875
6.15534e-010	0.471149
6.1701e-010	0.463588
6.18486e-010	0.45607
6.19962e-010	0.448597
6.21438e-010	0.44117
6.22915e-010	0.433792
6.24391e-010	0.426463
6.25867e-010	0.419187
6.27343e-010	0.411963
6.28819e-010	0.404795
6.30295e-010	0.397683
6.31771e-010	0.390628
6.33247e-010	0.383633
6.34723e-010	0.376698
6.36199e-010	0.369825
6.37676e-010	0.363015
6.39152e-010	0.356269
6.40628e-010	0.349588
6.42104e-010	0.342973
6.4358e-010	0.336426
6.45056e-010	0.329947
6.46532e-010	0.323537
6.48008e-010	0.317197
6.49484e-010	0.310928
6.50961e-010	0.30473
6.52437e-010	0.298604
6.53913e-010	0.292551
6.55389e-010	0.286572
6.56865e-010	0.280666
6.58341e-010	0.274835
6.59817e-010	0.269079
6.61293e-010	0.263398
6.62769e-010	0.257793
6.64245e-010	0.252263
6.65722e-010	0.24681
6.67198e-010	0.241433
6.68674e-010	0.236132
6.7015e-010	0.230908
6.71626e-010	0.225761
6.73102e-010	0.220691
6.74578e-010	0.215697
6.76054e-010	0.21078
6.7753e-010	0.20594
6.79006e-010	0.201176
6.80483e-010	0.196489
6.81959e-010	0.191878
6.83435e-010	0.187343
6.84911e-010	0.182883
6.86387e-010	0.178499
6.87863e-010	0.17419
6.89339e-010	0.169956
6.90815e-010	0.165797
6.92291e-010	0.161711
6.93767e-010	0.157699
6.95244e-010	0.15376
6.9672e-010	0.149893
6.98196e-010	0.146099
6.99672e-010	0.142376
7.01148e-010	0.138724
7.02624e-010	0.135143
7.041e-010	0.131631
7.05576e-010	0.128189
7.07052e-010	0.124815
7.08528e-010	0.121509
7.10005e-010	0.11827
7.11481e-010	0.115098
7.12957e-010	0.111991
7.14433e-010	0.10895
7.15909e-010	0.105973
7.17385e-010	0.10306
7.18861e-010	0.100209
7.20337e-010	0.097421
7.21813e-010	0.0946939
7.23289e-010	0.0920272
7.24766e-010	0.0894203
7.26242e-010	0.0868723
7.27718e-010	0.0843824
7.29194e-010	0.0819498
7.3067e-010	0.0795736
7.32146e-010	0.077253
7.33622e-010	0.0749872
7.35098e-010	0.0727753
7.36574e-010	0.0706165
7.3805e-010	0.0685099
7.39527e-010	0.0664548
7.41003e-010	0.0644502
7.42479e-010	0.0624953
7.43955e-010	0.0605893
7.45431e-010	0.0587314
7.46907e-010	0.0569206
7.48383e-010	0.0551561
7.49859e-010	0.0534372
7.51335e-010	0.0517629
7.52811e-010	0.0501325
7.54288e-010	0.048545
7.55764e-010	0.0469997
7.5724e-010	0.0454958
7.58716e-010	0.0440325
7.60192e-010	0.0426089
7.61668e-010	0.0412242
7.63144e-010	0.0398776
7.6462e-010	0.0385684
7.66096e-010	0.0372958
7.67572e-010	0.036059
7.69049e-010	0.0348571
7.70525e-010	0.0336896
7.72001e-010	0.0325555
7.73477e-010	0.0314542
7.74953e-010	0.0303849
7.76429e-010	0.029347
7.77905e-010	0.0283396
7.79381e-010	0.0273621
7.80857e-010	0.0264137
7.82333e-010	0.0254939
7.8381e-010	0.0246018
7.85286e-010	0.0237369
7.86762e-010	0.0228984
7.88238e-010	0.0220858
7.89714e-010	0.0212983
7.9119e-010	0.0205354
7.92666e-010	0.0197964
7.94142e-010	0.0190807
7.95618e-010	0.0183877
7.97094e-010	0.0177169
7.98571e-010	0.0170675
8.00047e-010	0.0164392
8.01523e-010	0.0158313
8.02999e-010	0.0152432
8.04475e-010	0.0146744
8.05951e-010	0.0141244
8.07427e-010	0.0135927
8.08903e-010	0.0130788
8.10379e-010	0.0125821
8.11856e-010	0.0121023
8.13332e-010	0.0116387
8.14808e-010	0.0111909
8.16284e-010	0.0107585
8.1776e-010	0.0103411
8.19236e-010	0.00993813
8.20712e-010	0.00954922
8.22188e-010	0.00917396
8.23664e-010	0.00881192
8.2514e-010	0.00846272
8.26617e-010	0.00812596
8.28093e-010	0.00780126
8.29569e-010	0.00748824
8.31045e-010	0.00718655
8.32521e-010	0.00689582
8.33997e-010	0.00661572
8.35473e-010	0.0063459
8.36949e-010	0.00608604
8.38425e-010	0.00583582
8.39901e-010	0.00559492
8.41378e-010	0.00536304
8.42854e-010	0.00513989
8.4433e-010	0.00492518
8.45806e-010	0.00471863
8.47282e-010	0.00451995
8.48758e-010	0.0043289
8.50234e-010	0.00414522
8.5171e-010	0.00396864
8.53186e-010	0.00379893
8.54662e-010	0.00363585
8.56139e-010	0.00347918
8.57615e-010	0.00332868
8.59091e-010	0.00318415
8.60567e-010	0.00304536
8.62043e-010	0.00291213
8.63519e-010	0.00278425
8.64995e-010	0.00266152
8.66471e-010	0.00254376
8.67947e-010	0.0024308
8.69423e-010	0.00232245
8.709e-010	0.00221856
8.72376e-010	0.00211894
8.73852e-010	0.00202345
8.75328e-010	0.00193193
8.76804e-010	0.00184423
8.7828e-010	0.00176021
8.79756e-010	0.00167973
8.81232e-010	0.00160266
8.82708e-010	0.00152885
8.84184e-010	0.0014582
8.85661e-010	0.00139057
8.87137e-010	0.00132585
8.88613e-010	0.00126392
8.90089e-010	0.00120468
8.91565e-010	0.00114802
8.93041e-010	0.00109384
8.94517e-010	0.00104203
8.95993e-010	0.000992505
8.97469e-010	0.000945173
8.98945e-010	0.000899942
9.00422e-010	0.000856729
9.01898e-010	0.000815451
9.03374e-010	0.000776028
9.0485e-010	0.000738383
9.06326e-010	0.000702444
9.07802e-010	0.00066814
9.09278e-010	0.000635401
9.10754e-010	0.000604162
9.1223e-010	0.000574361
9.13706e-010	0.000545935
9.15183e-010	0.000518827
9.16659e-010	0.000492981
9.18135e-010	0.000468341
9.19611e-010	0.000444856
9.21087e-010	0.000422477
9.22563e-010	0.000401154
9.24039e-010	0.000380842
9.25515e-010	0.000361496
9.26991e-010	0.000343073
9.28467e-010	0.000325534
9.29944e-010	0.000308838
9.3142e-010	0.000292948
9.32896e-010	0.000277828
9.34372e-010	0.000263443
9.35848e-010	0.000249759
9.37324e-010	0.000236746
9.388e-010	0.000224372
9.40276e-010	0.000212609
9.41752e-010	0.000201427
9.43228e-010	0.000190801
9.44705e-010	0.000180704
9.46181e-010	0.000171112
9.47657e-010	0.000162001
9.49133e-010	0.000153349
9.50609e-010	0.000145134
9.52085e-010	0.000137336
9.53561e-010	0.000129934
