0	-0.000122175
1.4761e-012	-0.000136126
2.9522e-012	-0.000151513
4.4283e-012	-0.000168464
5.9044e-012	-0.000187115
7.3805e-012	-0.000207612
8.85661e-012	-0.000230114
1.03327e-011	-0.000254785
1.18088e-011	-0.000281802
1.32849e-011	-0.000311353
1.4761e-011	-0.000343636
1.62371e-011	-0.00037886
1.77132e-011	-0.000417245
1.91893e-011	-0.000459022
2.06654e-011	-0.000504433
2.21415e-011	-0.000553731
2.36176e-011	-0.000607177
2.50937e-011	-0.000665044
2.65698e-011	-0.000727615
2.80459e-011	-0.000795179
2.9522e-011	-0.000868034
3.09981e-011	-0.000946482
3.24742e-011	-0.00103083
3.39503e-011	-0.0011214
3.54264e-011	-0.00121849
3.69025e-011	-0.00132242
3.83786e-011	-0.0014335
3.98547e-011	-0.00155203
4.13308e-011	-0.00167831
4.28069e-011	-0.0018126
4.4283e-011	-0.00195519
4.57591e-011	-0.00210631
4.72352e-011	-0.00226617
4.87113e-011	-0.00243496
5.01874e-011	-0.00261284
5.16635e-011	-0.0027999
5.31396e-011	-0.0029962
5.46157e-011	-0.00320175
5.60918e-011	-0.00341647
5.75679e-011	-0.00364023
5.9044e-011	-0.00387281
6.05201e-011	-0.00411389
6.19962e-011	-0.00436307
6.34723e-011	-0.00461981
6.49484e-011	-0.00488347
6.64245e-011	-0.00515327
6.79006e-011	-0.00542827
6.93767e-011	-0.00570739
7.08528e-011	-0.00598935
7.23289e-011	-0.00627272
7.3805e-011	-0.00655583
7.52811e-011	-0.00683683
7.67572e-011	-0.00711361
7.82333e-011	-0.00738383
7.97094e-011	-0.00764489
8.11856e-011	-0.00789391
8.26617e-011	-0.00812771
8.41378e-011	-0.00834281
8.56139e-011	-0.00853543
8.709e-011	-0.00870141
8.85661e-011	-0.00883627
9.00422e-011	-0.00893515
9.15183e-011	-0.00899282
9.29944e-011	-0.00900365
9.44705e-011	-0.00896161
9.59466e-011	-0.00886026
9.74227e-011	-0.00869272
9.88988e-011	-0.0084517
1.00375e-010	-0.00812946
1.01851e-010	-0.00771781
1.03327e-010	-0.00720812
1.04803e-010	-0.00659131
1.06279e-010	-0.00585787
1.07755e-010	-0.00499783
1.09231e-010	-0.00400078
1.10708e-010	-0.00285588
1.12184e-010	-0.00155191
1.1366e-010	-7.71948e-005
1.15136e-010	0.00158028
1.16612e-010	0.00343292
1.18088e-010	0.00549346
1.19564e-010	0.00777493
1.2104e-010	0.0102907
1.22516e-010	0.0130542
1.23992e-010	0.0160794
1.25469e-010	0.0193801
1.26945e-010	0.0229703
1.28421e-010	0.0268643
1.29897e-010	0.0310761
1.31373e-010	0.0356198
1.32849e-010	0.0405094
1.34325e-010	0.0457587
1.35801e-010	0.0513813
1.37277e-010	0.0573905
1.38753e-010	0.0637991
1.4023e-010	0.0706197
1.41706e-010	0.0778641
1.43182e-010	0.0855436
1.44658e-010	0.093669
1.46134e-010	0.10225
1.4761e-010	0.111295
1.49086e-010	0.120814
1.50562e-010	0.130812
1.52038e-010	0.141295
1.53514e-010	0.152269
1.54991e-010	0.163737
1.56467e-010	0.175702
1.57943e-010	0.188162
1.59419e-010	0.201119
1.60895e-010	0.21457
1.62371e-010	0.228511
1.63847e-010	0.242936
1.65323e-010	0.257837
1.66799e-010	0.273207
1.68276e-010	0.289033
1.69752e-010	0.305304
1.71228e-010	0.322004
1.72704e-010	0.339117
1.7418e-010	0.356624
1.75656e-010	0.374505
1.77132e-010	0.392738
1.78608e-010	0.411298
1.80084e-010	0.430159
1.8156e-010	0.449294
1.83037e-010	0.468672
1.84513e-010	0.488263
1.85989e-010	0.508033
1.87465e-010	0.527947
1.88941e-010	0.54797
1.90417e-010	0.568062
1.91893e-010	0.588187
1.93369e-010	0.608302
1.94845e-010	0.628368
1.96321e-010	0.648341
1.97798e-010	0.668179
1.99274e-010	0.687838
2.0075e-010	0.707274
2.02226e-010	0.726442
2.03702e-010	0.745296
2.05178e-010	0.763793
2.06654e-010	0.781888
2.0813e-010	0.799535
2.09606e-010	0.81669
2.11082e-010	0.833311
2.12559e-010	0.849355
2.14035e-010	0.86478
2.15511e-010	0.879546
2.16987e-010	0.893612
2.18463e-010	0.906943
2.19939e-010	0.919501
2.21415e-010	0.931253
2.22891e-010	0.942167
2.24367e-010	0.952211
2.25843e-010	0.961358
2.2732e-010	0.969583
2.28796e-010	0.976863
2.30272e-010	0.983177
2.31748e-010	0.988506
2.33224e-010	0.992836
2.347e-010	0.996155
2.36176e-010	0.998453
2.37652e-010	0.999724
2.39128e-010	0.999963
2.40604e-010	0.99917
2.42081e-010	0.997348
2.43557e-010	0.994501
2.45033e-010	0.990638
2.46509e-010	0.98577
2.47985e-010	0.979911
2.49461e-010	0.973077
2.50937e-010	0.965287
2.52413e-010	0.956564
2.53889e-010	0.946932
2.55365e-010	0.936418
2.56842e-010	0.925051
2.58318e-010	0.912862
2.59794e-010	0.899885
2.6127e-010	0.886155
2.62746e-010	0.871709
2.64222e-010	0.856585
2.65698e-010	0.840823
2.67174e-010	0.824464
2.6865e-010	0.807551
2.70126e-010	0.790126
2.71603e-010	0.772233
2.73079e-010	0.753918
2.74555e-010	0.735223
2.76031e-010	0.716195
2.77507e-010	0.696878
2.78983e-010	0.677317
2.80459e-010	0.657557
2.81935e-010	0.637641
2.83411e-010	0.617612
2.84887e-010	0.597515
2.86364e-010	0.577389
2.8784e-010	0.557277
2.89316e-010	0.537217
2.90792e-010	0.517248
2.92268e-010	0.497407
2.93744e-010	0.477729
2.9522e-010	0.458248
2.96696e-010	0.438997
2.98172e-010	0.420005
2.99648e-010	0.401302
3.01125e-010	0.382914
3.02601e-010	0.364867
3.04077e-010	0.347184
3.05553e-010	0.329886
3.07029e-010	0.312993
3.08505e-010	0.296521
3.09981e-010	0.280487
3.11457e-010	0.264904
3.12933e-010	0.249784
3.14409e-010	0.235137
3.15886e-010	0.220972
3.17362e-010	0.207293
3.18838e-010	0.194107
3.20314e-010	0.181416
3.2179e-010	0.169222
3.23266e-010	0.157524
3.24742e-010	0.146321
3.26218e-010	0.135611
3.27694e-010	0.125388
3.29171e-010	0.115648
3.30647e-010	0.106385
3.32123e-010	0.0975894
3.33599e-010	0.089254
3.35075e-010	0.0813691
3.36551e-010	0.0739244
3.38027e-010	0.0669088
3.39503e-010	0.0603107
3.40979e-010	0.054118
3.42455e-010	0.0483178
3.43932e-010	0.0428971
3.45408e-010	0.0378425
3.46884e-010	0.0331402
3.4836e-010	0.0287763
3.49836e-010	0.0247367
3.51312e-010	0.0210074
3.52788e-010	0.0175743
3.54264e-010	0.0144231
3.5574e-010	0.01154
3.57216e-010	0.00891114
3.58693e-010	0.00652275
3.60169e-010	0.00436144
3.61645e-010	0.00241403
3.63121e-010	0.000667648
3.64597e-010	-0.000890265
3.66073e-010	-0.00227191
3.67549e-010	-0.00348913
3.69025e-010	-0.00455334
3.70501e-010	-0.00547557
3.71977e-010	-0.00626643
3.73454e-010	-0.00693609
3.7493e-010	-0.00749427
3.76406e-010	-0.00795027
3.77882e-010	-0.00831291
3.79358e-010	-0.00859059
3.80834e-010	-0.00879126
3.8231e-010	-0.00892241
3.83786e-010	-0.00899112
3.85262e-010	-0.00900402
3.86738e-010	-0.00896734
3.88215e-010	-0.00888688
3.89691e-010	-0.00876808
3.91167e-010	-0.00861594
3.92643e-010	-0.00843514
3.94119e-010	-0.00822996
3.95595e-010	-0.00800438
3.97071e-010	-0.007762
3.98547e-010	-0.00750615
4.00023e-010	-0.00723984
4.01499e-010	-0.00696579
4.02976e-010	-0.00668647
4.04452e-010	-0.00640409
4.05928e-010	-0.00612063
4.07404e-010	-0.00583782
4.0888e-010	-0.00555721
4.10356e-010	-0.00528016
4.11832e-010	-0.00500782
4.13308e-010	-0.00474121
4.14784e-010	-0.00448117
4.1626e-010	-0.00422842
4.17737e-010	-0.00398352
4.19213e-010	-0.00374696
4.20689e-010	-0.00351908
4.22165e-010	-0.00330015
4.23641e-010	-0.00309033
4.25117e-010	-0.00288974
4.26593e-010	-0.0026984
4.28069e-010	-0.00251628
4.29545e-010	-0.00234329
4.31021e-010	-0.00217931
4.32498e-010	-0.00202416
4.33974e-010	-0.00187765
4.3545e-010	-0.00173955
4.36926e-010	-0.00160959
4.38402e-010	-0.0014875
4.39878e-010	-0.00137301
4.41354e-010	-0.0012658
4.4283e-010	-0.00116557
4.44306e-010	-0.00107202
4.45782e-010	-0.00098483
4.47259e-010	-0.000903684
4.48735e-010	-0.000828274
4.50211e-010	-0.000758295
4.51687e-010	-0.000693446
4.53163e-010	-0.000633434
4.54639e-010	-0.000577973
4.56115e-010	-0.000526786
4.57591e-010	-0.000479605
4.59067e-010	-0.000436174
4.60543e-010	-0.000396246
4.6202e-010	-0.000359585
4.63496e-010	-0.000325965
4.64972e-010	-0.000295173
4.66448e-010	-0.000267005
4.67924e-010	-0.000241269
4.694e-010	-0.000217784
4.70876e-010	-0.000196377
4.72352e-010	-0.000176889
4.73828e-010	-0.000159168
4.75304e-010	-0.000143073
4.76781e-010	-0.000128471
