7.3805e-013	-0.000128979
2.21415e-012	-0.000143633
3.69025e-012	-0.000159785
5.16635e-012	-0.000177568
6.64245e-012	-0.000197123
8.11856e-012	-0.000218602
9.59466e-012	-0.000242167
1.10708e-011	-0.000267988
1.25469e-011	-0.000296249
1.4023e-011	-0.00032714
1.54991e-011	-0.000360867
1.69752e-011	-0.000397643
1.84513e-011	-0.000437695
1.99274e-011	-0.000481258
2.14035e-011	-0.00052858
2.28796e-011	-0.000579918
2.43557e-011	-0.000635541
2.58318e-011	-0.000695724
2.73079e-011	-0.000760755
2.8784e-011	-0.000830926
3.02601e-011	-0.000906539
3.17362e-011	-0.0009879
3.32123e-011	-0.00107532
3.46884e-011	-0.00116911
3.61645e-011	-0.00126958
3.76406e-011	-0.00137705
3.91167e-011	-0.00149182
4.05928e-011	-0.00161418
4.20689e-011	-0.00174444
4.3545e-011	-0.00188285
4.50211e-011	-0.00202967
4.64972e-011	-0.00218513
4.79733e-011	-0.00234944
4.94494e-011	-0.00252276
5.09255e-011	-0.00270521
5.24016e-011	-0.00289689
5.38777e-011	-0.00309782
5.53538e-011	-0.00330797
5.68299e-011	-0.00352723
5.8306e-011	-0.00375543
5.97821e-011	-0.00399231
6.12582e-011	-0.0042375
6.27343e-011	-0.00449053
6.42104e-011	-0.00475082
6.56865e-011	-0.00501766
6.71626e-011	-0.00529018
6.86387e-011	-0.00556739
7.01148e-011	-0.0058481
7.15909e-011	-0.00613096
7.3067e-011	-0.00641442
7.45431e-011	-0.00669672
7.60192e-011	-0.00697589
7.74953e-011	-0.0072497
7.89714e-011	-0.00751568
8.04475e-011	-0.00777109
8.19236e-011	-0.00801292
8.33997e-011	-0.00823783
8.48758e-011	-0.00844218
8.63519e-011	-0.00862202
8.7828e-011	-0.00877302
8.93041e-011	-0.00889052
9.07802e-011	-0.00896948
9.22563e-011	-0.00900446
9.37324e-011	-0.00898963
9.52085e-011	-0.00891877
9.66846e-011	-0.00878521
9.81607e-011	-0.00858187
9.96368e-011	-0.00830123
1.01113e-010	-0.00793534
1.02589e-010	-0.00747577
1.04065e-010	-0.00691369
1.05541e-010	-0.00623979
1.07017e-010	-0.00544432
1.08493e-010	-0.0045171
1.0997e-010	-0.0034475
1.11446e-010	-0.0022245
1.12922e-010	-0.000836636
1.14398e-010	0.000727932
1.15874e-010	0.00248142
1.1735e-010	0.0044364
1.18826e-010	0.00660575
1.20302e-010	0.00900267
1.21778e-010	0.0116406
1.23254e-010	0.0145332
1.24731e-010	0.0176944
1.26207e-010	0.0211381
1.27683e-010	0.0248785
1.29159e-010	0.0289296
1.30635e-010	0.0333056
1.32111e-010	0.0380205
1.33587e-010	0.0430882
1.35063e-010	0.0485225
1.36539e-010	0.0543368
1.38015e-010	0.0605441
1.39492e-010	0.0671572
1.40968e-010	0.0741882
1.42444e-010	0.0816488
1.4392e-010	0.08955
1.45396e-010	0.0979019
1.46872e-010	0.106714
1.48348e-010	0.115995
1.49824e-010	0.125752
1.513e-010	0.135992
1.52776e-010	0.146721
1.54253e-010	0.157942
1.55729e-010	0.169657
1.57205e-010	0.18187
1.58681e-010	0.194579
1.60157e-010	0.207783
1.61633e-010	0.22148
1.63109e-010	0.235663
1.64585e-010	0.250327
1.66061e-010	0.265464
1.67537e-010	0.281064
1.69014e-010	0.297114
1.7049e-010	0.313601
1.71966e-010	0.33051
1.73442e-010	0.347822
1.74918e-010	0.365519
1.76394e-010	0.383579
1.7787e-010	0.401978
1.79346e-010	0.420693
1.80822e-010	0.439694
1.82298e-010	0.458955
1.83775e-010	0.478443
1.85251e-010	0.498128
1.86727e-010	0.517974
1.88203e-010	0.537947
1.89679e-010	0.55801
1.91155e-010	0.578123
1.92631e-010	0.598248
1.94107e-010	0.618344
1.95583e-010	0.638369
1.97059e-010	0.65828
1.98536e-010	0.678034
2.00012e-010	0.697587
2.01488e-010	0.716894
2.02964e-010	0.735911
2.0444e-010	0.754592
2.05916e-010	0.772894
2.07392e-010	0.79077
2.08868e-010	0.808177
2.10344e-010	0.82507
2.1182e-010	0.841408
2.13297e-010	0.857148
2.14773e-010	0.872248
2.16249e-010	0.886669
2.17725e-010	0.900372
2.19201e-010	0.913321
2.20677e-010	0.92548
2.22153e-010	0.936817
2.23629e-010	0.947299
2.25105e-010	0.956898
2.26581e-010	0.965588
2.28058e-010	0.973343
2.29534e-010	0.980142
2.3101e-010	0.985965
2.32486e-010	0.990797
2.33962e-010	0.994623
2.35438e-010	0.997432
2.36914e-010	0.999217
2.3839e-010	0.999972
2.39866e-010	0.999695
2.41342e-010	0.998388
2.42819e-010	0.996052
2.44295e-010	0.992696
2.45771e-010	0.988329
2.47247e-010	0.982964
2.48723e-010	0.976614
2.50199e-010	0.9693
2.51675e-010	0.961041
2.53151e-010	0.95186
2.54627e-010	0.941784
2.56104e-010	0.930839
2.5758e-010	0.919058
2.59056e-010	0.90647
2.60532e-010	0.893112
2.62008e-010	0.879019
2.63484e-010	0.864229
2.6496e-010	0.848781
2.66436e-010	0.832715
2.67912e-010	0.816074
2.69388e-010	0.7989
2.70865e-010	0.781235
2.72341e-010	0.763126
2.73817e-010	0.744615
2.75293e-010	0.725748
2.76769e-010	0.70657
2.78245e-010	0.687125
2.79721e-010	0.667459
2.81197e-010	0.647615
2.82673e-010	0.627638
2.84149e-010	0.60757
2.85626e-010	0.587453
2.87102e-010	0.567329
2.88578e-010	0.547238
2.90054e-010	0.527219
2.9153e-010	0.507309
2.93006e-010	0.487546
2.94482e-010	0.467962
2.95958e-010	0.448592
2.97434e-010	0.429467
2.9891e-010	0.410616
3.00387e-010	0.392067
3.01863e-010	0.373847
3.03339e-010	0.355979
3.04815e-010	0.338486
3.06291e-010	0.321388
3.07767e-010	0.304703
3.09243e-010	0.288449
3.10719e-010	0.272639
3.12195e-010	0.257286
3.13671e-010	0.242401
3.15148e-010	0.227994
3.16624e-010	0.214071
3.181e-010	0.200638
3.19576e-010	0.187699
3.21052e-010	0.175257
3.22528e-010	0.163311
3.24004e-010	0.151861
3.2548e-010	0.140905
3.26956e-010	0.130439
3.28432e-010	0.120458
3.29909e-010	0.110957
3.31385e-010	0.101929
3.32861e-010	0.0933648
3.34337e-010	0.0852559
3.35813e-010	0.0775924
3.37289e-010	0.0703637
3.38765e-010	0.0635583
3.40241e-010	0.0571645
3.41717e-010	0.0511696
3.43193e-010	0.0455608
3.4467e-010	0.0403249
3.46146e-010	0.0354481
3.47622e-010	0.0309168
3.49098e-010	0.0267168
3.50574e-010	0.0228342
3.5205e-010	0.0192547
3.53526e-010	0.0159643
3.55002e-010	0.012949
3.56478e-010	0.0101947
3.57954e-010	0.00768772
3.59431e-010	0.00541454
3.60907e-010	0.00336181
3.62383e-010	0.0015165
3.63859e-010	-0.000134096
3.65335e-010	-0.00160237
3.66811e-010	-0.00290035
3.68287e-010	-0.00403966
3.69763e-010	-0.00503153
3.71239e-010	-0.00588678
3.72715e-010	-0.00661579
3.74192e-010	-0.00722852
3.75668e-010	-0.00773448
3.77144e-010	-0.00814272
3.7862e-010	-0.00846187
3.80096e-010	-0.00870007
3.81572e-010	-0.00886507
3.83048e-010	-0.00896414
3.84524e-010	-0.00900414
3.86e-010	-0.0089915
3.87476e-010	-0.00893223
3.88953e-010	-0.00883195
3.90429e-010	-0.00869587
3.91905e-010	-0.00852885
3.93381e-010	-0.00833534
3.94857e-010	-0.00811949
3.96333e-010	-0.00788507
3.97809e-010	-0.00763557
3.99285e-010	-0.00737413
4.00761e-010	-0.00710362
4.02237e-010	-0.00682665
4.03714e-010	-0.00654554
4.0519e-010	-0.00626238
4.06666e-010	-0.00597904
4.08142e-010	-0.00569715
4.09618e-010	-0.00541816
4.11094e-010	-0.00514333
4.1257e-010	-0.00487375
4.14046e-010	-0.00461032
4.15522e-010	-0.00435385
4.16999e-010	-0.00410496
4.18475e-010	-0.00386418
4.19951e-010	-0.00363192
4.21427e-010	-0.00340848
4.22903e-010	-0.00319409
4.24379e-010	-0.00298888
4.25855e-010	-0.00279291
4.27331e-010	-0.00260619
4.28807e-010	-0.00242865
4.30283e-010	-0.00226018
4.3176e-010	-0.00210064
4.33236e-010	-0.00194984
4.34712e-010	-0.00180756
4.36188e-010	-0.00167356
4.37664e-010	-0.00154758
4.3914e-010	-0.00142932
4.40616e-010	-0.00131851
4.42092e-010	-0.00121483
4.43568e-010	-0.00111798
4.45044e-010	-0.00102765
4.46521e-010	-0.00094352
4.47997e-010	-0.000865281
4.49473e-010	-0.000792625
4.50949e-010	-0.000725248
4.52425e-010	-0.000662854
4.53901e-010	-0.000605152
4.55377e-010	-0.000551862
4.56853e-010	-0.000502711
4.58329e-010	-0.000457437
4.59805e-010	-0.000415788
4.61282e-010	-0.000377522
4.62758e-010	-0.000342409
4.64234e-010	-0.000310229
4.6571e-010	-0.000280773
4.67186e-010	-0.000253845
4.68662e-010	-0.000229256
4.70138e-010	-0.000206831
4.71614e-010	-0.000186403
4.7309e-010	-0.000167817
4.74566e-010	-0.000150926
4.76043e-010	-0.000135593
4.77519e-010	-0.000121692
