0	-0.000109735
7.6494e-013	-0.000112466
1.52988e-012	-0.000115247
2.29482e-012	-0.000118078
3.05976e-012	-0.000120959
3.8247e-012	-0.000123891
4.58964e-012	-0.000126875
5.35458e-012	-0.00012991
6.11952e-012	-0.000132998
6.88446e-012	-0.000136139
7.6494e-012	-0.000139332
8.41434e-012	-0.00014258
9.17928e-012	-0.000145882
9.94422e-012	-0.000149238
1.07092e-011	-0.000152649
1.14741e-011	-0.000156115
1.2239e-011	-0.000159637
1.3004e-011	-0.000163215
1.37689e-011	-0.000166849
1.45339e-011	-0.00017054
1.52988e-011	-0.000174289
1.60637e-011	-0.000178094
1.68287e-011	-0.000181957
1.75936e-011	-0.000185878
1.83586e-011	-0.000189858
1.91235e-011	-0.000193895
1.98884e-011	-0.000197992
2.06534e-011	-0.000202147
2.14183e-011	-0.000206361
2.21833e-011	-0.000210634
2.29482e-011	-0.000214967
2.37131e-011	-0.00021936
2.44781e-011	-0.000223811
2.5243e-011	-0.000228323
2.6008e-011	-0.000232894
2.67729e-011	-0.000237525
2.75378e-011	-0.000242216
2.83028e-011	-0.000246966
2.90677e-011	-0.000251776
2.98326e-011	-0.000256645
3.05976e-011	-0.000261574
3.13625e-011	-0.000266563
3.21275e-011	-0.00027161
3.28924e-011	-0.000276716
3.36573e-011	-0.000281881
3.44223e-011	-0.000287105
3.51872e-011	-0.000292386
3.59522e-011	-0.000297725
3.67171e-011	-0.000303122
3.7482e-011	-0.000308576
3.8247e-011	-0.000314086
3.90119e-011	-0.000319652
3.97769e-011	-0.000325273
4.05418e-011	-0.000330949
4.13067e-011	-0.00033668
4.20717e-011	-0.000342464
4.28366e-011	-0.000348301
4.36016e-011	-0.00035419
4.43665e-011	-0.00036013
4.51314e-011	-0.000366121
4.58964e-011	-0.000372161
4.66613e-011	-0.000378249
4.74263e-011	-0.000384385
4.81912e-011	-0.000390568
4.89561e-011	-0.000396795
4.97211e-011	-0.000403067
5.0486e-011	-0.000409382
5.1251e-011	-0.000415738
5.20159e-011	-0.000422134
5.27808e-011	-0.000428569
5.35458e-011	-0.000435041
5.43107e-011	-0.000441549
5.50757e-011	-0.000448091
5.58406e-011	-0.000454665
5.66055e-011	-0.00046127
5.73705e-011	-0.000467904
5.81354e-011	-0.000474564
5.89004e-011	-0.000481249
5.96653e-011	-0.000487957
6.04302e-011	-0.000494686
6.11952e-011	-0.000501434
6.19601e-011	-0.000508197
6.27251e-011	-0.000514974
6.349e-011	-0.000521763
6.42549e-011	-0.00052856
6.50199e-011	-0.000535364
6.57848e-011	-0.000542171
6.65498e-011	-0.000548979
6.73147e-011	-0.000555785
6.80796e-011	-0.000562585
6.88446e-011	-0.000569378
6.96095e-011	-0.000576159
7.03745e-011	-0.000582925
7.11394e-011	-0.000589673
7.19043e-011	-0.0005964
7.26693e-011	-0.000603101
7.34342e-011	-0.000609774
7.41992e-011	-0.000616415
7.49641e-011	-0.000623019
7.5729e-011	-0.000629582
7.6494e-011	-0.000636101
7.72589e-011	-0.000642572
7.80239e-011	-0.000648989
7.87888e-011	-0.00065535
7.95537e-011	-0.000661648
8.03187e-011	-0.000667879
8.10836e-011	-0.000674039
8.18485e-011	-0.000680123
8.26135e-011	-0.000686125
8.33784e-011	-0.00069204
8.41434e-011	-0.000697864
8.49083e-011	-0.000703591
8.56732e-011	-0.000709215
8.64382e-011	-0.00071473
8.72031e-011	-0.000720131
8.79681e-011	-0.000725412
8.8733e-011	-0.000730566
8.94979e-011	-0.000735588
9.02629e-011	-0.000740472
9.10278e-011	-0.000745209
9.17928e-011	-0.000749795
9.25577e-011	-0.000754222
9.33226e-011	-0.000758483
9.40876e-011	-0.000762572
9.48525e-011	-0.000766481
9.56175e-011	-0.000770202
9.63824e-011	-0.000773728
9.71473e-011	-0.000777052
9.79123e-011	-0.000780165
9.86772e-011	-0.00078306
9.94422e-011	-0.000785728
1.00207e-010	-0.000788162
1.00972e-010	-0.000790352
1.01737e-010	-0.00079229
1.02502e-010	-0.000793968
1.03267e-010	-0.000795376
1.04032e-010	-0.000796505
1.04797e-010	-0.000797346
1.05562e-010	-0.000797889
1.06327e-010	-0.000798125
1.07092e-010	-0.000798045
1.07856e-010	-0.000797637
1.08621e-010	-0.000796893
1.09386e-010	-0.000795801
1.10151e-010	-0.000794351
1.10916e-010	-0.000792533
1.11681e-010	-0.000790336
1.12446e-010	-0.000787748
1.13211e-010	-0.000784759
1.13976e-010	-0.000781356
1.14741e-010	-0.00077753
1.15506e-010	-0.000773267
1.16271e-010	-0.000768557
1.17036e-010	-0.000763386
1.17801e-010	-0.000757743
1.18566e-010	-0.000751615
1.19331e-010	-0.000744989
1.20096e-010	-0.000737854
1.2086e-010	-0.000730195
1.21625e-010	-0.000722
1.2239e-010	-0.000713255
1.23155e-010	-0.000703946
1.2392e-010	-0.000694061
1.24685e-010	-0.000683584
1.2545e-010	-0.000672503
1.26215e-010	-0.000660802
1.2698e-010	-0.000648468
1.27745e-010	-0.000635485
1.2851e-010	-0.000621839
1.29275e-010	-0.000607514
1.3004e-010	-0.000592496
1.30805e-010	-0.00057677
1.3157e-010	-0.000560319
1.32335e-010	-0.000543128
1.331e-010	-0.000525181
1.33864e-010	-0.000506463
1.34629e-010	-0.000486955
1.35394e-010	-0.000466644
1.36159e-010	-0.000445511
1.36924e-010	-0.00042354
1.37689e-010	-0.000400714
1.38454e-010	-0.000377016
1.39219e-010	-0.000352428
1.39984e-010	-0.000326934
1.40749e-010	-0.000300516
1.41514e-010	-0.000273155
1.42279e-010	-0.000244835
1.43044e-010	-0.000215536
1.43809e-010	-0.000185241
1.44574e-010	-0.000153931
1.45339e-010	-0.000121588
1.46103e-010	-8.81935e-005
1.46868e-010	-5.37279e-005
1.47633e-010	-1.81726e-005
1.48398e-010	1.84914e-005
1.49163e-010	5.62834e-005
1.49928e-010	9.52228e-005
1.50693e-010	0.000135329
1.51458e-010	0.000176622
1.52223e-010	0.000219121
1.52988e-010	0.000262845
1.53753e-010	0.000307816
1.54518e-010	0.000354053
1.55283e-010	0.000401576
1.56048e-010	0.000450406
1.56813e-010	0.000500562
1.57578e-010	0.000552066
1.58343e-010	0.000604937
1.59107e-010	0.000659197
1.59872e-010	0.000714867
1.60637e-010	0.000771966
1.61402e-010	0.000830515
1.62167e-010	0.000890537
1.62932e-010	0.000952051
1.63697e-010	0.00101508
1.64462e-010	0.00107964
1.65227e-010	0.00114576
1.65992e-010	0.00121345
1.66757e-010	0.00128274
1.67522e-010	0.00135366
1.68287e-010	0.00142621
1.69052e-010	0.00150042
1.69817e-010	0.00157631
1.70582e-010	0.00165391
1.71346e-010	0.00173323
1.72111e-010	0.0018143
1.72876e-010	0.00189714
1.73641e-010	0.00198176
1.74406e-010	0.00206819
1.75171e-010	0.00215645
1.75936e-010	0.00224656
1.76701e-010	0.00233854
1.77466e-010	0.00243241
1.78231e-010	0.0025282
1.78996e-010	0.00262592
1.79761e-010	0.00272559
1.80526e-010	0.00282723
1.81291e-010	0.00293086
1.82056e-010	0.00303651
1.82821e-010	0.00314419
1.83586e-010	0.00325393
1.8435e-010	0.00336573
1.85115e-010	0.00347963
1.8588e-010	0.00359563
1.86645e-010	0.00371376
1.8741e-010	0.00383404
1.88175e-010	0.00395649
1.8894e-010	0.00408112
1.89705e-010	0.00420795
1.9047e-010	0.004337
1.91235e-010	0.00446828
1.92e-010	0.00460182
1.92765e-010	0.00473763
1.9353e-010	0.00487572
1.94295e-010	0.00501612
1.9506e-010	0.00515884
1.95825e-010	0.00530388
1.9659e-010	0.00545128
1.97354e-010	0.00560104
1.98119e-010	0.00575317
1.98884e-010	0.0059077
1.99649e-010	0.00606463
2.00414e-010	0.00622397
2.01179e-010	0.00638575
2.01944e-010	0.00654996
2.02709e-010	0.00671663
2.03474e-010	0.00688576
2.04239e-010	0.00705737
2.05004e-010	0.00723146
2.05769e-010	0.00740804
2.06534e-010	0.00758713
2.07299e-010	0.00776873
2.08064e-010	0.00795284
2.08829e-010	0.00813948
2.09593e-010	0.00832865
2.10358e-010	0.00852036
2.11123e-010	0.0087146
2.11888e-010	0.0089114
2.12653e-010	0.00911075
2.13418e-010	0.00931264
2.14183e-010	0.0095171
2.14948e-010	0.00972411
2.15713e-010	0.00993368
2.16478e-010	0.0101458
2.17243e-010	0.0103605
2.18008e-010	0.0105777
2.18773e-010	0.0107975
2.19538e-010	0.0110199
2.20303e-010	0.0112447
2.21068e-010	0.0114722
2.21833e-010	0.0117021
2.22597e-010	0.0119346
2.23362e-010	0.0121696
2.24127e-010	0.0124072
2.24892e-010	0.0126472
2.25657e-010	0.0128897
2.26422e-010	0.0131347
2.27187e-010	0.0133821
2.27952e-010	0.013632
2.28717e-010	0.0138844
2.29482e-010	0.0141391
2.30247e-010	0.0143963
2.31012e-010	0.0146559
2.31777e-010	0.0149178
2.32542e-010	0.015182
2.33307e-010	0.0154486
2.34072e-010	0.0157175
2.34836e-010	0.0159887
2.35601e-010	0.0162621
2.36366e-010	0.0165377
2.37131e-010	0.0168156
2.37896e-010	0.0170956
2.38661e-010	0.0173777
2.39426e-010	0.017662
2.40191e-010	0.0179483
2.40956e-010	0.0182367
2.41721e-010	0.018527
2.42486e-010	0.0188194
2.43251e-010	0.0191136
2.44016e-010	0.0194097
2.44781e-010	0.0197077
2.45546e-010	0.0200075
2.46311e-010	0.020309
2.47076e-010	0.0206123
2.4784e-010	0.0209172
2.48605e-010	0.0212237
2.4937e-010	0.0215318
2.50135e-010	0.0218414
2.509e-010	0.0221524
2.51665e-010	0.0224649
2.5243e-010	0.0227786
2.53195e-010	0.0230937
2.5396e-010	0.02341
2.54725e-010	0.0237275
2.5549e-010	0.024046
2.56255e-010	0.0243656
2.5702e-010	0.0246862
2.57785e-010	0.0250076
2.5855e-010	0.0253299
2.59315e-010	0.0256529
2.6008e-010	0.0259766
2.60844e-010	0.0263009
2.61609e-010	0.0266258
2.62374e-010	0.026951
2.63139e-010	0.0272767
2.63904e-010	0.0276026
2.64669e-010	0.0279287
2.65434e-010	0.028255
2.66199e-010	0.0285812
2.66964e-010	0.0289074
2.67729e-010	0.0292334
2.68494e-010	0.0295591
2.69259e-010	0.0298845
2.70024e-010	0.0302095
2.70789e-010	0.0305338
2.71554e-010	0.0308576
2.72319e-010	0.0311805
2.73083e-010	0.0315026
2.73848e-010	0.0318238
2.74613e-010	0.0321438
2.75378e-010	0.0324626
2.76143e-010	0.0327802
2.76908e-010	0.0330963
2.77673e-010	0.0334108
2.78438e-010	0.0337237
2.79203e-010	0.0340349
2.79968e-010	0.0343441
2.80733e-010	0.0346512
2.81498e-010	0.0349562
2.82263e-010	0.0352589
2.83028e-010	0.0355592
2.83793e-010	0.0358569
2.84558e-010	0.0361519
2.85323e-010	0.0364441
2.86087e-010	0.0367334
2.86852e-010	0.0370195
2.87617e-010	0.0373023
2.88382e-010	0.0375817
2.89147e-010	0.0378576
2.89912e-010	0.0381298
2.90677e-010	0.0383981
2.91442e-010	0.0386625
2.92207e-010	0.0389226
2.92972e-010	0.0391785
2.93737e-010	0.0394298
2.94502e-010	0.0396766
2.95267e-010	0.0399185
2.96032e-010	0.0401554
2.96797e-010	0.0403872
2.97562e-010	0.0406138
2.98326e-010	0.0408348
2.99091e-010	0.0410502
2.99856e-010	0.0412598
3.00621e-010	0.0414634
3.01386e-010	0.0416608
3.02151e-010	0.0418518
3.02916e-010	0.0420363
3.03681e-010	0.0422142
3.04446e-010	0.0423851
3.05211e-010	0.0425489
3.05976e-010	0.0427054
3.06741e-010	0.0428545
3.07506e-010	0.0429959
3.08271e-010	0.0431295
3.09036e-010	0.043255
3.09801e-010	0.0433723
3.10566e-010	0.0434812
3.1133e-010	0.0435814
3.12095e-010	0.0436728
3.1286e-010	0.0437552
3.13625e-010	0.0438283
3.1439e-010	0.043892
3.15155e-010	0.0439461
3.1592e-010	0.0439903
3.16685e-010	0.0440244
3.1745e-010	0.0440483
3.18215e-010	0.0440617
3.1898e-010	0.0440644
3.19745e-010	0.0440562
3.2051e-010	0.0440369
3.21275e-010	0.0440063
3.2204e-010	0.0439641
3.22805e-010	0.0439102
3.23569e-010	0.0438443
3.24334e-010	0.0437663
3.25099e-010	0.0436758
3.25864e-010	0.0435727
3.26629e-010	0.0434567
3.27394e-010	0.0433277
3.28159e-010	0.0431854
3.28924e-010	0.0430296
3.29689e-010	0.04286
3.30454e-010	0.0426765
3.31219e-010	0.0424789
3.31984e-010	0.0422669
3.32749e-010	0.0420402
3.33514e-010	0.0417987
3.34279e-010	0.0415422
3.35044e-010	0.0412703
3.35809e-010	0.040983
3.36573e-010	0.0406799
3.37338e-010	0.0403609
3.38103e-010	0.0400258
3.38868e-010	0.0396742
3.39633e-010	0.039306
3.40398e-010	0.038921
3.41163e-010	0.038519
3.41928e-010	0.0380997
3.42693e-010	0.0376629
3.43458e-010	0.0372084
3.44223e-010	0.0367359
3.44988e-010	0.0362453
3.45753e-010	0.0357364
3.46518e-010	0.0352089
3.47283e-010	0.0346626
3.48048e-010	0.0340974
3.48813e-010	0.0335129
3.49577e-010	0.032909
3.50342e-010	0.0322855
3.51107e-010	0.0316422
3.51872e-010	0.0309788
3.52637e-010	0.0302952
3.53402e-010	0.0295912
3.54167e-010	0.0288665
3.54932e-010	0.028121
3.55697e-010	0.0273545
3.56462e-010	0.0265667
3.57227e-010	0.0257575
3.57992e-010	0.0249268
3.58757e-010	0.0240742
3.59522e-010	0.0231997
3.60287e-010	0.022303
3.61052e-010	0.021384
3.61816e-010	0.0204425
3.62581e-010	0.0194783
3.63346e-010	0.0184912
3.64111e-010	0.0174811
3.64876e-010	0.0164478
3.65641e-010	0.0153912
3.66406e-010	0.0143111
3.67171e-010	0.0132073
3.67936e-010	0.0120797
3.68701e-010	0.0109282
3.69466e-010	0.00975249
3.70231e-010	0.00855259
3.70996e-010	0.0073283
3.71761e-010	0.00607949
3.72526e-010	0.00480605
3.73291e-010	0.00350783
3.74056e-010	0.00218473
3.7482e-010	0.000836616
3.75585e-010	-0.000536612
3.7635e-010	-0.00193507
3.77115e-010	-0.00335885
3.7788e-010	-0.00480806
3.78645e-010	-0.00628278
3.7941e-010	-0.00778312
3.80175e-010	-0.00930915
3.8094e-010	-0.010861
3.81705e-010	-0.0124386
3.8247e-010	-0.0140422
3.83235e-010	-0.0156717
3.84e-010	-0.0173273
3.84765e-010	-0.0190089
3.8553e-010	-0.0207167
3.86295e-010	-0.0224507
3.87059e-010	-0.0242109
3.87824e-010	-0.0259973
3.88589e-010	-0.02781
3.89354e-010	-0.029649
3.90119e-010	-0.0315142
3.90884e-010	-0.0334058
3.91649e-010	-0.0353236
3.92414e-010	-0.0372678
3.93179e-010	-0.0392382
3.93944e-010	-0.0412349
3.94709e-010	-0.0432578
3.95474e-010	-0.0453069
3.96239e-010	-0.0473821
3.97004e-010	-0.0494835
3.97769e-010	-0.0516109
3.98534e-010	-0.0537643
3.99299e-010	-0.0559436
4.00063e-010	-0.0581487
4.00828e-010	-0.0603797
4.01593e-010	-0.0626363
4.02358e-010	-0.0649184
4.03123e-010	-0.0672261
4.03888e-010	-0.0695591
4.04653e-010	-0.0719173
4.05418e-010	-0.0743006
4.06183e-010	-0.0767089
4.06948e-010	-0.079142
4.07713e-010	-0.0815998
4.08478e-010	-0.0840821
4.09243e-010	-0.0865888
4.10008e-010	-0.0891196
4.10773e-010	-0.0916744
4.11538e-010	-0.094253
4.12303e-010	-0.0968552
4.13067e-010	-0.0994808
4.13832e-010	-0.10213
4.14597e-010	-0.104801
4.15362e-010	-0.107496
4.16127e-010	-0.110212
4.16892e-010	-0.112951
4.17657e-010	-0.115712
4.18422e-010	-0.118495
4.19187e-010	-0.121299
4.19952e-010	-0.124124
4.20717e-010	-0.126971
4.21482e-010	-0.129837
4.22247e-010	-0.132724
4.23012e-010	-0.13563
4.23777e-010	-0.138557
4.24542e-010	-0.141502
4.25306e-010	-0.144466
4.26071e-010	-0.147449
4.26836e-010	-0.15045
4.27601e-010	-0.153469
4.28366e-010	-0.156505
4.29131e-010	-0.159558
4.29896e-010	-0.162628
4.30661e-010	-0.165714
4.31426e-010	-0.168815
4.32191e-010	-0.171932
4.32956e-010	-0.175064
4.33721e-010	-0.17821
4.34486e-010	-0.181371
4.35251e-010	-0.184544
4.36016e-010	-0.187731
4.36781e-010	-0.190931
4.37546e-010	-0.194142
4.3831e-010	-0.197365
4.39075e-010	-0.200599
4.3984e-010	-0.203844
4.40605e-010	-0.207099
4.4137e-010	-0.210363
4.42135e-010	-0.213636
4.429e-010	-0.216918
4.43665e-010	-0.220207
4.4443e-010	-0.223504
4.45195e-010	-0.226807
4.4596e-010	-0.230116
4.46725e-010	-0.233431
4.4749e-010	-0.236751
4.48255e-010	-0.240075
4.4902e-010	-0.243403
4.49785e-010	-0.246733
4.50549e-010	-0.250066
4.51314e-010	-0.253401
4.52079e-010	-0.256737
4.52844e-010	-0.260073
4.53609e-010	-0.263409
4.54374e-010	-0.266745
4.55139e-010	-0.270078
4.55904e-010	-0.273409
4.56669e-010	-0.276738
4.57434e-010	-0.280062
4.58199e-010	-0.283382
4.58964e-010	-0.286697
4.59729e-010	-0.290007
4.60494e-010	-0.293309
4.61259e-010	-0.296604
4.62024e-010	-0.299891
4.62789e-010	-0.30317
4.63553e-010	-0.306438
4.64318e-010	-0.309696
4.65083e-010	-0.312943
4.65848e-010	-0.316179
4.66613e-010	-0.319401
4.67378e-010	-0.32261
4.68143e-010	-0.325804
4.68908e-010	-0.328984
4.69673e-010	-0.332147
4.70438e-010	-0.335294
4.71203e-010	-0.338423
4.71968e-010	-0.341534
4.72733e-010	-0.344626
4.73498e-010	-0.347697
4.74263e-010	-0.350748
4.75028e-010	-0.353777
4.75793e-010	-0.356784
4.76557e-010	-0.359767
4.77322e-010	-0.362725
4.78087e-010	-0.365659
4.78852e-010	-0.368566
4.79617e-010	-0.371447
4.80382e-010	-0.3743
4.81147e-010	-0.377125
4.81912e-010	-0.37992
4.82677e-010	-0.382684
4.83442e-010	-0.385418
4.84207e-010	-0.388119
4.84972e-010	-0.390787
4.85737e-010	-0.393422
4.86502e-010	-0.396021
4.87267e-010	-0.398585
4.88032e-010	-0.401113
4.88796e-010	-0.403603
4.89561e-010	-0.406055
4.90326e-010	-0.408468
4.91091e-010	-0.410841
4.91856e-010	-0.413172
4.92621e-010	-0.415462
4.93386e-010	-0.41771
4.94151e-010	-0.419913
4.94916e-010	-0.422072
4.95681e-010	-0.424186
4.96446e-010	-0.426254
4.97211e-010	-0.428274
4.97976e-010	-0.430246
4.98741e-010	-0.43217
4.99506e-010	-0.434044
5.00271e-010	-0.435867
5.01036e-010	-0.437639
5.018e-010	-0.439358
5.02565e-010	-0.441024
5.0333e-010	-0.442636
5.04095e-010	-0.444193
5.0486e-010	-0.445694
5.05625e-010	-0.447139
5.0639e-010	-0.448527
5.07155e-010	-0.449856
5.0792e-010	-0.451125
5.08685e-010	-0.452335
5.0945e-010	-0.453485
5.10215e-010	-0.454572
5.1098e-010	-0.455597
5.11745e-010	-0.45656
5.1251e-010	-0.457458
5.13275e-010	-0.458291
5.14039e-010	-0.459059
5.14804e-010	-0.459761
5.15569e-010	-0.460395
5.16334e-010	-0.460962
5.17099e-010	-0.46146
5.17864e-010	-0.461889
5.18629e-010	-0.462248
5.19394e-010	-0.462536
5.20159e-010	-0.462752
5.20924e-010	-0.462897
5.21689e-010	-0.462969
5.22454e-010	-0.462967
5.23219e-010	-0.462891
5.23984e-010	-0.46274
5.24749e-010	-0.462513
5.25514e-010	-0.462211
5.26279e-010	-0.461831
5.27043e-010	-0.461375
5.27808e-010	-0.46084
5.28573e-010	-0.460227
5.29338e-010	-0.459534
5.30103e-010	-0.458762
5.30868e-010	-0.45791
5.31633e-010	-0.456977
5.32398e-010	-0.455962
5.33163e-010	-0.454866
5.33928e-010	-0.453687
5.34693e-010	-0.452425
5.35458e-010	-0.45108
5.36223e-010	-0.449652
5.36988e-010	-0.448139
5.37753e-010	-0.446541
5.38518e-010	-0.444859
5.39282e-010	-0.443091
5.40047e-010	-0.441237
5.40812e-010	-0.439297
5.41577e-010	-0.43727
5.42342e-010	-0.435157
5.43107e-010	-0.432956
5.43872e-010	-0.430668
5.44637e-010	-0.428292
5.45402e-010	-0.425828
5.46167e-010	-0.423276
5.46932e-010	-0.420635
5.47697e-010	-0.417905
5.48462e-010	-0.415087
5.49227e-010	-0.412179
5.49992e-010	-0.409182
5.50757e-010	-0.406096
5.51522e-010	-0.40292
5.52286e-010	-0.399654
5.53051e-010	-0.396299
5.53816e-010	-0.392854
5.54581e-010	-0.389319
5.55346e-010	-0.385694
5.56111e-010	-0.381979
5.56876e-010	-0.378174
5.57641e-010	-0.374279
5.58406e-010	-0.370295
5.59171e-010	-0.36622
5.59936e-010	-0.362056
5.60701e-010	-0.357803
5.61466e-010	-0.35346
5.62231e-010	-0.349027
5.62996e-010	-0.344506
5.63761e-010	-0.339895
5.64526e-010	-0.335196
5.6529e-010	-0.330408
5.66055e-010	-0.325532
5.6682e-010	-0.320568
5.67585e-010	-0.315516
5.6835e-010	-0.310376
5.69115e-010	-0.30515
5.6988e-010	-0.299837
5.70645e-010	-0.294437
5.7141e-010	-0.288952
5.72175e-010	-0.283381
5.7294e-010	-0.277724
5.73705e-010	-0.271983
5.7447e-010	-0.266158
5.75235e-010	-0.260249
5.76e-010	-0.254257
5.76765e-010	-0.248183
5.77529e-010	-0.242026
5.78294e-010	-0.235787
5.79059e-010	-0.229468
5.79824e-010	-0.223069
5.80589e-010	-0.216589
5.81354e-010	-0.210031
5.82119e-010	-0.203395
5.82884e-010	-0.196681
5.83649e-010	-0.18989
5.84414e-010	-0.183022
5.85179e-010	-0.17608
5.85944e-010	-0.169063
5.86709e-010	-0.161972
5.87474e-010	-0.154808
5.88239e-010	-0.147573
5.89004e-010	-0.140265
5.89769e-010	-0.132888
5.90533e-010	-0.125441
5.91298e-010	-0.117926
5.92063e-010	-0.110343
5.92828e-010	-0.102694
5.93593e-010	-0.0949785
5.94358e-010	-0.0871988
5.95123e-010	-0.0793556
5.95888e-010	-0.0714499
5.96653e-010	-0.0634827
5.97418e-010	-0.0554551
5.98183e-010	-0.0473682
5.98948e-010	-0.0392232
5.99713e-010	-0.0310211
6.00478e-010	-0.0227632
6.01243e-010	-0.0144506
6.02008e-010	-0.0060844
6.02772e-010	0.00233407
6.03537e-010	0.0108036
6.04302e-010	0.019323
6.05067e-010	0.027891
6.05832e-010	0.0365064
6.06597e-010	0.0451677
6.07362e-010	0.0538738
6.08127e-010	0.0626233
6.08892e-010	0.0714148
6.09657e-010	0.0802471
6.10422e-010	0.0891187
6.11187e-010	0.0980283
6.11952e-010	0.106975
6.12717e-010	0.115956
6.13482e-010	0.124971
6.14247e-010	0.134018
6.15012e-010	0.143097
6.15776e-010	0.152204
6.16541e-010	0.16134
6.17306e-010	0.170502
6.18071e-010	0.179689
6.18836e-010	0.188899
6.19601e-010	0.198132
6.20366e-010	0.207385
6.21131e-010	0.216656
6.21896e-010	0.225945
6.22661e-010	0.23525
6.23426e-010	0.244568
6.24191e-010	0.2539
6.24956e-010	0.263242
6.25721e-010	0.272593
6.26486e-010	0.281953
6.27251e-010	0.291318
6.28016e-010	0.300688
6.2878e-010	0.310061
6.29545e-010	0.319435
6.3031e-010	0.328809
6.31075e-010	0.338181
6.3184e-010	0.347549
6.32605e-010	0.356912
6.3337e-010	0.366267
6.34135e-010	0.375614
6.349e-010	0.384951
6.35665e-010	0.394275
6.3643e-010	0.403586
6.37195e-010	0.412882
6.3796e-010	0.42216
6.38725e-010	0.431419
6.3949e-010	0.440658
6.40255e-010	0.449875
6.41019e-010	0.459068
6.41784e-010	0.468235
6.42549e-010	0.477375
6.43314e-010	0.486487
6.44079e-010	0.495567
6.44844e-010	0.504615
6.45609e-010	0.513629
6.46374e-010	0.522608
6.47139e-010	0.531549
6.47904e-010	0.540451
6.48669e-010	0.549312
6.49434e-010	0.55813
6.50199e-010	0.566905
6.50964e-010	0.575634
6.51729e-010	0.584315
6.52494e-010	0.592947
6.53259e-010	0.601528
6.54023e-010	0.610057
6.54788e-010	0.618532
6.55553e-010	0.626952
6.56318e-010	0.635314
6.57083e-010	0.643617
6.57848e-010	0.651859
6.58613e-010	0.660039
6.59378e-010	0.668156
6.60143e-010	0.676207
6.60908e-010	0.684192
6.61673e-010	0.692108
6.62438e-010	0.699954
6.63203e-010	0.707728
6.63968e-010	0.715429
6.64733e-010	0.723056
6.65498e-010	0.730607
6.66262e-010	0.73808
6.67027e-010	0.745474
6.67792e-010	0.752787
6.68557e-010	0.760019
6.69322e-010	0.767166
6.70087e-010	0.77423
6.70852e-010	0.781207
6.71617e-010	0.788096
6.72382e-010	0.794896
6.73147e-010	0.801606
6.73912e-010	0.808224
6.74677e-010	0.814749
6.75442e-010	0.821179
6.76207e-010	0.827514
6.76972e-010	0.833752
6.77737e-010	0.839892
6.78502e-010	0.845932
6.79266e-010	0.851871
6.80031e-010	0.857709
6.80796e-010	0.863443
6.81561e-010	0.869074
6.82326e-010	0.874599
6.83091e-010	0.880017
6.83856e-010	0.885328
6.84621e-010	0.89053
6.85386e-010	0.895622
6.86151e-010	0.900604
6.86916e-010	0.905473
6.87681e-010	0.91023
6.88446e-010	0.914873
6.89211e-010	0.919402
6.89976e-010	0.923814
6.90741e-010	0.92811
6.91506e-010	0.932289
6.9227e-010	0.936349
6.93035e-010	0.94029
6.938e-010	0.944111
6.94565e-010	0.947812
6.9533e-010	0.951391
6.96095e-010	0.954847
6.9686e-010	0.958181
6.97625e-010	0.961391
6.9839e-010	0.964477
6.99155e-010	0.967437
6.9992e-010	0.970272
7.00685e-010	0.972981
7.0145e-010	0.975563
7.02215e-010	0.978018
7.0298e-010	0.980346
7.03745e-010	0.982545
7.04509e-010	0.984615
7.05274e-010	0.986556
7.06039e-010	0.988367
7.06804e-010	0.990049
7.07569e-010	0.9916
7.08334e-010	0.993021
7.09099e-010	0.994311
7.09864e-010	0.99547
7.10629e-010	0.996497
7.11394e-010	0.997393
7.12159e-010	0.998157
7.12924e-010	0.998789
7.13689e-010	0.999289
7.14454e-010	0.999656
7.15219e-010	0.999892
7.15984e-010	0.999995
7.16749e-010	0.999966
7.17513e-010	0.999804
7.18278e-010	0.99951
7.19043e-010	0.999084
7.19808e-010	0.998526
7.20573e-010	0.997836
7.21338e-010	0.997014
7.22103e-010	0.99606
7.22868e-010	0.994974
7.23633e-010	0.993758
7.24398e-010	0.99241
7.25163e-010	0.990932
7.25928e-010	0.989323
7.26693e-010	0.987584
7.27458e-010	0.985715
7.28223e-010	0.983717
7.28988e-010	0.98159
7.29752e-010	0.979334
7.30517e-010	0.976951
7.31282e-010	0.97444
7.32047e-010	0.971801
7.32812e-010	0.969037
7.33577e-010	0.966146
7.34342e-010	0.96313
7.35107e-010	0.95999
7.35872e-010	0.956725
7.36637e-010	0.953337
7.37402e-010	0.949826
7.38167e-010	0.946194
7.38932e-010	0.94244
7.39697e-010	0.938566
7.40462e-010	0.934572
7.41227e-010	0.930459
7.41992e-010	0.926229
7.42756e-010	0.921881
7.43521e-010	0.917417
7.44286e-010	0.912838
7.45051e-010	0.908145
7.45816e-010	0.903338
7.46581e-010	0.898419
7.47346e-010	0.893388
7.48111e-010	0.888247
7.48876e-010	0.882997
7.49641e-010	0.877639
7.50406e-010	0.872173
7.51171e-010	0.866602
7.51936e-010	0.860925
7.52701e-010	0.855145
7.53466e-010	0.849262
7.54231e-010	0.843278
7.54995e-010	0.837194
7.5576e-010	0.831011
7.56525e-010	0.82473
7.5729e-010	0.818353
7.58055e-010	0.811881
7.5882e-010	0.805314
7.59585e-010	0.798656
7.6035e-010	0.791906
7.61115e-010	0.785066
7.6188e-010	0.778138
7.62645e-010	0.771123
7.6341e-010	0.764022
7.64175e-010	0.756837
7.6494e-010	0.749569
7.65705e-010	0.74222
7.6647e-010	0.734791
7.67235e-010	0.727284
7.67999e-010	0.719699
7.68764e-010	0.71204
7.69529e-010	0.704306
7.70294e-010	0.6965
7.71059e-010	0.688623
7.71824e-010	0.680676
7.72589e-010	0.672662
7.73354e-010	0.664582
7.74119e-010	0.656437
7.74884e-010	0.648229
7.75649e-010	0.63996
7.76414e-010	0.63163
7.77179e-010	0.623243
7.77944e-010	0.614799
7.78709e-010	0.6063
7.79474e-010	0.597748
7.80239e-010	0.589144
7.81003e-010	0.580489
7.81768e-010	0.571787
7.82533e-010	0.563038
7.83298e-010	0.554244
7.84063e-010	0.545406
7.84828e-010	0.536527
7.85593e-010	0.527607
7.86358e-010	0.51865
7.87123e-010	0.509655
7.87888e-010	0.500626
7.88653e-010	0.491563
7.89418e-010	0.482469
7.90183e-010	0.473345
7.90948e-010	0.464193
7.91713e-010	0.455014
7.92478e-010	0.44581
7.93242e-010	0.436583
7.94007e-010	0.427335
7.94772e-010	0.418067
7.95537e-010	0.408781
7.96302e-010	0.399479
7.97067e-010	0.390162
7.97832e-010	0.380832
7.98597e-010	0.37149
7.99362e-010	0.362139
8.00127e-010	0.35278
8.00892e-010	0.343415
8.01657e-010	0.334045
8.02422e-010	0.324672
8.03187e-010	0.315298
8.03952e-010	0.305924
8.04717e-010	0.296552
8.05482e-010	0.287184
8.06246e-010	0.277821
8.07011e-010	0.268465
8.07776e-010	0.259117
8.08541e-010	0.24978
8.09306e-010	0.240454
8.10071e-010	0.231141
8.10836e-010	0.221843
8.11601e-010	0.212562
8.12366e-010	0.203299
8.13131e-010	0.194055
8.13896e-010	0.184832
8.14661e-010	0.175631
8.15426e-010	0.166455
8.16191e-010	0.157305
8.16956e-010	0.148181
8.17721e-010	0.139086
8.18485e-010	0.130022
8.1925e-010	0.120988
8.20015e-010	0.111988
8.2078e-010	0.103022
8.21545e-010	0.0940916
8.2231e-010	0.0851986
8.23075e-010	0.0763441
8.2384e-010	0.0675297
8.24605e-010	0.0587565
8.2537e-010	0.050026
8.26135e-010	0.0413395
8.269e-010	0.0326983
8.27665e-010	0.0241037
8.2843e-010	0.015557
8.29195e-010	0.00705946
8.2996e-010	-0.0013877
8.30725e-010	-0.00978323
8.31489e-010	-0.0181259
8.32254e-010	-0.0264146
8.33019e-010	-0.034648
8.33784e-010	-0.042825
8.34549e-010	-0.0509445
8.35314e-010	-0.0590054
8.36079e-010	-0.0670064
8.36844e-010	-0.0749466
8.37609e-010	-0.0828249
8.38374e-010	-0.0906402
8.39139e-010	-0.0983915
8.39904e-010	-0.106078
8.40669e-010	-0.113698
8.41434e-010	-0.121251
8.42199e-010	-0.128736
8.42964e-010	-0.136153
8.43729e-010	-0.143499
8.44493e-010	-0.150775
8.45258e-010	-0.157979
8.46023e-010	-0.165111
8.46788e-010	-0.172169
8.47553e-010	-0.179153
8.48318e-010	-0.186063
8.49083e-010	-0.192896
8.49848e-010	-0.199653
8.50613e-010	-0.206333
8.51378e-010	-0.212935
8.52143e-010	-0.219459
8.52908e-010	-0.225903
8.53673e-010	-0.232267
8.54438e-010	-0.238551
8.55203e-010	-0.244753
8.55968e-010	-0.250874
8.56732e-010	-0.256912
8.57497e-010	-0.262868
8.58262e-010	-0.26874
8.59027e-010	-0.274528
8.59792e-010	-0.280231
8.60557e-010	-0.28585
8.61322e-010	-0.291383
8.62087e-010	-0.296831
8.62852e-010	-0.302192
8.63617e-010	-0.307467
8.64382e-010	-0.312655
8.65147e-010	-0.317756
8.65912e-010	-0.322769
8.66677e-010	-0.327695
8.67442e-010	-0.332532
8.68207e-010	-0.337281
8.68972e-010	-0.341941
8.69736e-010	-0.346512
8.70501e-010	-0.350994
8.71266e-010	-0.355387
8.72031e-010	-0.359691
8.72796e-010	-0.363905
8.73561e-010	-0.36803
8.74326e-010	-0.372064
8.75091e-010	-0.376009
8.75856e-010	-0.379864
8.76621e-010	-0.383629
8.77386e-010	-0.387305
8.78151e-010	-0.39089
8.78916e-010	-0.394385
8.79681e-010	-0.397791
8.80446e-010	-0.401106
8.81211e-010	-0.404333
8.81975e-010	-0.407469
8.8274e-010	-0.410516
8.83505e-010	-0.413473
8.8427e-010	-0.416342
8.85035e-010	-0.419121
8.858e-010	-0.421811
8.86565e-010	-0.424413
8.8733e-010	-0.426926
8.88095e-010	-0.429351
8.8886e-010	-0.431689
8.89625e-010	-0.433938
8.9039e-010	-0.4361
8.91155e-010	-0.438175
8.9192e-010	-0.440164
8.92685e-010	-0.442066
8.9345e-010	-0.443882
8.94215e-010	-0.445612
8.94979e-010	-0.447257
8.95744e-010	-0.448817
8.96509e-010	-0.450293
8.97274e-010	-0.451684
8.98039e-010	-0.452992
8.98804e-010	-0.454217
8.99569e-010	-0.45536
9.00334e-010	-0.45642
9.01099e-010	-0.457398
9.01864e-010	-0.458296
9.02629e-010	-0.459113
9.03394e-010	-0.45985
9.04159e-010	-0.460507
9.04924e-010	-0.461086
9.05689e-010	-0.461586
9.06454e-010	-0.462008
9.07219e-010	-0.462354
9.07983e-010	-0.462623
9.08748e-010	-0.462816
9.09513e-010	-0.462933
9.10278e-010	-0.462977
9.11043e-010	-0.462946
9.11808e-010	-0.462842
9.12573e-010	-0.462666
9.13338e-010	-0.462417
9.14103e-010	-0.462098
9.14868e-010	-0.461708
9.15633e-010	-0.461249
9.16398e-010	-0.46072
9.17163e-010	-0.460123
9.17928e-010	-0.459459
9.18693e-010	-0.458728
9.19458e-010	-0.457931
9.20222e-010	-0.457069
9.20987e-010	-0.456143
9.21752e-010	-0.455153
9.22517e-010	-0.4541
9.23282e-010	-0.452985
9.24047e-010	-0.451809
9.24812e-010	-0.450572
9.25577e-010	-0.449276
9.26342e-010	-0.447921
9.27107e-010	-0.446509
9.27872e-010	-0.445039
9.28637e-010	-0.443513
9.29402e-010	-0.441931
9.30167e-010	-0.440295
9.30932e-010	-0.438606
9.31697e-010	-0.436863
9.32462e-010	-0.435069
9.33226e-010	-0.433223
9.33991e-010	-0.431327
9.34756e-010	-0.429382
9.35521e-010	-0.427388
9.36286e-010	-0.425347
9.37051e-010	-0.423259
9.37816e-010	-0.421125
9.38581e-010	-0.418946
9.39346e-010	-0.416723
9.40111e-010	-0.414457
9.40876e-010	-0.412148
9.41641e-010	-0.409799
9.42406e-010	-0.407408
9.43171e-010	-0.404978
9.43936e-010	-0.402509
9.44701e-010	-0.400002
9.45465e-010	-0.397458
9.4623e-010	-0.394878
9.46995e-010	-0.392263
9.4776e-010	-0.389614
9.48525e-010	-0.386931
9.4929e-010	-0.384215
9.50055e-010	-0.381468
9.5082e-010	-0.37869
9.51585e-010	-0.375882
9.5235e-010	-0.373045
9.53115e-010	-0.370179
9.5388e-010	-0.367286
9.54645e-010	-0.364367
9.5541e-010	-0.361423
9.56175e-010	-0.358453
9.5694e-010	-0.35546
9.57705e-010	-0.352443
9.58469e-010	-0.349404
9.59234e-010	-0.346344
9.59999e-010	-0.343264
9.60764e-010	-0.340164
9.61529e-010	-0.337045
9.62294e-010	-0.333908
9.63059e-010	-0.330753
9.63824e-010	-0.327583
9.64589e-010	-0.324396
9.65354e-010	-0.321195
9.66119e-010	-0.31798
9.66884e-010	-0.314752
9.67649e-010	-0.311512
9.68414e-010	-0.30826
9.69179e-010	-0.304997
9.69944e-010	-0.301724
9.70708e-010	-0.298442
9.71473e-010	-0.295151
9.72238e-010	-0.291852
9.73003e-010	-0.288547
9.73768e-010	-0.285235
9.74533e-010	-0.281918
9.75298e-010	-0.278596
9.76063e-010	-0.275269
9.76828e-010	-0.27194
9.77593e-010	-0.268607
9.78358e-010	-0.265273
9.79123e-010	-0.261937
9.79888e-010	-0.258601
9.80653e-010	-0.255265
9.81418e-010	-0.251929
9.82183e-010	-0.248595
9.82948e-010	-0.245263
9.83712e-010	-0.241933
9.84477e-010	-0.238607
9.85242e-010	-0.235285
9.86007e-010	-0.231967
9.86772e-010	-0.228655
9.87537e-010	-0.225348
9.88302e-010	-0.222048
9.89067e-010	-0.218754
9.89832e-010	-0.215468
9.90597e-010	-0.21219
9.91362e-010	-0.208921
9.92127e-010	-0.205661
9.92892e-010	-0.202411
9.93657e-010	-0.199171
9.94422e-010	-0.195941
9.95187e-010	-0.192723
9.95952e-010	-0.189517
9.96716e-010	-0.186323
9.97481e-010	-0.183142
9.98246e-010	-0.179974
9.99011e-010	-0.17682
9.99776e-010	-0.17368
1.00054e-009	-0.170555
1.00131e-009	-0.167444
1.00207e-009	-0.16435
1.00284e-009	-0.161271
1.0036e-009	-0.158208
1.00437e-009	-0.155163
1.00513e-009	-0.152134
1.0059e-009	-0.149123
1.00666e-009	-0.14613
1.00743e-009	-0.143156
1.00819e-009	-0.1402
1.00896e-009	-0.137263
1.00972e-009	-0.134345
1.01049e-009	-0.131447
1.01125e-009	-0.128569
1.01202e-009	-0.125712
1.01278e-009	-0.122875
1.01355e-009	-0.120059
1.01431e-009	-0.117264
1.01508e-009	-0.114491
1.01584e-009	-0.11174
1.0166e-009	-0.109011
1.01737e-009	-0.106304
1.01813e-009	-0.103619
1.0189e-009	-0.100958
1.01966e-009	-0.0983191
1.02043e-009	-0.0957039
1.02119e-009	-0.0931121
1.02196e-009	-0.0905439
1.02272e-009	-0.0879997
1.02349e-009	-0.0854795
1.02425e-009	-0.0829836
1.02502e-009	-0.0805121
1.02578e-009	-0.0780651
1.02655e-009	-0.075643
1.02731e-009	-0.0732457
1.02808e-009	-0.0708734
1.02884e-009	-0.0685263
1.02961e-009	-0.0662045
1.03037e-009	-0.0639081
1.03114e-009	-0.0616372
1.0319e-009	-0.0593919
1.03267e-009	-0.0571723
1.03343e-009	-0.0549786
1.0342e-009	-0.0528107
1.03496e-009	-0.0506688
1.03573e-009	-0.0485528
1.03649e-009	-0.046463
1.03726e-009	-0.0443993
1.03802e-009	-0.0423618
1.03879e-009	-0.0403504
1.03955e-009	-0.0383653
1.04032e-009	-0.0364065
1.04108e-009	-0.034474
1.04185e-009	-0.0325677
1.04261e-009	-0.0306878
1.04338e-009	-0.0288341
1.04414e-009	-0.0270067
1.04491e-009	-0.0252057
1.04567e-009	-0.0234308
1.04644e-009	-0.0216822
1.0472e-009	-0.0199598
1.04797e-009	-0.0182635
1.04873e-009	-0.0165934
1.0495e-009	-0.0149493
1.05026e-009	-0.0133313
1.05103e-009	-0.0117391
1.05179e-009	-0.0101729
1.05256e-009	-0.00863248
1.05332e-009	-0.0071178
1.05409e-009	-0.00562878
1.05485e-009	-0.00416532
1.05562e-009	-0.00272735
1.05638e-009	-0.00131476
1.05715e-009	7.25513e-005
1.05791e-009	0.00143468
1.05868e-009	0.00277174
1.05944e-009	0.00408385
1.06021e-009	0.00537112
1.06097e-009	0.00663367
1.06174e-009	0.00787164
1.0625e-009	0.00908515
1.06327e-009	0.0102743
1.06403e-009	0.0114393
1.0648e-009	0.0125803
1.06556e-009	0.0136974
1.06633e-009	0.0147907
1.06709e-009	0.0158604
1.06786e-009	0.0169067
1.06862e-009	0.0179297
1.06939e-009	0.0189297
1.07015e-009	0.0199066
1.07092e-009	0.0208608
1.07168e-009	0.0217924
1.07245e-009	0.0227015
1.07321e-009	0.0235884
1.07398e-009	0.0244532
1.07474e-009	0.0252961
1.07551e-009	0.0261173
1.07627e-009	0.026917
1.07704e-009	0.0276954
1.0778e-009	0.0284526
1.07856e-009	0.0291889
1.07933e-009	0.0299044
1.08009e-009	0.0305994
1.08086e-009	0.0312741
1.08162e-009	0.0319286
1.08239e-009	0.0325631
1.08315e-009	0.0331779
1.08392e-009	0.0337732
1.08468e-009	0.0343492
1.08545e-009	0.0349061
1.08621e-009	0.035444
1.08698e-009	0.0359633
1.08774e-009	0.0364641
1.08851e-009	0.0369467
1.08927e-009	0.0374111
1.09004e-009	0.0378578
1.0908e-009	0.0382869
1.09157e-009	0.0386985
1.09233e-009	0.039093
1.0931e-009	0.0394706
1.09386e-009	0.0398314
1.09463e-009	0.0401757
1.09539e-009	0.0405037
1.09616e-009	0.0408156
1.09692e-009	0.0411117
1.09769e-009	0.0413922
1.09845e-009	0.0416573
1.09922e-009	0.0419071
1.09998e-009	0.042142
1.10075e-009	0.0423622
1.10151e-009	0.0425679
1.10228e-009	0.0427593
1.10304e-009	0.0429366
1.10381e-009	0.0431
1.10457e-009	0.0432498
1.10534e-009	0.0433863
1.1061e-009	0.0435095
1.10687e-009	0.0436197
1.10763e-009	0.0437173
1.1084e-009	0.0438022
1.10916e-009	0.0438749
1.10993e-009	0.0439355
1.11069e-009	0.0439842
1.11146e-009	0.0440212
1.11222e-009	0.0440468
1.11299e-009	0.0440612
1.11375e-009	0.0440645
1.11452e-009	0.0440571
1.11528e-009	0.044039
1.11605e-009	0.0440106
1.11681e-009	0.043972
1.11758e-009	0.0439234
1.11834e-009	0.0438651
1.11911e-009	0.0437972
1.11987e-009	0.04372
1.12064e-009	0.0436336
1.1214e-009	0.0435383
1.12217e-009	0.0434342
1.12293e-009	0.0433216
1.1237e-009	0.0432006
1.12446e-009	0.0430715
1.12523e-009	0.0429345
1.12599e-009	0.0427896
1.12676e-009	0.0426372
1.12752e-009	0.0424775
1.12829e-009	0.0423105
1.12905e-009	0.0421365
1.12982e-009	0.0419557
1.13058e-009	0.0417683
1.13135e-009	0.0415744
1.13211e-009	0.0413743
1.13288e-009	0.041168
1.13364e-009	0.0409558
1.13441e-009	0.0407379
1.13517e-009	0.0405145
1.13594e-009	0.0402856
1.1367e-009	0.0400515
1.13747e-009	0.0398123
1.13823e-009	0.0395682
1.139e-009	0.0393195
1.13976e-009	0.0390661
1.14053e-009	0.0388083
1.14129e-009	0.0385463
1.14205e-009	0.0382802
1.14282e-009	0.0380101
1.14358e-009	0.0377363
1.14435e-009	0.0374588
1.14511e-009	0.0371779
1.14588e-009	0.0368936
1.14664e-009	0.0366061
1.14741e-009	0.0363155
1.14817e-009	0.0360221
1.14894e-009	0.0357259
1.1497e-009	0.035427
1.15047e-009	0.0351256
1.15123e-009	0.0348219
1.152e-009	0.0345159
1.15276e-009	0.0342078
1.15353e-009	0.0338978
1.15429e-009	0.0335859
1.15506e-009	0.0332722
1.15582e-009	0.032957
1.15659e-009	0.0326402
1.15735e-009	0.0323221
1.15812e-009	0.0320027
1.15888e-009	0.0316822
1.15965e-009	0.0313606
1.16041e-009	0.0310381
1.16118e-009	0.0307148
1.16194e-009	0.0303907
1.16271e-009	0.0300661
1.16347e-009	0.029741
1.16424e-009	0.0294154
1.165e-009	0.0290895
1.16577e-009	0.0287634
1.16653e-009	0.0284372
1.1673e-009	0.028111
1.16806e-009	0.0277848
1.16883e-009	0.0274587
1.16959e-009	0.0271329
1.17036e-009	0.0268074
1.17112e-009	0.0264824
1.17189e-009	0.0261577
1.17265e-009	0.0258337
1.17342e-009	0.0255103
1.17418e-009	0.0251876
1.17495e-009	0.0248656
1.17571e-009	0.0245446
1.17648e-009	0.0242245
1.17724e-009	0.0239053
1.17801e-009	0.0235872
1.17877e-009	0.0232703
1.17954e-009	0.0229545
1.1803e-009	0.02264
1.18107e-009	0.0223268
1.18183e-009	0.022015
1.1826e-009	0.0217046
1.18336e-009	0.0213956
1.18413e-009	0.0210882
1.18489e-009	0.0207824
1.18566e-009	0.0204782
1.18642e-009	0.0201757
1.18719e-009	0.019875
1.18795e-009	0.019576
1.18872e-009	0.0192788
1.18948e-009	0.0189835
1.19025e-009	0.0186901
1.19101e-009	0.0183986
1.19178e-009	0.0181092
1.19254e-009	0.0178217
1.19331e-009	0.0175363
1.19407e-009	0.017253
1.19484e-009	0.0169718
1.1956e-009	0.0166927
1.19637e-009	0.0164158
1.19713e-009	0.0161412
1.1979e-009	0.0158687
1.19866e-009	0.0155986
1.19943e-009	0.0153307
1.20019e-009	0.0150651
1.20096e-009	0.0148019
1.20172e-009	0.014541
1.20249e-009	0.0142825
1.20325e-009	0.0140264
1.20402e-009	0.0137727
1.20478e-009	0.0135214
1.20554e-009	0.0132726
1.20631e-009	0.0130262
1.20707e-009	0.0127823
1.20784e-009	0.0125409
1.2086e-009	0.012302
1.20937e-009	0.0120656
1.21013e-009	0.0118317
1.2109e-009	0.0116003
1.21166e-009	0.0113715
1.21243e-009	0.0111452
1.21319e-009	0.0109214
1.21396e-009	0.0107002
1.21472e-009	0.0104815
1.21549e-009	0.0102654
1.21625e-009	0.0100519
1.21702e-009	0.00984087
1.21778e-009	0.00963243
1.21855e-009	0.00942655
1.21931e-009	0.00922322
1.22008e-009	0.00902245
1.22084e-009	0.00882423
1.22161e-009	0.00862856
1.22237e-009	0.00843543
1.22314e-009	0.00824485
1.2239e-009	0.0080568
1.22467e-009	0.00787127
1.22543e-009	0.00768827
1.2262e-009	0.00750778
1.22696e-009	0.0073298
1.22773e-009	0.00715432
1.22849e-009	0.00698133
1.22926e-009	0.00681082
1.23002e-009	0.00664277
1.23079e-009	0.00647719
1.23155e-009	0.00631405
1.23232e-009	0.00615335
1.23308e-009	0.00599507
1.23385e-009	0.0058392
1.23461e-009	0.00568573
1.23538e-009	0.00553465
1.23614e-009	0.00538594
1.23691e-009	0.00523958
1.23767e-009	0.00509556
1.23844e-009	0.00495387
1.2392e-009	0.0048145
1.23997e-009	0.00467741
1.24073e-009	0.00454261
1.2415e-009	0.00441007
1.24226e-009	0.00427977
1.24303e-009	0.0041517
1.24379e-009	0.00402584
1.24456e-009	0.00390218
1.24532e-009	0.00378069
1.24609e-009	0.00366136
1.24685e-009	0.00354417
1.24762e-009	0.0034291
1.24838e-009	0.00331613
1.24915e-009	0.00320524
1.24991e-009	0.00309642
1.25068e-009	0.00298964
1.25144e-009	0.00288488
1.25221e-009	0.00278213
1.25297e-009	0.00268136
1.25374e-009	0.00258255
1.2545e-009	0.00248569
1.25527e-009	0.00239075
1.25603e-009	0.00229772
1.2568e-009	0.00220656
1.25756e-009	0.00211727
1.25833e-009	0.00202982
1.25909e-009	0.00194419
1.25986e-009	0.00186036
1.26062e-009	0.00177831
1.26139e-009	0.00169801
1.26215e-009	0.00161945
1.26292e-009	0.00154261
1.26368e-009	0.00146746
1.26445e-009	0.00139398
1.26521e-009	0.00132216
1.26598e-009	0.00125196
1.26674e-009	0.00118338
1.26751e-009	0.00111638
1.26827e-009	0.00105096
1.26903e-009	0.000987074
1.2698e-009	0.000924717
1.27056e-009	0.000863864
1.27133e-009	0.000804495
1.27209e-009	0.000746588
1.27286e-009	0.000690123
1.27362e-009	0.000635078
1.27439e-009	0.000581433
1.27515e-009	0.000529168
1.27592e-009	0.000478261
1.27668e-009	0.000428693
1.27745e-009	0.000380443
1.27821e-009	0.00033349
1.27898e-009	0.000287814
1.27974e-009	0.000243395
1.28051e-009	0.000200214
1.28127e-009	0.00015825
1.28204e-009	0.000117483
1.2828e-009	7.78946e-005
1.28357e-009	3.9464e-005
1.28433e-009	2.17222e-006
1.2851e-009	-3.40001e-005
1.28586e-009	-6.90721e-005
1.28663e-009	-0.000103063
1.28739e-009	-0.000135991
1.28816e-009	-0.000167876
1.28892e-009	-0.000198735
1.28969e-009	-0.000228588
1.29045e-009	-0.000257453
1.29122e-009	-0.000285348
1.29198e-009	-0.000312291
1.29275e-009	-0.000338299
1.29351e-009	-0.000363391
1.29428e-009	-0.000387583
1.29504e-009	-0.000410894
1.29581e-009	-0.000433341
1.29657e-009	-0.00045494
1.29734e-009	-0.000475708
1.2981e-009	-0.000495663
1.29887e-009	-0.00051482
1.29963e-009	-0.000533196
1.3004e-009	-0.000550807
1.30116e-009	-0.00056767
1.30193e-009	-0.000583799
1.30269e-009	-0.000599211
1.30346e-009	-0.000613921
1.30422e-009	-0.000627944
1.30499e-009	-0.000641296
1.30575e-009	-0.00065399
1.30652e-009	-0.000666043
1.30728e-009	-0.000677469
1.30805e-009	-0.000688282
1.30881e-009	-0.000698496
1.30958e-009	-0.000708125
1.31034e-009	-0.000717183
1.31111e-009	-0.000725684
1.31187e-009	-0.00073364
1.31264e-009	-0.000741067
1.3134e-009	-0.000747976
1.31417e-009	-0.00075438
1.31493e-009	-0.000760292
1.3157e-009	-0.000765726
1.31646e-009	-0.000770692
1.31723e-009	-0.000775203
1.31799e-009	-0.000779272
1.31876e-009	-0.00078291
1.31952e-009	-0.000786128
1.32029e-009	-0.000788939
1.32105e-009	-0.000791353
1.32182e-009	-0.000793382
1.32258e-009	-0.000795036
1.32335e-009	-0.000796326
1.32411e-009	-0.000797264
1.32488e-009	-0.000797858
1.32564e-009	-0.00079812
1.32641e-009	-0.00079806
1.32717e-009	-0.000797687
1.32794e-009	-0.000797011
1.3287e-009	-0.000796041
1.32947e-009	-0.000794788
1.33023e-009	-0.00079326
1.331e-009	-0.000791466
1.33176e-009	-0.000789416
1.33252e-009	-0.000787117
1.33329e-009	-0.000784579
1.33405e-009	-0.00078181
1.33482e-009	-0.000778817
1.33558e-009	-0.00077561
1.33635e-009	-0.000772196
1.33711e-009	-0.000768583
1.33788e-009	-0.000764778
1.33864e-009	-0.000760789
1.33941e-009	-0.000756624
1.34017e-009	-0.000752288
1.34094e-009	-0.00074779
1.3417e-009	-0.000743137
1.34247e-009	-0.000738334
1.34323e-009	-0.000733389
1.344e-009	-0.000728307
1.34476e-009	-0.000723096
1.34553e-009	-0.000717762
1.34629e-009	-0.00071231
1.34706e-009	-0.000706746
1.34782e-009	-0.000701076
1.34859e-009	-0.000695306
1.34935e-009	-0.000689441
1.35012e-009	-0.000683486
1.35088e-009	-0.000677447
1.35165e-009	-0.000671329
1.35241e-009	-0.000665137
1.35318e-009	-0.000658876
1.35394e-009	-0.00065255
1.35471e-009	-0.000646164
1.35547e-009	-0.000639723
1.35624e-009	-0.00063323
1.357e-009	-0.000626691
1.35777e-009	-0.000620109
1.35853e-009	-0.000613488
1.3593e-009	-0.000606833
1.36006e-009	-0.000600147
1.36083e-009	-0.000593434
1.36159e-009	-0.000586697
1.36236e-009	-0.000579941
1.36312e-009	-0.000573168
1.36389e-009	-0.000566381
1.36465e-009	-0.000559585
1.36542e-009	-0.000552782
1.36618e-009	-0.000545975
1.36695e-009	-0.000539167
1.36771e-009	-0.000532361
1.36848e-009	-0.00052556
1.36924e-009	-0.000518766
1.37001e-009	-0.000511982
1.37077e-009	-0.00050521
1.37154e-009	-0.000498454
1.3723e-009	-0.000491714
1.37307e-009	-0.000484994
1.37383e-009	-0.000478296
1.3746e-009	-0.000471621
1.37536e-009	-0.000464972
1.37613e-009	-0.000458351
1.37689e-009	-0.00045176
1.37766e-009	-0.0004452
1.37842e-009	-0.000438672
1.37919e-009	-0.00043218
1.37995e-009	-0.000425724
1.38072e-009	-0.000419306
1.38148e-009	-0.000412927
1.38225e-009	-0.000406589
1.38301e-009	-0.000400294
1.38378e-009	-0.000394041
1.38454e-009	-0.000387833
1.38531e-009	-0.000381671
1.38607e-009	-0.000375556
1.38684e-009	-0.000369489
1.3876e-009	-0.00036347
1.38837e-009	-0.000357502
1.38913e-009	-0.000351584
1.3899e-009	-0.000345718
1.39066e-009	-0.000339905
1.39143e-009	-0.000334144
1.39219e-009	-0.000328437
1.39296e-009	-0.000322785
1.39372e-009	-0.000317188
1.39449e-009	-0.000311647
1.39525e-009	-0.000306162
1.39601e-009	-0.000300733
1.39678e-009	-0.000295362
1.39754e-009	-0.000290048
1.39831e-009	-0.000284792
1.39907e-009	-0.000279595
1.39984e-009	-0.000274455
1.4006e-009	-0.000269375
1.40137e-009	-0.000264354
1.40213e-009	-0.000259392
1.4029e-009	-0.000254489
1.40366e-009	-0.000249646
1.40443e-009	-0.000244862
1.40519e-009	-0.000240138
1.40596e-009	-0.000235474
1.40672e-009	-0.000230869
1.40749e-009	-0.000226324
1.40825e-009	-0.000221839
1.40902e-009	-0.000217414
1.40978e-009	-0.000213048
1.41055e-009	-0.000208741
1.41131e-009	-0.000204494
1.41208e-009	-0.000200306
1.41284e-009	-0.000196176
1.41361e-009	-0.000192106
1.41437e-009	-0.000188094
1.41514e-009	-0.000184141
1.4159e-009	-0.000180245
1.41667e-009	-0.000176407
1.41743e-009	-0.000172627
1.4182e-009	-0.000168904
1.41896e-009	-0.000165238
1.41973e-009	-0.000161629
1.42049e-009	-0.000158076
1.42126e-009	-0.000154578
1.42202e-009	-0.000151136
1.42279e-009	-0.00014775
1.42355e-009	-0.000144418
1.42432e-009	-0.00014114
1.42508e-009	-0.000137916
1.42585e-009	-0.000134746
1.42661e-009	-0.000131629
1.42738e-009	-0.000128564
1.42814e-009	-0.000125552
1.42891e-009	-0.000122591
1.42967e-009	-0.000119681
1.43044e-009	-0.000116822
1.4312e-009	-0.000114014
1.43197e-009	-0.000111255
