3.8247e-013	-0.000111094
1.14741e-012	-0.00011385
1.91235e-012	-0.000116656
2.67729e-012	-0.000119512
3.44223e-012	-0.000122419
4.20717e-012	-0.000125376
4.97211e-012	-0.000128386
5.73705e-012	-0.000131447
6.50199e-012	-0.000134562
7.26693e-012	-0.000137729
8.03187e-012	-0.000140949
8.79681e-012	-0.000144224
9.56175e-012	-0.000147553
1.03267e-011	-0.000150936
1.10916e-011	-0.000154375
1.18566e-011	-0.000157869
1.26215e-011	-0.000161419
1.33864e-011	-0.000165025
1.41514e-011	-0.000168688
1.49163e-011	-0.000172407
1.56813e-011	-0.000176184
1.64462e-011	-0.000180018
1.72111e-011	-0.000183911
1.79761e-011	-0.000187861
1.8741e-011	-0.000191869
1.9506e-011	-0.000195936
2.02709e-011	-0.000200062
2.10358e-011	-0.000204247
2.18008e-011	-0.00020849
2.25657e-011	-0.000212793
2.33307e-011	-0.000217156
2.40956e-011	-0.000221578
2.48605e-011	-0.00022606
2.56255e-011	-0.000230601
2.63904e-011	-0.000235202
2.71554e-011	-0.000239863
2.79203e-011	-0.000244583
2.86852e-011	-0.000249363
2.94502e-011	-0.000254203
3.02151e-011	-0.000259102
3.09801e-011	-0.000264061
3.1745e-011	-0.000269079
3.25099e-011	-0.000274156
3.32749e-011	-0.000279291
3.40398e-011	-0.000284486
3.48048e-011	-0.000289738
3.55697e-011	-0.000295049
3.63346e-011	-0.000300417
3.70996e-011	-0.000305842
3.78645e-011	-0.000311323
3.86295e-011	-0.000316862
3.93944e-011	-0.000322455
4.01593e-011	-0.000328104
4.09243e-011	-0.000333808
4.16892e-011	-0.000339565
4.24542e-011	-0.000345376
4.32191e-011	-0.000351239
4.3984e-011	-0.000357154
4.4749e-011	-0.000363119
4.55139e-011	-0.000369134
4.62789e-011	-0.000375199
4.70438e-011	-0.000381311
4.78087e-011	-0.000387471
4.85737e-011	-0.000393676
4.93386e-011	-0.000399926
5.01036e-011	-0.000406219
5.08685e-011	-0.000412554
5.16334e-011	-0.000418931
5.23984e-011	-0.000425347
5.31633e-011	-0.0004318
5.39282e-011	-0.000438291
5.46932e-011	-0.000444816
5.54581e-011	-0.000451374
5.62231e-011	-0.000457964
5.6988e-011	-0.000464583
5.77529e-011	-0.000471231
5.85179e-011	-0.000477904
5.92828e-011	-0.000484601
6.00478e-011	-0.000491319
6.08127e-011	-0.000498058
6.15776e-011	-0.000504813
6.23426e-011	-0.000511584
6.31075e-011	-0.000518367
6.38725e-011	-0.000525161
6.46374e-011	-0.000531962
6.54023e-011	-0.000538767
6.61673e-011	-0.000545575
6.69322e-011	-0.000552383
6.76972e-011	-0.000559186
6.84621e-011	-0.000565983
6.9227e-011	-0.00057277
6.9992e-011	-0.000579544
7.07569e-011	-0.000586301
7.15219e-011	-0.000593039
7.22868e-011	-0.000599754
7.30517e-011	-0.000606442
7.38167e-011	-0.000613099
7.45816e-011	-0.000619721
7.53466e-011	-0.000626306
7.61115e-011	-0.000632848
7.68764e-011	-0.000639343
7.76414e-011	-0.000645788
7.84063e-011	-0.000652177
7.91713e-011	-0.000658507
7.99362e-011	-0.000664772
8.07011e-011	-0.000670968
8.14661e-011	-0.000677091
8.2231e-011	-0.000683134
8.2996e-011	-0.000689094
8.37609e-011	-0.000694964
8.45258e-011	-0.00070074
8.52908e-011	-0.000706416
8.60557e-011	-0.000711986
8.68207e-011	-0.000717445
8.75856e-011	-0.000722787
8.83505e-011	-0.000728005
8.91155e-011	-0.000733094
8.98804e-011	-0.000738048
9.06454e-011	-0.000742859
9.14103e-011	-0.000747522
9.21752e-011	-0.000752029
9.29402e-011	-0.000756374
9.37051e-011	-0.00076055
9.44701e-011	-0.000764549
9.5235e-011	-0.000768365
9.59999e-011	-0.00077199
9.67649e-011	-0.000775416
9.75298e-011	-0.000778635
9.82948e-011	-0.00078164
9.90597e-011	-0.000784423
9.98246e-011	-0.000786975
1.0059e-010	-0.000789288
1.01355e-010	-0.000791353
1.02119e-010	-0.000793162
1.02884e-010	-0.000794706
1.03649e-010	-0.000795976
1.04414e-010	-0.000796962
1.05179e-010	-0.000797655
1.05944e-010	-0.000798046
1.06709e-010	-0.000798125
1.07474e-010	-0.000797883
1.08239e-010	-0.000797308
1.09004e-010	-0.000796391
1.09769e-010	-0.000795121
1.10534e-010	-0.000793489
1.11299e-010	-0.000791482
1.12064e-010	-0.000789091
1.12829e-010	-0.000786304
1.13594e-010	-0.00078311
1.14358e-010	-0.000779497
1.15123e-010	-0.000775454
1.15888e-010	-0.000770969
1.16653e-010	-0.00076603
1.17418e-010	-0.000760624
1.18183e-010	-0.00075474
1.18948e-010	-0.000748365
1.19713e-010	-0.000741486
1.20478e-010	-0.000734091
1.21243e-010	-0.000726165
1.22008e-010	-0.000717697
1.22773e-010	-0.000708672
1.23538e-010	-0.000699077
1.24303e-010	-0.000688897
1.25068e-010	-0.00067812
1.25833e-010	-0.000666731
1.26598e-010	-0.000654715
1.27362e-010	-0.000642058
1.28127e-010	-0.000628746
1.28892e-010	-0.000614762
1.29657e-010	-0.000600093
1.30422e-010	-0.000584723
1.31187e-010	-0.000568636
1.31952e-010	-0.000551817
1.32717e-010	-0.00053425
1.33482e-010	-0.000515919
1.34247e-010	-0.000496809
1.35012e-010	-0.000476901
1.35777e-010	-0.000456181
1.36542e-010	-0.000434631
1.37307e-010	-0.000412235
1.38072e-010	-0.000388975
1.38837e-010	-0.000364834
1.39601e-010	-0.000339796
1.40366e-010	-0.000313842
1.41131e-010	-0.000286955
1.41896e-010	-0.000259116
1.42661e-010	-0.000230309
1.43426e-010	-0.000200514
1.44191e-010	-0.000169714
1.44956e-010	-0.00013789
1.45721e-010	-0.000105024
1.46486e-010	-7.10957e-005
1.47251e-010	-3.60876e-005
1.48016e-010	1.96068e-008
1.48781e-010	3.72452e-005
1.49546e-010	7.56085e-005
1.50311e-010	0.000115129
1.51076e-010	0.000155826
1.51841e-010	0.000197719
1.52605e-010	0.000240828
1.5337e-010	0.000285174
1.54135e-010	0.000330775
1.549e-010	0.000377653
1.55665e-010	0.000425826
1.5643e-010	0.000475317
1.57195e-010	0.000526144
1.5796e-010	0.000578329
1.58725e-010	0.000631893
1.5949e-010	0.000686855
1.60255e-010	0.000743236
1.6102e-010	0.000801058
1.61785e-010	0.000860341
1.6255e-010	0.000921106
1.63315e-010	0.000983374
1.6408e-010	0.00104717
1.64845e-010	0.0011125
1.65609e-010	0.00117941
1.66374e-010	0.0012479
1.67139e-010	0.001318
1.67904e-010	0.00138972
1.68669e-010	0.0014631
1.69434e-010	0.00153815
1.70199e-010	0.0016149
1.70964e-010	0.00169336
1.71729e-010	0.00177355
1.72494e-010	0.0018555
1.73259e-010	0.00193922
1.74024e-010	0.00202475
1.74789e-010	0.00211209
1.75554e-010	0.00220127
1.76319e-010	0.00229232
1.77084e-010	0.00238524
1.77848e-010	0.00248007
1.78613e-010	0.00257682
1.79378e-010	0.00267551
1.80143e-010	0.00277616
1.80908e-010	0.0028788
1.81673e-010	0.00298344
1.82438e-010	0.0030901
1.83203e-010	0.0031988
1.83968e-010	0.00330957
1.84733e-010	0.00342242
1.85498e-010	0.00353736
1.86263e-010	0.00365443
1.87028e-010	0.00377363
1.87793e-010	0.003895
1.88558e-010	0.00401853
1.89323e-010	0.00414426
1.90088e-010	0.0042722
1.90852e-010	0.00440236
1.91617e-010	0.00453477
1.92382e-010	0.00466944
1.93147e-010	0.00480639
1.93912e-010	0.00494563
1.94677e-010	0.00508719
1.95442e-010	0.00523107
1.96207e-010	0.00537729
1.96972e-010	0.00552586
1.97737e-010	0.00567681
1.98502e-010	0.00583013
1.99267e-010	0.00598586
2.00032e-010	0.006144
2.00797e-010	0.00630455
2.01562e-010	0.00646755
2.02327e-010	0.00663299
2.03091e-010	0.00680089
2.03856e-010	0.00697126
2.04621e-010	0.00714411
2.05386e-010	0.00731944
2.06151e-010	0.00749727
2.06916e-010	0.00767761
2.07681e-010	0.00786047
2.08446e-010	0.00804584
2.09211e-010	0.00823375
2.09976e-010	0.00842418
2.10741e-010	0.00861716
2.11506e-010	0.00881268
2.12271e-010	0.00901075
2.13036e-010	0.00921138
2.13801e-010	0.00941455
2.14566e-010	0.00962028
2.15331e-010	0.00982857
2.16095e-010	0.0100394
2.1686e-010	0.0102528
2.17625e-010	0.0104688
2.1839e-010	0.0106873
2.19155e-010	0.0109084
2.1992e-010	0.011132
2.20685e-010	0.0113581
2.2145e-010	0.0115868
2.22215e-010	0.0118181
2.2298e-010	0.0120518
2.23745e-010	0.0122881
2.2451e-010	0.0125268
2.25275e-010	0.0127681
2.2604e-010	0.0130119
2.26805e-010	0.0132581
2.2757e-010	0.0135068
2.28335e-010	0.0137579
2.29099e-010	0.0140115
2.29864e-010	0.0142674
2.30629e-010	0.0145258
2.31394e-010	0.0147865
2.32159e-010	0.0150496
2.32924e-010	0.015315
2.33689e-010	0.0155828
2.34454e-010	0.0158528
2.35219e-010	0.0161251
2.35984e-010	0.0163997
2.36749e-010	0.0166764
2.37514e-010	0.0169553
2.38279e-010	0.0172364
2.39044e-010	0.0175196
2.39809e-010	0.0178049
2.40574e-010	0.0180922
2.41338e-010	0.0183816
2.42103e-010	0.0186729
2.42868e-010	0.0189662
2.43633e-010	0.0192614
2.44398e-010	0.0195585
2.45163e-010	0.0198574
2.45928e-010	0.020158
2.46693e-010	0.0204604
2.47458e-010	0.0207645
2.48223e-010	0.0210702
2.48988e-010	0.0213775
2.49753e-010	0.0216864
2.50518e-010	0.0219967
2.51283e-010	0.0223085
2.52048e-010	0.0226216
2.52813e-010	0.022936
2.53578e-010	0.0232517
2.54342e-010	0.0235686
2.55107e-010	0.0238866
2.55872e-010	0.0242057
2.56637e-010	0.0245258
2.57402e-010	0.0248468
2.58167e-010	0.0251687
2.58932e-010	0.0254913
2.59697e-010	0.0258147
2.60462e-010	0.0261387
2.61227e-010	0.0264633
2.61992e-010	0.0267884
2.62757e-010	0.0271138
2.63522e-010	0.0274396
2.64287e-010	0.0277657
2.65052e-010	0.0280918
2.65817e-010	0.0284181
2.66581e-010	0.0287443
2.67346e-010	0.0290704
2.68111e-010	0.0293963
2.68876e-010	0.0297219
2.69641e-010	0.030047
2.70406e-010	0.0303717
2.71171e-010	0.0306958
2.71936e-010	0.0310192
2.72701e-010	0.0313417
2.73466e-010	0.0316633
2.74231e-010	0.0319839
2.74996e-010	0.0323034
2.75761e-010	0.0326216
2.76526e-010	0.0329384
2.77291e-010	0.0332538
2.78056e-010	0.0335675
2.78821e-010	0.0338795
2.79585e-010	0.0341897
2.8035e-010	0.0344979
2.81115e-010	0.034804
2.8188e-010	0.0351079
2.82645e-010	0.0354094
2.8341e-010	0.0357084
2.84175e-010	0.0360048
2.8494e-010	0.0362984
2.85705e-010	0.0365891
2.8647e-010	0.0368768
2.87235e-010	0.0371613
2.88e-010	0.0374424
2.88765e-010	0.0377201
2.8953e-010	0.0379942
2.90295e-010	0.0382645
2.9106e-010	0.0385308
2.91825e-010	0.0387931
2.92589e-010	0.0390511
2.93354e-010	0.0393047
2.94119e-010	0.0395538
2.94884e-010	0.0397981
2.95649e-010	0.0400376
2.96414e-010	0.040272
2.97179e-010	0.0405012
2.97944e-010	0.040725
2.98709e-010	0.0409432
2.99474e-010	0.0411557
3.00239e-010	0.0413623
3.01004e-010	0.0415628
3.01769e-010	0.0417571
3.02534e-010	0.0419449
3.03299e-010	0.0421261
3.04064e-010	0.0423005
3.04828e-010	0.0424679
3.05593e-010	0.0426281
3.06358e-010	0.0427809
3.07123e-010	0.0429262
3.07888e-010	0.0430637
3.08653e-010	0.0431933
3.09418e-010	0.0433147
3.10183e-010	0.0434278
3.10948e-010	0.0435324
3.11713e-010	0.0436282
3.12478e-010	0.0437152
3.13243e-010	0.0437929
3.14008e-010	0.0438614
3.14773e-010	0.0439203
3.15538e-010	0.0439694
3.16303e-010	0.0440086
3.17068e-010	0.0440377
3.17832e-010	0.0440563
3.18597e-010	0.0440644
3.19362e-010	0.0440617
3.20127e-010	0.044048
3.20892e-010	0.044023
3.21657e-010	0.0439867
3.22422e-010	0.0439387
3.23187e-010	0.0438788
3.23952e-010	0.0438068
3.24717e-010	0.0437226
3.25482e-010	0.0436258
3.26247e-010	0.0435163
3.27012e-010	0.0433938
3.27777e-010	0.0432582
3.28542e-010	0.0431092
3.29307e-010	0.0429465
3.30071e-010	0.0427701
3.30836e-010	0.0425795
3.31601e-010	0.0423747
3.32366e-010	0.0421554
3.33131e-010	0.0419213
3.33896e-010	0.0416723
3.34661e-010	0.0414082
3.35426e-010	0.0411286
3.36191e-010	0.0408334
3.36956e-010	0.0405224
3.37721e-010	0.0401954
3.38486e-010	0.039852
3.39251e-010	0.0394922
3.40016e-010	0.0391157
3.40781e-010	0.0387222
3.41546e-010	0.0383115
3.42311e-010	0.0378835
3.43075e-010	0.0374378
3.4384e-010	0.0369744
3.44605e-010	0.0364929
3.4537e-010	0.0359932
3.46135e-010	0.035475
3.469e-010	0.0349381
3.47665e-010	0.0343824
3.4843e-010	0.0338076
3.49195e-010	0.0332134
3.4996e-010	0.0325997
3.50725e-010	0.0319663
3.5149e-010	0.031313
3.52255e-010	0.0306396
3.5302e-010	0.0299458
3.53785e-010	0.0292314
3.5455e-010	0.0284964
3.55314e-010	0.0277404
3.56079e-010	0.0269633
3.56844e-010	0.0261648
3.57609e-010	0.0253449
3.58374e-010	0.0245032
3.59139e-010	0.0236397
3.59904e-010	0.0227541
3.60669e-010	0.0218463
3.61434e-010	0.0209161
3.62199e-010	0.0199632
3.62964e-010	0.0189876
3.63729e-010	0.017989
3.64494e-010	0.0169674
3.65259e-010	0.0159225
3.66024e-010	0.0148541
3.66789e-010	0.0137622
3.67554e-010	0.0126465
3.68318e-010	0.0115069
3.69083e-010	0.0103433
3.69848e-010	0.00915558
3.70613e-010	0.0079435
3.71378e-010	0.00670697
3.72143e-010	0.00544586
3.72908e-010	0.00416004
3.73673e-010	0.0028494
3.74438e-010	0.0015138
3.75203e-010	0.000153149
3.75968e-010	-0.00123268
3.76733e-010	-0.00264378
3.77498e-010	-0.00408027
3.78263e-010	-0.00554222
3.79028e-010	-0.00702975
3.79793e-010	-0.00854292
3.80558e-010	-0.0100818
3.81322e-010	-0.0116465
3.82087e-010	-0.0132371
3.82852e-010	-0.0148537
3.83617e-010	-0.0164962
3.84382e-010	-0.0181648
3.85147e-010	-0.0198596
3.85912e-010	-0.0215804
3.86677e-010	-0.0233275
3.87442e-010	-0.0251008
3.88207e-010	-0.0269004
3.88972e-010	-0.0287262
3.89737e-010	-0.0305783
3.90502e-010	-0.0324567
3.91267e-010	-0.0343614
3.92032e-010	-0.0362924
3.92797e-010	-0.0382497
3.93561e-010	-0.0402333
3.94326e-010	-0.042243
3.95091e-010	-0.0442791
3.95856e-010	-0.0463412
3.96621e-010	-0.0484295
3.97386e-010	-0.0505439
3.98151e-010	-0.0526843
3.98916e-010	-0.0548507
3.99681e-010	-0.0570429
4.00446e-010	-0.059261
4.01211e-010	-0.0615048
4.01976e-010	-0.0637742
4.02741e-010	-0.0660691
4.03506e-010	-0.0683894
4.04271e-010	-0.070735
4.05036e-010	-0.0731058
4.05801e-010	-0.0755016
4.06565e-010	-0.0779224
4.0733e-010	-0.0803678
4.08095e-010	-0.0828379
4.0886e-010	-0.0853324
4.09625e-010	-0.0878512
4.1039e-010	-0.090394
4.11155e-010	-0.0929607
4.1192e-010	-0.0955512
4.12685e-010	-0.0981651
4.1345e-010	-0.100802
4.14215e-010	-0.103463
4.1498e-010	-0.106146
4.15745e-010	-0.108851
4.1651e-010	-0.111579
4.17275e-010	-0.114329
4.1804e-010	-0.117101
4.18804e-010	-0.119895
4.19569e-010	-0.122709
4.20334e-010	-0.125545
4.21099e-010	-0.128401
4.21864e-010	-0.131278
4.22629e-010	-0.134175
4.23394e-010	-0.137091
4.24159e-010	-0.140027
4.24924e-010	-0.142982
4.25689e-010	-0.145955
4.26454e-010	-0.148947
4.27219e-010	-0.151957
4.27984e-010	-0.154985
4.28749e-010	-0.158029
4.29514e-010	-0.161091
4.30279e-010	-0.164169
4.31044e-010	-0.167262
4.31808e-010	-0.170372
4.32573e-010	-0.173496
4.33338e-010	-0.176635
4.34103e-010	-0.179789
4.34868e-010	-0.182956
4.35633e-010	-0.186136
4.36398e-010	-0.189329
4.37163e-010	-0.192535
4.37928e-010	-0.195752
4.38693e-010	-0.198981
4.39458e-010	-0.20222
4.40223e-010	-0.20547
4.40988e-010	-0.20873
4.41753e-010	-0.211998
4.42518e-010	-0.215276
4.43283e-010	-0.218561
4.44048e-010	-0.221854
4.44812e-010	-0.225154
4.45577e-010	-0.228461
4.46342e-010	-0.231773
4.47107e-010	-0.23509
4.47872e-010	-0.238412
4.48637e-010	-0.241738
4.49402e-010	-0.245068
4.50167e-010	-0.2484
4.50932e-010	-0.251734
4.51697e-010	-0.255069
4.52462e-010	-0.258405
4.53227e-010	-0.261741
4.53992e-010	-0.265077
4.54757e-010	-0.268412
4.55522e-010	-0.271744
4.56287e-010	-0.275074
4.57051e-010	-0.2784
4.57816e-010	-0.281723
4.58581e-010	-0.285041
4.59346e-010	-0.288353
4.60111e-010	-0.291659
4.60876e-010	-0.294958
4.61641e-010	-0.298249
4.62406e-010	-0.301532
4.63171e-010	-0.304805
4.63936e-010	-0.308069
4.64701e-010	-0.311321
4.65466e-010	-0.314563
4.66231e-010	-0.317791
4.66996e-010	-0.321007
4.67761e-010	-0.324209
4.68526e-010	-0.327396
4.69291e-010	-0.330568
4.70055e-010	-0.333723
4.7082e-010	-0.336861
4.71585e-010	-0.339981
4.7235e-010	-0.343083
4.73115e-010	-0.346164
4.7388e-010	-0.349226
4.74645e-010	-0.352265
4.7541e-010	-0.355283
4.76175e-010	-0.358278
4.7694e-010	-0.361249
4.77705e-010	-0.364195
4.7847e-010	-0.367116
4.79235e-010	-0.37001
4.8e-010	-0.372877
4.80765e-010	-0.375716
4.8153e-010	-0.378526
4.82294e-010	-0.381306
4.83059e-010	-0.384055
4.83824e-010	-0.386772
4.84589e-010	-0.389457
4.85354e-010	-0.392109
4.86119e-010	-0.394726
4.86884e-010	-0.397308
4.87649e-010	-0.399854
4.88414e-010	-0.402363
4.89179e-010	-0.404834
4.89944e-010	-0.407267
4.90709e-010	-0.409659
4.91474e-010	-0.412012
4.92239e-010	-0.414323
4.93004e-010	-0.416591
4.93769e-010	-0.418817
4.94534e-010	-0.420998
4.95298e-010	-0.423135
4.96063e-010	-0.425226
4.96828e-010	-0.42727
4.97593e-010	-0.429266
4.98358e-010	-0.431214
4.99123e-010	-0.433113
4.99888e-010	-0.434962
5.00653e-010	-0.436759
5.01418e-010	-0.438505
5.02183e-010	-0.440198
5.02948e-010	-0.441837
5.03713e-010	-0.443421
5.04478e-010	-0.444951
5.05243e-010	-0.446424
5.06008e-010	-0.44784
5.06773e-010	-0.449198
5.07538e-010	-0.450498
5.08302e-010	-0.451738
5.09067e-010	-0.452918
5.09832e-010	-0.454036
5.10597e-010	-0.455093
5.11362e-010	-0.456086
5.12127e-010	-0.457017
5.12892e-010	-0.457883
5.13657e-010	-0.458683
5.14422e-010	-0.459418
5.15187e-010	-0.460086
5.15952e-010	-0.460687
5.16717e-010	-0.461219
5.17482e-010	-0.461683
5.18247e-010	-0.462077
5.19012e-010	-0.462401
5.19777e-010	-0.462653
5.20541e-010	-0.462834
5.21306e-010	-0.462942
5.22071e-010	-0.462977
5.22836e-010	-0.462938
5.23601e-010	-0.462825
5.24366e-010	-0.462636
5.25131e-010	-0.462372
5.25896e-010	-0.462031
5.26661e-010	-0.461613
5.27426e-010	-0.461117
5.28191e-010	-0.460543
5.28956e-010	-0.45989
5.29721e-010	-0.459158
5.30486e-010	-0.458346
5.31251e-010	-0.457453
5.32016e-010	-0.45648
5.32781e-010	-0.455424
5.33545e-010	-0.454287
5.3431e-010	-0.453066
5.35075e-010	-0.451763
5.3584e-010	-0.450377
5.36605e-010	-0.448906
5.3737e-010	-0.447351
5.38135e-010	-0.445711
5.389e-010	-0.443985
5.39665e-010	-0.442174
5.4043e-010	-0.440278
5.41195e-010	-0.438294
5.4196e-010	-0.436224
5.42725e-010	-0.434067
5.4349e-010	-0.431823
5.44255e-010	-0.429491
5.4502e-010	-0.427071
5.45784e-010	-0.424563
5.46549e-010	-0.421966
5.47314e-010	-0.419281
5.48079e-010	-0.416507
5.48844e-010	-0.413644
5.49609e-010	-0.410692
5.50374e-010	-0.40765
5.51139e-010	-0.404519
5.51904e-010	-0.401298
5.52669e-010	-0.397988
5.53434e-010	-0.394587
5.54199e-010	-0.391097
5.54964e-010	-0.387517
5.55729e-010	-0.383847
5.56494e-010	-0.380088
5.57259e-010	-0.376238
5.58024e-010	-0.372298
5.58788e-010	-0.368269
5.59553e-010	-0.364149
5.60318e-010	-0.359941
5.61083e-010	-0.355642
5.61848e-010	-0.351255
5.62613e-010	-0.346778
5.63378e-010	-0.342211
5.64143e-010	-0.337557
5.64908e-010	-0.332813
5.65673e-010	-0.327981
5.66438e-010	-0.323061
5.67203e-010	-0.318053
5.67968e-010	-0.312957
5.68733e-010	-0.307774
5.69498e-010	-0.302504
5.70263e-010	-0.297148
5.71027e-010	-0.291705
5.71792e-010	-0.286177
5.72557e-010	-0.280563
5.73322e-010	-0.274864
5.74087e-010	-0.269081
5.74852e-010	-0.263214
5.75617e-010	-0.257264
5.76382e-010	-0.25123
5.77147e-010	-0.245114
5.77912e-010	-0.238917
5.78677e-010	-0.232638
5.79442e-010	-0.226278
5.80207e-010	-0.219839
5.80972e-010	-0.21332
5.81737e-010	-0.206723
5.82502e-010	-0.200047
5.83267e-010	-0.193295
5.84031e-010	-0.186466
5.84796e-010	-0.179561
5.85561e-010	-0.172581
5.86326e-010	-0.165527
5.87091e-010	-0.158399
5.87856e-010	-0.151199
5.88621e-010	-0.143928
5.89386e-010	-0.136586
5.90151e-010	-0.129173
5.90916e-010	-0.121692
5.91681e-010	-0.114143
5.92446e-010	-0.106527
5.93211e-010	-0.0988442
5.93976e-010	-0.0910967
5.94741e-010	-0.0832851
5.95506e-010	-0.0754105
5.96271e-010	-0.0674739
5.97035e-010	-0.0594764
5.978e-010	-0.051419
5.98565e-010	-0.0433029
5.9933e-010	-0.0351292
6.00095e-010	-0.0268991
6.0086e-010	-0.0186136
6.01625e-010	-0.0102741
6.0239e-010	-0.00188163
6.03155e-010	0.00656254
6.0392e-010	0.0150572
6.04685e-010	0.023601
6.0545e-010	0.0321929
6.06215e-010	0.0408314
6.0698e-010	0.0495152
6.07745e-010	0.0582432
6.0851e-010	0.0670139
6.09274e-010	0.0758259
6.10039e-010	0.0846781
6.10804e-010	0.0935689
6.11569e-010	0.102497
6.12334e-010	0.111461
6.13099e-010	0.120459
6.13864e-010	0.129491
6.14629e-010	0.138554
6.15394e-010	0.147647
6.16159e-010	0.156769
6.16924e-010	0.165918
6.17689e-010	0.175093
6.18454e-010	0.184291
6.19219e-010	0.193513
6.19984e-010	0.202756
6.20749e-010	0.212018
6.21514e-010	0.221298
6.22278e-010	0.230595
6.23043e-010	0.239907
6.23808e-010	0.249232
6.24573e-010	0.258569
6.25338e-010	0.267917
6.26103e-010	0.277272
6.26868e-010	0.286635
6.27633e-010	0.296003
6.28398e-010	0.305375
6.29163e-010	0.314748
6.29928e-010	0.324122
6.30693e-010	0.333495
6.31458e-010	0.342865
6.32223e-010	0.352231
6.32988e-010	0.36159
6.33753e-010	0.370942
6.34517e-010	0.380284
6.35282e-010	0.389615
6.36047e-010	0.398933
6.36812e-010	0.408236
6.37577e-010	0.417523
6.38342e-010	0.426792
6.39107e-010	0.436041
6.39872e-010	0.44527
6.40637e-010	0.454475
6.41402e-010	0.463655
6.42167e-010	0.472809
6.42932e-010	0.481935
6.43697e-010	0.491031
6.44462e-010	0.500095
6.45227e-010	0.509127
6.45992e-010	0.518123
6.46757e-010	0.527083
6.47521e-010	0.536005
6.48286e-010	0.544886
6.49051e-010	0.553726
6.49816e-010	0.562523
6.50581e-010	0.571275
6.51346e-010	0.57998
6.52111e-010	0.588637
6.52876e-010	0.597244
6.53641e-010	0.6058
6.54406e-010	0.614302
6.55171e-010	0.622749
6.55936e-010	0.63114
6.56701e-010	0.639473
6.57466e-010	0.647745
6.58231e-010	0.655957
6.58996e-010	0.664106
6.59761e-010	0.67219
6.60525e-010	0.680208
6.6129e-010	0.688158
6.62055e-010	0.696039
6.6282e-010	0.70385
6.63585e-010	0.711588
6.6435e-010	0.719252
6.65115e-010	0.726841
6.6588e-010	0.734353
6.66645e-010	0.741787
6.6741e-010	0.749141
6.68175e-010	0.756413
6.6894e-010	0.763603
6.69705e-010	0.770709
6.7047e-010	0.777729
6.71235e-010	0.784662
6.72e-010	0.791507
6.72764e-010	0.798262
6.73529e-010	0.804926
6.74294e-010	0.811498
6.75059e-010	0.817976
6.75824e-010	0.824359
6.76589e-010	0.830645
6.77354e-010	0.836834
6.78119e-010	0.842924
6.78884e-010	0.848914
6.79649e-010	0.854803
6.80414e-010	0.860589
6.81179e-010	0.866272
6.81944e-010	0.871849
6.82709e-010	0.877321
6.83474e-010	0.882686
6.84239e-010	0.887943
6.85004e-010	0.89309
6.85768e-010	0.898127
6.86533e-010	0.903053
6.87298e-010	0.907866
6.88063e-010	0.912566
6.88828e-010	0.917152
6.89593e-010	0.921622
6.90358e-010	0.925977
6.91123e-010	0.930214
6.91888e-010	0.934334
6.92653e-010	0.938335
6.93418e-010	0.942216
6.94183e-010	0.945977
6.94948e-010	0.949617
6.95713e-010	0.953134
6.96478e-010	0.95653
6.97243e-010	0.959801
6.98007e-010	0.962949
6.98772e-010	0.965973
6.99537e-010	0.968871
7.00302e-010	0.971643
7.01067e-010	0.974288
7.01832e-010	0.976807
7.02597e-010	0.979198
7.03362e-010	0.981461
7.04127e-010	0.983596
7.04892e-010	0.985601
7.05657e-010	0.987478
7.06422e-010	0.989224
7.07187e-010	0.990841
7.07952e-010	0.992327
7.08717e-010	0.993682
7.09482e-010	0.994907
7.10247e-010	0.996
7.11011e-010	0.996961
7.11776e-010	0.997791
7.12541e-010	0.998489
7.13306e-010	0.999055
7.14071e-010	0.999489
7.14836e-010	0.99979
7.15601e-010	0.99996
7.16366e-010	0.999997
7.17131e-010	0.999901
7.17896e-010	0.999674
7.18661e-010	0.999314
7.19426e-010	0.998822
7.20191e-010	0.998197
7.20956e-010	0.997441
7.21721e-010	0.996553
7.22486e-010	0.995534
7.23251e-010	0.994383
7.24015e-010	0.9931
7.2478e-010	0.991687
7.25545e-010	0.990144
7.2631e-010	0.98847
7.27075e-010	0.986666
7.2784e-010	0.984732
7.28605e-010	0.98267
7.2937e-010	0.980478
7.30135e-010	0.978158
7.309e-010	0.975711
7.31665e-010	0.973136
7.3243e-010	0.970435
7.33195e-010	0.967607
7.3396e-010	0.964654
7.34725e-010	0.961575
7.3549e-010	0.958373
7.36254e-010	0.955046
7.37019e-010	0.951597
7.37784e-010	0.948025
7.38549e-010	0.944332
7.39314e-010	0.940518
7.40079e-010	0.936584
7.40844e-010	0.93253
7.41609e-010	0.928359
7.42374e-010	0.92407
7.43139e-010	0.919664
7.43904e-010	0.915142
7.44669e-010	0.910506
7.45434e-010	0.905756
7.46199e-010	0.900892
7.46964e-010	0.895917
7.47729e-010	0.890832
7.48494e-010	0.885636
7.49258e-010	0.880332
7.50023e-010	0.874919
7.50788e-010	0.869401
7.51553e-010	0.863777
7.52318e-010	0.858048
7.53083e-010	0.852217
7.53848e-010	0.846283
7.54613e-010	0.840249
7.55378e-010	0.834115
7.56143e-010	0.827883
7.56908e-010	0.821553
7.57673e-010	0.815129
7.58438e-010	0.808609
7.59203e-010	0.801996
7.59968e-010	0.795292
7.60733e-010	0.788497
7.61497e-010	0.781613
7.62262e-010	0.774641
7.63027e-010	0.767583
7.63792e-010	0.76044
7.64557e-010	0.753214
7.65322e-010	0.745905
7.66087e-010	0.738516
7.66852e-010	0.731047
7.67617e-010	0.723501
7.68382e-010	0.715879
7.69147e-010	0.708182
7.69912e-010	0.700412
7.70677e-010	0.69257
7.71442e-010	0.684658
7.72207e-010	0.676678
7.72972e-010	0.66863
7.73737e-010	0.660517
7.74501e-010	0.652341
7.75266e-010	0.644102
7.76031e-010	0.635802
7.76796e-010	0.627444
7.77561e-010	0.619028
7.78326e-010	0.610556
7.79091e-010	0.60203
7.79856e-010	0.593452
7.80621e-010	0.584823
7.81386e-010	0.576144
7.82151e-010	0.567418
7.82916e-010	0.558646
7.83681e-010	0.54983
7.84446e-010	0.540972
7.85211e-010	0.532072
7.85976e-010	0.523133
7.8674e-010	0.514157
7.87505e-010	0.505145
7.8827e-010	0.496099
7.89035e-010	0.48702
7.898e-010	0.477911
7.90565e-010	0.468772
7.9133e-010	0.459606
7.92095e-010	0.450415
7.9286e-010	0.4412
7.93625e-010	0.431962
7.9439e-010	0.422704
7.95155e-010	0.413426
7.9592e-010	0.404132
7.96685e-010	0.394822
7.9745e-010	0.385498
7.98215e-010	0.376162
7.9898e-010	0.366816
7.99744e-010	0.357461
8.00509e-010	0.348098
8.01274e-010	0.338731
8.02039e-010	0.329359
8.02804e-010	0.319985
8.03569e-010	0.310611
8.04334e-010	0.301238
8.05099e-010	0.291868
8.05864e-010	0.282502
8.06629e-010	0.273142
8.07394e-010	0.26379
8.08159e-010	0.254447
8.08924e-010	0.245115
8.09689e-010	0.235796
8.10454e-010	0.22649
8.11219e-010	0.217201
8.11984e-010	0.207928
8.12748e-010	0.198674
8.13513e-010	0.18944
8.14278e-010	0.180229
8.15043e-010	0.17104
8.15808e-010	0.161877
8.16573e-010	0.15274
8.17338e-010	0.14363
8.18103e-010	0.13455
8.18868e-010	0.125501
8.19633e-010	0.116484
8.20398e-010	0.1075
8.21163e-010	0.0985521
8.21928e-010	0.0896403
8.22693e-010	0.0807664
8.23458e-010	0.0719318
8.24223e-010	0.0631378
8.24987e-010	0.0543858
8.25752e-010	0.0456772
8.26517e-010	0.0370132
8.27282e-010	0.0283951
8.28047e-010	0.0198243
8.28812e-010	0.011302
8.29577e-010	0.0028295
8.30342e-010	-0.005592
8.31107e-010	-0.0139613
8.31872e-010	-0.0222771
8.32637e-010	-0.0305382
8.33402e-010	-0.0387436
8.34167e-010	-0.046892
8.34932e-010	-0.0549823
8.35697e-010	-0.0630134
8.36462e-010	-0.0709842
8.37227e-010	-0.0788936
8.37991e-010	-0.0867405
8.38756e-010	-0.0945239
8.39521e-010	-0.102243
8.40286e-010	-0.109896
8.41051e-010	-0.117483
8.41816e-010	-0.125002
8.42581e-010	-0.132453
8.43346e-010	-0.139835
8.44111e-010	-0.147146
8.44876e-010	-0.154386
8.45641e-010	-0.161554
8.46406e-010	-0.168649
8.47171e-010	-0.17567
8.47936e-010	-0.182617
8.48701e-010	-0.189489
8.49466e-010	-0.196284
8.5023e-010	-0.203003
8.50995e-010	-0.209644
8.5176e-010	-0.216207
8.52525e-010	-0.222691
8.5329e-010	-0.229095
8.54055e-010	-0.235419
8.5482e-010	-0.241662
8.55585e-010	-0.247824
8.5635e-010	-0.253903
8.57115e-010	-0.2599
8.5788e-010	-0.265814
8.58645e-010	-0.271644
8.5941e-010	-0.27739
8.60175e-010	-0.283051
8.6094e-010	-0.288627
8.61705e-010	-0.294118
8.6247e-010	-0.299523
8.63234e-010	-0.304841
8.63999e-010	-0.310072
8.64764e-010	-0.315217
8.65529e-010	-0.320274
8.66294e-010	-0.325243
8.67059e-010	-0.330124
8.67824e-010	-0.334917
8.68589e-010	-0.339622
8.69354e-010	-0.344238
8.70119e-010	-0.348764
8.70884e-010	-0.353202
8.71649e-010	-0.35755
8.72414e-010	-0.361809
8.73179e-010	-0.365979
8.73944e-010	-0.370058
8.74709e-010	-0.374048
8.75474e-010	-0.377948
8.76238e-010	-0.381758
8.77003e-010	-0.385478
8.77768e-010	-0.389108
8.78533e-010	-0.392649
8.79298e-010	-0.396099
8.80063e-010	-0.39946
8.80828e-010	-0.402731
8.81593e-010	-0.405912
8.82358e-010	-0.409004
8.83123e-010	-0.412006
8.83888e-010	-0.414919
8.84653e-010	-0.417742
8.85418e-010	-0.420477
8.86183e-010	-0.423123
8.86948e-010	-0.425681
8.87713e-010	-0.42815
8.88477e-010	-0.430531
8.89242e-010	-0.432824
8.90007e-010	-0.43503
8.90772e-010	-0.437149
8.91537e-010	-0.43918
8.92302e-010	-0.441125
8.93067e-010	-0.442984
8.93832e-010	-0.444757
8.94597e-010	-0.446445
8.95362e-010	-0.448047
8.96127e-010	-0.449565
8.96892e-010	-0.450999
8.97657e-010	-0.452349
8.98422e-010	-0.453615
8.99187e-010	-0.454799
8.99952e-010	-0.4559
9.00717e-010	-0.456919
9.01481e-010	-0.457857
9.02246e-010	-0.458714
9.03011e-010	-0.459491
9.03776e-010	-0.460188
9.04541e-010	-0.460806
9.05306e-010	-0.461346
9.06071e-010	-0.461807
9.06836e-010	-0.462191
9.07601e-010	-0.462498
9.08366e-010	-0.462729
9.09131e-010	-0.462884
9.09896e-010	-0.462964
9.10661e-010	-0.46297
9.11426e-010	-0.462903
9.12191e-010	-0.462763
9.12956e-010	-0.46255
9.1372e-010	-0.462267
9.14485e-010	-0.461912
9.1525e-010	-0.461487
9.16015e-010	-0.460993
9.1678e-010	-0.46043
9.17545e-010	-0.4598
9.1831e-010	-0.459102
9.19075e-010	-0.458338
9.1984e-010	-0.457508
9.20605e-010	-0.456614
9.2137e-010	-0.455656
9.22135e-010	-0.454634
9.229e-010	-0.45355
9.23665e-010	-0.452404
9.2443e-010	-0.451198
9.25195e-010	-0.449932
9.2596e-010	-0.448606
9.26724e-010	-0.447222
9.27489e-010	-0.445781
9.28254e-010	-0.444283
9.29019e-010	-0.442729
9.29784e-010	-0.44112
9.30549e-010	-0.439457
9.31314e-010	-0.437741
9.32079e-010	-0.435972
9.32844e-010	-0.434152
9.33609e-010	-0.432281
9.34374e-010	-0.430361
9.35139e-010	-0.428391
9.35904e-010	-0.426374
9.36669e-010	-0.424309
9.37434e-010	-0.422198
9.38199e-010	-0.420041
9.38963e-010	-0.41784
9.39728e-010	-0.415595
9.40493e-010	-0.413308
9.41258e-010	-0.410979
9.42023e-010	-0.408608
9.42788e-010	-0.406198
9.43553e-010	-0.403748
9.44318e-010	-0.40126
9.45083e-010	-0.398735
9.45848e-010	-0.396173
9.46613e-010	-0.393575
9.47378e-010	-0.390943
9.48143e-010	-0.388276
9.48908e-010	-0.385577
9.49673e-010	-0.382845
9.50438e-010	-0.380083
9.51203e-010	-0.377289
9.51967e-010	-0.374467
9.52732e-010	-0.371615
9.53497e-010	-0.368736
9.54262e-010	-0.36583
9.55027e-010	-0.362898
9.55792e-010	-0.359941
9.56557e-010	-0.356959
9.57322e-010	-0.353954
9.58087e-010	-0.350926
9.58852e-010	-0.347877
9.59617e-010	-0.344807
9.60382e-010	-0.341716
9.61147e-010	-0.338606
9.61912e-010	-0.335478
9.62677e-010	-0.332332
9.63442e-010	-0.32917
9.64207e-010	-0.325991
9.64971e-010	-0.322798
9.65736e-010	-0.31959
9.66501e-010	-0.316368
9.67266e-010	-0.313134
9.68031e-010	-0.309887
9.68796e-010	-0.30663
9.69561e-010	-0.303362
9.70326e-010	-0.300084
9.71091e-010	-0.296797
9.71856e-010	-0.293503
9.72621e-010	-0.2902
9.73386e-010	-0.286892
9.74151e-010	-0.283577
9.74916e-010	-0.280257
9.75681e-010	-0.276933
9.76446e-010	-0.273605
9.7721e-010	-0.270274
9.77975e-010	-0.26694
9.7874e-010	-0.263605
9.79505e-010	-0.260269
9.8027e-010	-0.256933
9.81035e-010	-0.253597
9.818e-010	-0.250262
9.82565e-010	-0.246929
9.8333e-010	-0.243598
9.84095e-010	-0.24027
9.8486e-010	-0.236946
9.85625e-010	-0.233626
9.8639e-010	-0.230311
9.87155e-010	-0.227001
9.8792e-010	-0.223697
9.88685e-010	-0.2204
9.8945e-010	-0.21711
9.90214e-010	-0.213828
9.90979e-010	-0.210555
9.91744e-010	-0.20729
9.92509e-010	-0.204035
9.93274e-010	-0.200789
9.94039e-010	-0.197555
9.94804e-010	-0.194331
9.95569e-010	-0.191119
9.96334e-010	-0.187919
9.97099e-010	-0.184731
9.97864e-010	-0.181556
9.98629e-010	-0.178395
9.99394e-010	-0.175248
1.00016e-009	-0.172115
1.00092e-009	-0.168998
1.00169e-009	-0.165895
1.00245e-009	-0.162808
1.00322e-009	-0.159738
1.00398e-009	-0.156684
1.00475e-009	-0.153646
1.00551e-009	-0.150627
1.00628e-009	-0.147625
1.00704e-009	-0.144641
1.00781e-009	-0.141675
1.00857e-009	-0.138729
1.00934e-009	-0.135802
1.0101e-009	-0.132894
1.01087e-009	-0.130006
1.01163e-009	-0.127138
1.0124e-009	-0.124291
1.01316e-009	-0.121464
1.01393e-009	-0.118659
1.01469e-009	-0.115875
1.01546e-009	-0.113113
1.01622e-009	-0.110372
1.01699e-009	-0.107654
1.01775e-009	-0.104959
1.01852e-009	-0.102286
1.01928e-009	-0.0996355
1.02005e-009	-0.0970086
1.02081e-009	-0.094405
1.02158e-009	-0.091825
1.02234e-009	-0.0892688
1.02311e-009	-0.0867366
1.02387e-009	-0.0842285
1.02464e-009	-0.0817448
1.0254e-009	-0.0792855
1.02617e-009	-0.0768509
1.02693e-009	-0.0744412
1.0277e-009	-0.0720564
1.02846e-009	-0.0696967
1.02923e-009	-0.0673622
1.02999e-009	-0.0650531
1.03076e-009	-0.0627694
1.03152e-009	-0.0605113
1.03229e-009	-0.0582789
1.03305e-009	-0.0560722
1.03382e-009	-0.0538914
1.03458e-009	-0.0517365
1.03535e-009	-0.0496075
1.03611e-009	-0.0475047
1.03688e-009	-0.0454279
1.03764e-009	-0.0433773
1.03841e-009	-0.0413528
1.03917e-009	-0.0393546
1.03994e-009	-0.0373826
1.0407e-009	-0.035437
1.04147e-009	-0.0335176
1.04223e-009	-0.0316245
1.043e-009	-0.0297577
1.04376e-009	-0.0279171
1.04453e-009	-0.0261029
1.04529e-009	-0.024315
1.04606e-009	-0.0225532
1.04682e-009	-0.0208177
1.04758e-009	-0.0191084
1.04835e-009	-0.0174252
1.04911e-009	-0.0157681
1.04988e-009	-0.014137
1.05064e-009	-0.012532
1.05141e-009	-0.0109528
1.05217e-009	-0.00939947
1.05294e-009	-0.00787193
1.0537e-009	-0.00637009
1.05447e-009	-0.00489386
1.05523e-009	-0.00344316
1.056e-009	-0.00201788
1.05676e-009	-0.000617949
1.05753e-009	0.000756756
1.05829e-009	0.00210634
1.05906e-009	0.00343091
1.05982e-009	0.00473058
1.06059e-009	0.00600547
1.06135e-009	0.00725572
1.06212e-009	0.00848144
1.06288e-009	0.00968278
1.06365e-009	0.0108599
1.06441e-009	0.0120128
1.06518e-009	0.0131418
1.06594e-009	0.014247
1.06671e-009	0.0153285
1.06747e-009	0.0163865
1.06824e-009	0.0174211
1.069e-009	0.0184326
1.06977e-009	0.019421
1.07053e-009	0.0203865
1.0713e-009	0.0213294
1.07206e-009	0.0222497
1.07283e-009	0.0231477
1.07359e-009	0.0240235
1.07436e-009	0.0248774
1.07512e-009	0.0257094
1.07589e-009	0.0265198
1.07665e-009	0.0273088
1.07742e-009	0.0280766
1.07818e-009	0.0288234
1.07895e-009	0.0295492
1.07971e-009	0.0302545
1.08048e-009	0.0309393
1.08124e-009	0.0316038
1.08201e-009	0.0322483
1.08277e-009	0.032873
1.08354e-009	0.033478
1.0843e-009	0.0340636
1.08507e-009	0.03463
1.08583e-009	0.0351774
1.0866e-009	0.035706
1.08736e-009	0.036216
1.08813e-009	0.0367076
1.08889e-009	0.0371811
1.08966e-009	0.0376367
1.09042e-009	0.0380745
1.09119e-009	0.0384949
1.09195e-009	0.0388979
1.09272e-009	0.0392839
1.09348e-009	0.0396531
1.09425e-009	0.0400056
1.09501e-009	0.0403417
1.09578e-009	0.0406617
1.09654e-009	0.0409657
1.09731e-009	0.0412539
1.09807e-009	0.0415266
1.09884e-009	0.0417841
1.0996e-009	0.0420264
1.10037e-009	0.042254
1.10113e-009	0.0424669
1.1019e-009	0.0426653
1.10266e-009	0.0428497
1.10343e-009	0.04302
1.10419e-009	0.0431766
1.10496e-009	0.0433197
1.10572e-009	0.0434495
1.10649e-009	0.0435662
1.10725e-009	0.0436701
1.10802e-009	0.0437613
1.10878e-009	0.0438401
1.10955e-009	0.0439067
1.11031e-009	0.0439613
1.11107e-009	0.0440042
1.11184e-009	0.0440354
1.1126e-009	0.0440554
1.11337e-009	0.0440642
1.11413e-009	0.0440622
1.1149e-009	0.0440494
1.11566e-009	0.0440261
1.11643e-009	0.0439926
1.11719e-009	0.0439489
1.11796e-009	0.0438955
1.11872e-009	0.0438323
1.11949e-009	0.0437597
1.12025e-009	0.0436779
1.12102e-009	0.043587
1.12178e-009	0.0434873
1.12255e-009	0.043379
1.12331e-009	0.0432621
1.12408e-009	0.0431371
1.12484e-009	0.043004
1.12561e-009	0.042863
1.12637e-009	0.0427144
1.12714e-009	0.0425583
1.1279e-009	0.0423949
1.12867e-009	0.0422244
1.12943e-009	0.042047
1.1302e-009	0.0418628
1.13096e-009	0.0416722
1.13173e-009	0.0414751
1.13249e-009	0.0412719
1.13326e-009	0.0410627
1.13402e-009	0.0408476
1.13479e-009	0.0406269
1.13555e-009	0.0404007
1.13632e-009	0.0401692
1.13708e-009	0.0399325
1.13785e-009	0.0396909
1.13861e-009	0.0394444
1.13938e-009	0.0391933
1.14014e-009	0.0389378
1.14091e-009	0.0386778
1.14167e-009	0.0384138
1.14244e-009	0.0381457
1.1432e-009	0.0378737
1.14397e-009	0.037598
1.14473e-009	0.0373188
1.1455e-009	0.0370361
1.14626e-009	0.0367502
1.14703e-009	0.0364612
1.14779e-009	0.0361692
1.14856e-009	0.0358743
1.14932e-009	0.0355767
1.15009e-009	0.0352766
1.15085e-009	0.034974
1.15162e-009	0.0346692
1.15238e-009	0.0343621
1.15315e-009	0.034053
1.15391e-009	0.033742
1.15468e-009	0.0334293
1.15544e-009	0.0331148
1.15621e-009	0.0327988
1.15697e-009	0.0324813
1.15774e-009	0.0321625
1.1585e-009	0.0318426
1.15927e-009	0.0315215
1.16003e-009	0.0311995
1.1608e-009	0.0308765
1.16156e-009	0.0305528
1.16233e-009	0.0302285
1.16309e-009	0.0299036
1.16386e-009	0.0295782
1.16462e-009	0.0292525
1.16539e-009	0.0289265
1.16615e-009	0.0286003
1.16692e-009	0.0282741
1.16768e-009	0.0279479
1.16845e-009	0.0276217
1.16921e-009	0.0272958
1.16998e-009	0.0269701
1.17074e-009	0.0266448
1.17151e-009	0.02632
1.17227e-009	0.0259956
1.17304e-009	0.0256719
1.1738e-009	0.0253488
1.17456e-009	0.0250265
1.17533e-009	0.024705
1.17609e-009	0.0243844
1.17686e-009	0.0240648
1.17762e-009	0.0237461
1.17839e-009	0.0234286
1.17915e-009	0.0231122
1.17992e-009	0.0227971
1.18068e-009	0.0224832
1.18145e-009	0.0221707
1.18221e-009	0.0218596
1.18298e-009	0.0215499
1.18374e-009	0.0212417
1.18451e-009	0.0209351
1.18527e-009	0.0206301
1.18604e-009	0.0203268
1.1868e-009	0.0200251
1.18757e-009	0.0197253
1.18833e-009	0.0194272
1.1891e-009	0.0191309
1.18986e-009	0.0188366
1.19063e-009	0.0185441
1.19139e-009	0.0182536
1.19216e-009	0.0179652
1.19292e-009	0.0176787
1.19369e-009	0.0173944
1.19445e-009	0.0171121
1.19522e-009	0.016832
1.19598e-009	0.016554
1.19675e-009	0.0162782
1.19751e-009	0.0160047
1.19828e-009	0.0157334
1.19904e-009	0.0154643
1.19981e-009	0.0151976
1.20057e-009	0.0149332
1.20134e-009	0.0146712
1.2021e-009	0.0144115
1.20287e-009	0.0141542
1.20363e-009	0.0138993
1.2044e-009	0.0136468
1.20516e-009	0.0133967
1.20593e-009	0.0131491
1.20669e-009	0.012904
1.20746e-009	0.0126613
1.20822e-009	0.0124212
1.20899e-009	0.0121835
1.20975e-009	0.0119483
1.21052e-009	0.0117157
1.21128e-009	0.0114856
1.21205e-009	0.011258
1.21281e-009	0.011033
1.21358e-009	0.0108105
1.21434e-009	0.0105906
1.21511e-009	0.0103732
1.21587e-009	0.0101583
1.21664e-009	0.00994605
1.2174e-009	0.00973633
1.21817e-009	0.00952917
1.21893e-009	0.00932457
1.2197e-009	0.00912252
1.22046e-009	0.00892302
1.22123e-009	0.00872608
1.22199e-009	0.00853168
1.22276e-009	0.00833982
1.22352e-009	0.0081505
1.22429e-009	0.00796372
1.22505e-009	0.00777946
1.22582e-009	0.00759771
1.22658e-009	0.00741848
1.22735e-009	0.00724175
1.22811e-009	0.00706751
1.22888e-009	0.00689576
1.22964e-009	0.00672649
1.23041e-009	0.00655967
1.23117e-009	0.00639531
1.23194e-009	0.00623339
1.2327e-009	0.00607391
1.23347e-009	0.00591684
1.23423e-009	0.00576217
1.235e-009	0.00560989
1.23576e-009	0.00546
1.23653e-009	0.00531246
1.23729e-009	0.00516728
1.23805e-009	0.00502443
1.23882e-009	0.0048839
1.23958e-009	0.00474567
1.24035e-009	0.00460973
1.24111e-009	0.00447605
1.24188e-009	0.00434464
1.24264e-009	0.00421546
1.24341e-009	0.0040885
1.24417e-009	0.00396374
1.24494e-009	0.00384117
1.2457e-009	0.00372076
1.24647e-009	0.0036025
1.24723e-009	0.00348637
1.248e-009	0.00337235
1.24876e-009	0.00326043
1.24953e-009	0.00315057
1.25029e-009	0.00304277
1.25106e-009	0.00293701
1.25182e-009	0.00283325
1.25259e-009	0.00273149
1.25335e-009	0.00263171
1.25412e-009	0.00253388
1.25488e-009	0.00243798
1.25565e-009	0.002344
1.25641e-009	0.0022519
1.25718e-009	0.00216169
1.25794e-009	0.00207332
1.25871e-009	0.00198678
1.25947e-009	0.00190205
1.26024e-009	0.00181911
1.261e-009	0.00173794
1.26177e-009	0.00165852
1.26253e-009	0.00158082
1.2633e-009	0.00150482
1.26406e-009	0.00143051
1.26483e-009	0.00135787
1.26559e-009	0.00128686
1.26636e-009	0.00121747
1.26712e-009	0.00114969
1.26789e-009	0.00108348
1.26865e-009	0.00101882
1.26942e-009	0.000955706
1.27018e-009	0.000894104
1.27095e-009	0.000833995
1.27171e-009	0.00077536
1.27248e-009	0.000718176
1.27324e-009	0.000662424
1.27401e-009	0.000608082
1.27477e-009	0.000555129
1.27554e-009	0.000503546
1.2763e-009	0.000453311
1.27707e-009	0.000404404
1.27783e-009	0.000356805
1.2786e-009	0.000310493
1.27936e-009	0.000265449
1.28013e-009	0.000221651
1.28089e-009	0.000179081
1.28166e-009	0.000137718
1.28242e-009	9.75431e-005
1.28319e-009	5.85358e-005
1.28395e-009	2.0677e-005
1.28472e-009	-1.60527e-005
1.28548e-009	-5.16724e-005
1.28625e-009	-8.62014e-005
1.28701e-009	-0.000119659
1.28778e-009	-0.000152063
1.28854e-009	-0.000183433
1.28931e-009	-0.000213787
1.29007e-009	-0.000243143
1.29084e-009	-0.000271521
1.2916e-009	-0.000298937
1.29237e-009	-0.00032541
1.29313e-009	-0.000350958
1.2939e-009	-0.000375598
1.29466e-009	-0.000399348
1.29543e-009	-0.000422225
1.29619e-009	-0.000444245
1.29696e-009	-0.000465427
1.29772e-009	-0.000485786
1.29849e-009	-0.00050534
1.29925e-009	-0.000524105
1.30002e-009	-0.000542096
1.30078e-009	-0.000559331
1.30154e-009	-0.000575825
1.30231e-009	-0.000591594
1.30307e-009	-0.000606653
1.30384e-009	-0.000621017
1.3046e-009	-0.000634703
1.30537e-009	-0.000647724
1.30613e-009	-0.000660096
1.3069e-009	-0.000671834
1.30766e-009	-0.000682951
1.30843e-009	-0.000693463
1.30919e-009	-0.000703382
1.30996e-009	-0.000712724
1.31072e-009	-0.000721502
1.31149e-009	-0.000729729
1.31225e-009	-0.000737419
1.31302e-009	-0.000744585
1.31378e-009	-0.00075124
1.31455e-009	-0.000757397
1.31531e-009	-0.000763068
1.31608e-009	-0.000768266
1.31684e-009	-0.000773003
1.31761e-009	-0.000777292
1.31837e-009	-0.000781144
1.31914e-009	-0.000784571
1.3199e-009	-0.000787584
1.32067e-009	-0.000790195
1.32143e-009	-0.000792415
1.3222e-009	-0.000794255
1.32296e-009	-0.000795726
1.32373e-009	-0.000796838
1.32449e-009	-0.000797603
1.32526e-009	-0.00079803
1.32602e-009	-0.00079813
1.32679e-009	-0.000797912
1.32755e-009	-0.000797386
1.32832e-009	-0.000796562
1.32908e-009	-0.00079545
1.32985e-009	-0.000794058
1.33061e-009	-0.000792396
1.33138e-009	-0.000790473
1.33214e-009	-0.000788297
1.33291e-009	-0.000785878
1.33367e-009	-0.000783223
1.33444e-009	-0.000780341
1.3352e-009	-0.00077724
1.33597e-009	-0.000773929
1.33673e-009	-0.000770414
1.3375e-009	-0.000766704
1.33826e-009	-0.000762806
1.33903e-009	-0.000758728
1.33979e-009	-0.000754477
1.34056e-009	-0.000750059
1.34132e-009	-0.000745483
1.34209e-009	-0.000740754
1.34285e-009	-0.000735879
1.34362e-009	-0.000730865
1.34438e-009	-0.000725718
1.34515e-009	-0.000720444
1.34591e-009	-0.00071505
1.34668e-009	-0.000709541
1.34744e-009	-0.000703924
1.34821e-009	-0.000698203
1.34897e-009	-0.000692385
1.34974e-009	-0.000686474
1.3505e-009	-0.000680477
1.35127e-009	-0.000674398
1.35203e-009	-0.000668242
1.3528e-009	-0.000662015
1.35356e-009	-0.000655721
1.35433e-009	-0.000649364
1.35509e-009	-0.00064295
1.35586e-009	-0.000636482
1.35662e-009	-0.000629966
1.35739e-009	-0.000623405
1.35815e-009	-0.000616803
1.35892e-009	-0.000610165
1.35968e-009	-0.000603494
1.36045e-009	-0.000596794
1.36121e-009	-0.000590068
1.36198e-009	-0.000583321
1.36274e-009	-0.000576556
1.36351e-009	-0.000569776
1.36427e-009	-0.000562984
1.36503e-009	-0.000556184
1.3658e-009	-0.000549379
1.36656e-009	-0.000542571
1.36733e-009	-0.000535763
1.36809e-009	-0.000528959
1.36886e-009	-0.000522161
1.36962e-009	-0.000515372
1.37039e-009	-0.000508594
1.37115e-009	-0.00050183
1.37192e-009	-0.000495082
1.37268e-009	-0.000488352
1.37345e-009	-0.000481642
1.37421e-009	-0.000474955
1.37498e-009	-0.000468293
1.37574e-009	-0.000461658
1.37651e-009	-0.000455052
1.37727e-009	-0.000448476
1.37804e-009	-0.000441932
1.3788e-009	-0.000435422
1.37957e-009	-0.000428948
1.38033e-009	-0.00042251
1.3811e-009	-0.000416112
1.38186e-009	-0.000409753
1.38263e-009	-0.000403436
1.38339e-009	-0.000397162
1.38416e-009	-0.000390932
1.38492e-009	-0.000384747
1.38569e-009	-0.000378608
1.38645e-009	-0.000372516
1.38722e-009	-0.000366473
1.38798e-009	-0.00036048
1.38875e-009	-0.000354537
1.38951e-009	-0.000348645
1.39028e-009	-0.000342805
1.39104e-009	-0.000337018
1.39181e-009	-0.000331284
1.39257e-009	-0.000325604
1.39334e-009	-0.00031998
1.3941e-009	-0.000314411
1.39487e-009	-0.000308897
1.39563e-009	-0.00030344
1.3964e-009	-0.00029804
1.39716e-009	-0.000292698
1.39793e-009	-0.000287413
1.39869e-009	-0.000282186
1.39946e-009	-0.000277018
1.40022e-009	-0.000271908
1.40099e-009	-0.000266857
1.40175e-009	-0.000261865
1.40252e-009	-0.000256933
1.40328e-009	-0.00025206
1.40405e-009	-0.000247246
1.40481e-009	-0.000242493
1.40558e-009	-0.000237798
1.40634e-009	-0.000233164
1.40711e-009	-0.000228589
1.40787e-009	-0.000224074
1.40864e-009	-0.000219619
1.4094e-009	-0.000215223
1.41017e-009	-0.000210887
1.41093e-009	-0.00020661
1.4117e-009	-0.000202392
1.41246e-009	-0.000198234
1.41323e-009	-0.000194134
1.41399e-009	-0.000190093
1.41476e-009	-0.00018611
1.41552e-009	-0.000182186
1.41629e-009	-0.000178319
1.41705e-009	-0.00017451
1.41782e-009	-0.000170759
1.41858e-009	-0.000167064
1.41935e-009	-0.000163427
1.42011e-009	-0.000159845
1.42088e-009	-0.00015632
1.42164e-009	-0.00015285
1.42241e-009	-0.000149436
1.42317e-009	-0.000146077
1.42394e-009	-0.000142772
1.4247e-009	-0.000139521
1.42547e-009	-0.000136324
1.42623e-009	-0.000133181
1.427e-009	-0.00013009
1.42776e-009	-0.000127051
1.42852e-009	-0.000124065
1.42929e-009	-0.00012113
1.43005e-009	-0.000118245
1.43082e-009	-0.000115412
1.43158e-009	-0.000112628
1.43235e-009	-0.000109894
