% time-domain voltage integration by openEMS v0.0.35-62-gbb235b2 @Sat May 09 23:21:32 2020
% start-coordinates: (0.0047217,-0.017144,-0.00150002) m -> [62,37,18]
% stop-coordinates: (0.0047217,-0.017144,1.7e-08) m -> [62,37,23]
% t/s	voltage
0	0
1.04163358737e-11	-0.000404440657374
2.08326717474e-11	-0.00166040465884
3.12490076211e-11	-0.0052279067158
4.16653434948e-11	-0.0139121314568
5.20816793685e-11	-0.0321803113717
6.24980152422e-11	-0.0653843147285
7.29143511159e-11	-0.116320532352
8.33306869897e-11	-0.178662973677
9.37470228634e-11	-0.227903473095
1.04163358737e-10	-0.214894464145
1.14579694611e-10	-0.0697355778415
1.24996030484e-10	0.276821545531
1.35412366358e-10	0.855334610826
1.45828702232e-10	1.61739568163
1.56245038106e-10	2.41783896165
1.66661373979e-10	3.04145432188
1.77077709853e-10	3.27576738336
1.87494045727e-10	3.00167287473
1.979103816e-10	2.25566566571
2.08326717474e-10	1.22778500683
2.18743053348e-10	0.190092603254
2.29159389222e-10	-0.608784809943
2.39575725095e-10	-1.0305255606
2.49992060969e-10	-1.07763713726
2.60408396843e-10	-0.861458016969
2.70824732716e-10	-0.534757835637
2.8124106859e-10	-0.226275840746
2.91657404464e-10	-0.00494247545089
3.02073740337e-10	0.119899602579
3.12490076211e-10	0.173441350739
3.22906412085e-10	0.184531926766
3.33322747959e-10	0.164085397462
3.43739083832e-10	0.100218305498
3.54155419706e-10	-0.0311489663573
3.6457175558e-10	-0.24752144381
3.74988091453e-10	-0.541374784176
3.85404427327e-10	-0.872076579465
3.95820763201e-10	-1.17223752823
4.06237099075e-10	-1.36747388574
4.16653434948e-10	-1.40405174171
4.27069770822e-10	-1.27140195145
4.37486106696e-10	-1.00980777856
4.47902442569e-10	-0.697614476084
4.58318778443e-10	-0.422790289051
4.68735114317e-10	-0.251034885636
4.79151450191e-10	-0.204461547753
4.89567786064e-10	-0.259004961739
4.99984121938e-10	-0.359759436149
5.10400457812e-10	-0.44507432716
5.20816793685e-10	-0.468025210956
5.31233129559e-10	-0.407738142131
5.41649465433e-10	-0.269024572069
5.52065801306e-10	-0.0744173875598
5.6248213718e-10	0.145890026236
5.72898473054e-10	0.362485733036
5.83314808928e-10	0.552267693157
5.93731144801e-10	0.702086161401
6.04147480675e-10	0.810719119881
6.14563816549e-10	0.888644544207
6.24980152422e-10	0.954838073098
6.35396488296e-10	1.03053900802
6.4581282417e-10	1.13126605188
6.56229160044e-10	1.26070510244
6.66645495917e-10	1.40817492528
6.77061831791e-10	1.55197626879
6.87478167665e-10	1.66695473225
6.97894503538e-10	1.73249582239
7.08310839412e-10	1.73786340912
7.18727175286e-10	1.68190834611
7.29143511159e-10	1.56831883856
7.39559847033e-10	1.39960329222
7.49976182907e-10	1.17561747359
7.60392518781e-10	0.897685899376
7.70808854654e-10	0.575684905698
7.81225190528e-10	0.233876032634
7.91641526402e-10	-0.0922814656976
8.02057862275e-10	-0.365468790854
8.12474198149e-10	-0.559378086584
8.22890534023e-10	-0.668203447498
8.33306869897e-10	-0.706925548833
8.4372320577e-10	-0.704724933966
8.54139541644e-10	-0.69400740483
8.64555877518e-10	-0.700087304836
8.74972213391e-10	-0.734348847763
8.85388549265e-10	-0.790244269709
8.95804885139e-10	-0.843113715709
9.06221221012e-10	-0.853253792526
9.16637556886e-10	-0.775195802812
9.2705389276e-10	-0.572655265525
9.37470228634e-10	-0.234720864246
9.47886564507e-10	0.211004360218
9.58302900381e-10	0.69674178988
9.68719236255e-10	1.12769340868
9.79135572128e-10	1.40720738678
9.89551908002e-10	1.46607320928
9.99968243876e-10	1.28430148064
1.01038457975e-09	0.897421672699
1.02080091562e-09	0.385908682804
1.0312172515e-09	-0.146385253037
1.04163358737e-09	-0.597026163678
1.05204992324e-09	-0.883842286786
1.06246625912e-09	-0.957378139101
1.07288259499e-09	-0.807135186832
1.08329893087e-09	-0.463031819176
1.09371526674e-09	0.00812805407114
1.10413160261e-09	0.514276110347
1.11454793849e-09	0.958211023302
1.12496427436e-09	1.26144231324
1.13538061023e-09	1.38409473279
1.14579694611e-09	1.33244769136
1.15621328198e-09	1.15108636483
1.16662961786e-09	0.904247336476
1.17704595373e-09	0.654575956989
1.1874622896e-09	0.448031023094
1.19787862548e-09	0.308091317541
1.20829496135e-09	0.238125759808
1.21871129722e-09	0.227671358547
1.2291276331e-09	0.258568128256
1.23954396897e-09	0.309727267407
1.24996030484e-09	0.360907358235
1.26037664072e-09	0.395863177142
1.27079297659e-09	0.404709230733
1.28120931247e-09	0.383916936284
1.29162564834e-09	0.334488628534
1.30204198421e-09	0.25833093381
1.31245832009e-09	0.155852386904
1.32287465596e-09	0.0261974497491
1.33329099183e-09	-0.129124251703
1.34370732771e-09	-0.301476936284
1.35412366358e-09	-0.471547939769
1.36453999946e-09	-0.610218719964
1.37495633533e-09	-0.684712367267
1.3853726712e-09	-0.668792608989
1.39578900708e-09	-0.553298256229
1.40620534295e-09	-0.352203155092
1.41662167882e-09	-0.101694535221
1.4270380147e-09	0.149168600417
1.43745435057e-09	0.353009759778
1.44787068645e-09	0.478869949633
1.45828702232e-09	0.521008988397
1.46870335819e-09	0.499027978375
1.47911969407e-09	0.448227807804
1.48953602994e-09	0.404638674992
1.49995236581e-09	0.390962923904
1.51036870169e-09	0.40874295721
1.52078503756e-09	0.440626187373
1.53120137343e-09	0.460725839585
1.54161770931e-09	0.447803138819
1.55203404518e-09	0.394969442496
1.56245038106e-09	0.311715904059
1.57286671693e-09	0.217891381955
1.5832830528e-09	0.133892061345
1.59369938868e-09	0.0720424701449
1.60411572455e-09	0.0332964950607
1.61453206042e-09	0.0100448530917
1.6249483963e-09	-0.00691843534187
1.63536473217e-09	-0.0213115073036
1.64578106805e-09	-0.0273366027466
1.65619740392e-09	-0.0113360582147
1.66661373979e-09	0.0416062100586
1.67703007567e-09	0.138869562079
1.68744641154e-09	0.273255027926
1.69786274741e-09	0.422208669861
1.70827908329e-09	0.553784896615
1.71869541916e-09	0.637464062374
1.72911175504e-09	0.654932397649
1.73952809091e-09	0.605826206217
1.74994442678e-09	0.505888629167
1.76036076266e-09	0.378977373559
1.77077709853e-09	0.247410574207
1.7811934344e-09	0.125271170272
1.79160977028e-09	0.0170754642749
1.80202610615e-09	-0.078214406843
1.81244244202e-09	-0.161830625774
1.8228587779e-09	-0.231271196322
1.83327511377e-09	-0.279868831928
1.84369144965e-09	-0.299596262649
1.85410778552e-09	-0.28479203037
1.86452412139e-09	-0.234644140976
1.87494045727e-09	-0.154051485205
1.88535679314e-09	-0.0529056094973
1.89577312901e-09	0.0557056102275
1.90618946489e-09	0.156672939863
1.91660580076e-09	0.235301010385
1.92702213664e-09	0.28017773023
1.93743847251e-09	0.2863589812
1.94785480838e-09	0.258082295038
1.95827114426e-09	0.20856939772
1.96868748013e-09	0.156789926242
1.979103816e-09	0.121526428531
1.98952015188e-09	0.115769391651
1.99993648775e-09	0.142996364359
2.01035282363e-09	0.196989630063
2.0207691595e-09	0.264837615476
2.03118549537e-09	0.330426745795
2.04160183125e-09	0.378293724672
2.05201816712e-09	0.396283102458
2.06243450299e-09	0.377419607835
2.07285083887e-09	0.321862636592
2.08326717474e-09	0.237448835179
2.09368351062e-09	0.138993923222
2.10409984649e-09	0.0446250654692
2.11451618236e-09	-0.0290209485874
2.12493251824e-09	-0.0718868173319
2.13534885411e-09	-0.083032497805
2.14576518998e-09	-0.0693450906028
2.15618152586e-09	-0.0412569150912
2.16659786173e-09	-0.00759558093431
2.1770141976e-09	0.0279230963025
2.18743053348e-09	0.0668974320868
2.19784686935e-09	0.113141048721
2.20826320523e-09	0.168218724096
2.2186795411e-09	0.228011804118
2.22909587697e-09	0.282306521259
2.23951221285e-09	0.317946893731
