% time-domain current integration by openEMS v0.0.35-62-gbb235b2 @Sat May 09 23:21:32 2020
% start-coordinates: (0.00352128,-0.0173439,-0.001) m -> [58,36,20]
% stop-coordinates: (0.00522,-0.016944,-0.001) m -> [64,38,20]
% t/s	current
2.79978923602e-16	-0
1.04166158526e-11	-5.01043996337e-06
2.08329517263e-11	-1.94692638615e-05
3.12492876e-11	-5.99131417403e-05
4.16656234738e-11	-0.000157882983331
5.20819593475e-11	-0.00036189466482
6.24982952212e-11	-0.000727673177607
7.29146310949e-11	-0.00128084048629
8.33309669686e-11	-0.00194520934019
9.37473028423e-11	-0.00245327036828
1.04163638716e-10	-0.00229227310047
1.1457997459e-10	-0.000761847244576
1.24996310463e-10	0.0027968569193
1.35412646337e-10	0.00863869488239
1.45828982211e-10	0.0162775963545
1.56245318085e-10	0.0244033299387
1.66661653958e-10	0.031197603792
1.77077989832e-10	0.0349743962288
1.87494325706e-10	0.0348472073674
1.97910661579e-10	0.031059583649
2.08326997453e-10	0.0248157512397
2.18743333327e-10	0.0177203994244
2.291596692e-10	0.0111695406958
2.39576005074e-10	0.00598234916106
2.49992340948e-10	0.00237346161157
2.60408676822e-10	0.000157506758114
2.70825012695e-10	-0.0010102877859
2.81241348569e-10	-0.00147534033749
2.91657684443e-10	-0.00152619008441
3.02074020316e-10	-0.00138579751365
3.1249035619e-10	-0.00120024383068
3.22906692064e-10	-0.00101910787635
3.33323027938e-10	-0.000786523800343
3.43739363811e-10	-0.000367053289665
3.54155699685e-10	0.000386304833228
3.64572035559e-10	0.00154553656466
3.74988371432e-10	0.0030402992852
3.85404707306e-10	0.00463661644608
3.9582104318e-10	0.00598688377067
4.06237379053e-10	0.00674740411341
4.16653714927e-10	0.00670584477484
4.27070050801e-10	0.00587610667571
4.37486386675e-10	0.00450976891443
4.47902722548e-10	0.00301030883566
4.58319058422e-10	0.00178699544631
4.68735394296e-10	0.00111056934111
4.79151730169e-10	0.00102687673643
4.89568066043e-10	0.00137377507053
4.99984401917e-10	0.00186731584836
5.10400737791e-10	0.00222024624236
5.20817073664e-10	0.00223384704441
5.31233409538e-10	0.00183954485692
5.41649745412e-10	0.00108567229472
5.52066081285e-10	9.53708658926e-05
5.62482417159e-10	-0.000982741592452
5.72898753033e-10	-0.00201020785607
5.83315088907e-10	-0.00288494117558
5.9373142478e-10	-0.00355761381797
6.04147760654e-10	-0.00403762795031
6.14564096528e-10	-0.00439118826762
6.24980432401e-10	-0.0047165248543
6.35396768275e-10	-0.00511146290228
6.45813104149e-10	-0.00563943386078
6.56229440022e-10	-0.00629786029458
6.66645775896e-10	-0.00701977405697
6.7706211177e-10	-0.0076917335391
6.87478447644e-10	-0.00819454621524
6.97894783517e-10	-0.00843960046768
7.08311119391e-10	-0.00838878937066
7.18727455265e-10	-0.00804580841213
7.29143791138e-10	-0.00742627400905
7.39560127012e-10	-0.00653934665024
7.49976462886e-10	-0.00538320792839
7.6039279876e-10	-0.00397269846871
7.70809134633e-10	-0.00237410515547
7.81225470507e-10	-0.000719745410606
7.91641806381e-10	0.000810071185697
8.02058142254e-10	0.00204308517277
8.12474478128e-10	0.00287636020221
8.22890814002e-10	0.0033081555739
8.33307149875e-10	0.00343277794309
8.43723485749e-10	0.00340035604313
8.54139821623e-10	0.00336226914078
8.64556157497e-10	0.00342691410333
8.7497249337e-10	0.00362741504796
8.85388829244e-10	0.0039102206938
8.95805165118e-10	0.00413153646514
9.06221500991e-10	0.00408780947328
9.16637836865e-10	0.00356427300721
9.27054172739e-10	0.00240845885128
9.37470508613e-10	0.000615666678641
9.47886844486e-10	-0.00162976142019
9.5830318036e-10	-0.00395697541535
9.68719516234e-10	-0.00589116662741
9.79135852107e-10	-0.00699027162045
9.89552187981e-10	-0.00697270268574
9.99968523855e-10	-0.00581267802045
1.01038485973e-09	-0.00374556449242
1.0208011956e-09	-0.00120070111006
1.03121753148e-09	0.00131372059695
1.04163386735e-09	0.00332056847401
1.05205020322e-09	0.00445844978094
1.0624665391e-09	0.00453343940899
1.07288287497e-09	0.00354617019184
1.08329921084e-09	0.00168939074501
1.09371554672e-09	-0.000672780501191
1.10413188259e-09	-0.00308213941753
1.11454821847e-09	-0.00508094253018
1.12496455434e-09	-0.00633445940912
1.13538089021e-09	-0.00670511648059
1.14579722609e-09	-0.00627553462982
1.15621356196e-09	-0.00529301911592
1.16662989783e-09	-0.0040733050555
1.17704623371e-09	-0.00290464912541
1.18746256958e-09	-0.00197929120623
1.19787890546e-09	-0.00138729379978
1.20829524133e-09	-0.00112561380956
1.2187115772e-09	-0.00113333226182
1.22912791308e-09	-0.00131657416932
1.23954424895e-09	-0.00157298380509
1.24996058482e-09	-0.00180733704474
1.2603769207e-09	-0.00194766081404
1.27079325657e-09	-0.00195396016352
1.28120959244e-09	-0.00181624793913
1.29162592832e-09	-0.00154143793043
1.30204226419e-09	-0.00113816838712
1.31245860007e-09	-0.000606367364526
1.32287493594e-09	5.63659486943e-05
1.33329127181e-09	0.00083604210522
1.34370760769e-09	0.00167830998544
1.35412394356e-09	0.00247631990351
1.36454027943e-09	0.00308137084357
1.37495661531e-09	0.00333857536316
1.38537295118e-09	0.00313751609065
1.39578928706e-09	0.00246157613583
1.40620562293e-09	0.00140791886952
1.4166219588e-09	0.000173383625224
1.42703829468e-09	-0.00100142415613
1.43745463055e-09	-0.00190100842156
1.44787096642e-09	-0.00240527861752
1.4582873023e-09	-0.00251948111691
1.46870363817e-09	-0.00236326898448
1.47911997405e-09	-0.00211492786184
1.48953630992e-09	-0.00193651067093
1.49995264579e-09	-0.00191295321565
1.51036898167e-09	-0.0020256259013
1.52078531754e-09	-0.00217468547635
1.53120165341e-09	-0.00223612994887
1.54161798929e-09	-0.00212287344038
1.55203432516e-09	-0.00182269455399
1.56245066103e-09	-0.00139797001611
1.57286699691e-09	-0.000948907923885
1.58328333278e-09	-0.000566618517041
1.59369966866e-09	-0.00029689562507
1.60411600453e-09	-0.00013112227316
1.6145323404e-09	-2.78792613244e-05
1.62494867628e-09	5.24309580214e-05
1.63536501215e-09	0.000116276205517
1.64578134802e-09	0.000124161728309
1.6561976839e-09	4.82209361508e-06
1.66661401977e-09	-0.000307612266624
1.67703035565e-09	-0.00083166512195
1.68744669152e-09	-0.00151306961197
1.69786302739e-09	-0.00222635944374
1.70827936327e-09	-0.0028143057134
1.71869569914e-09	-0.00314140878618
1.72911203501e-09	-0.00314040901139
1.73952837089e-09	-0.00283210189082
1.74994470676e-09	-0.00230596377514
1.76036104264e-09	-0.00167878298089
1.77077737851e-09	-0.00104946491774
1.78119371438e-09	-0.00047348687076
1.79161005026e-09	3.57642711606e-05
1.80202638613e-09	0.000485247117467
1.812442722e-09	0.000877015350852
1.82285905788e-09	0.00119193457067
1.83327539375e-09	0.00139514997136
1.84369172963e-09	0.00144893547986
1.8541080655e-09	0.00133139244281
1.86452440137e-09	0.00104660389479
1.87494073725e-09	0.000625389278866
1.88535707312e-09	0.000119886171888
1.89577340899e-09	-0.000402653822675
1.90618974487e-09	-0.000868942704983
1.91660608074e-09	-0.00121096998919
1.92702241661e-09	-0.0013805370545
1.93743875249e-09	-0.00136462051887
1.94785508836e-09	-0.0011959655676
1.95827142424e-09	-0.000946800690144
1.96868776011e-09	-0.000710758089554
1.97910409598e-09	-0.000573605298996
1.98952043186e-09	-0.000586945621762
1.99993676773e-09	-0.000755431130528
2.0103531036e-09	-0.00103981257416
2.02076943948e-09	-0.00137194944546
2.03118577535e-09	-0.00167352077551
2.04160211123e-09	-0.00187247421127
2.0520184471e-09	-0.00191569048911
2.06243478297e-09	-0.00177720130887
2.07285111885e-09	-0.00146733876318
2.08326745472e-09	-0.00103355606552
2.09368379059e-09	-0.000553424411919
2.10410012647e-09	-0.000116053670354
2.11451646234e-09	0.000205246833502
2.12493279822e-09	0.000372575159417
2.13534913409e-09	0.000392120447941
2.14576546996e-09	0.000303682521917
2.15618180584e-09	0.000157751099323
2.16659814171e-09	-8.61898388393e-06
2.17701447758e-09	-0.000184165211977
2.18743081346e-09	-0.000381152785849
2.19784714933e-09	-0.00061647471739
2.2082634852e-09	-0.000891909119673
2.21867982108e-09	-0.00117946881801
2.22909615695e-09	-0.00142414669972
2.23951249283e-09	-0.00156326428987
