% time-domain voltage integration by openEMS v0.0.35 @Tue Mar 31 00:11:54 2020
% start-coordinates: (0.037,-0.037,0) m -> [207,18,5]
% stop-coordinates: (0.037,-0.037,0.0015) m -> [207,18,11]
% t/s	voltage
0	0
5.94365832539e-011	0
1.18873166508e-010	4.71356547543e-011
1.78309749762e-010	3.23335132973e-010
2.37746333016e-010	7.70539090866e-010
2.97182916269e-010	1.26938566603e-009
3.56619499523e-010	1.37170122483e-009
4.16056082777e-010	1.6971827832e-009
4.75492666031e-010	-3.32683952609e-009
5.34929249285e-010	-1.05144821738e-008
5.94365832539e-010	-2.55018921536e-008
6.53802415793e-010	-4.45984866815e-008
7.13238999047e-010	-6.31846823751e-008
7.72675582301e-010	-6.40889057379e-008
8.32112165555e-010	-2.68668522985e-008
8.91548748808e-010	7.39267420613e-008
9.50985332062e-010	2.50112137223e-007
1.01042191532e-009	4.72671473517e-007
1.06985849857e-009	6.58540152187e-007
1.12929508182e-009	6.71906619232e-007
1.18873166508e-009	4.02198580218e-007
1.24816824833e-009	-2.04402262227e-007
1.30760483159e-009	-1.01318589429e-006
