% time-domain current integration by openEMS v0.0.35 @Tue Mar 31 00:11:54 2020
% start-coordinates: (0.0368649,-0.0371485,0.0005) m -> [206,17,7]
% stop-coordinates: (0.037,-0.037,0.0005) m -> [207,18,7]
% t/s	current
4.78555420724e-014	-0
5.9484438796e-011	-0
1.1892102205e-010	-9.9280653143e-013
1.78357605304e-010	-6.45371039595e-012
2.37794188558e-010	-1.49165957364e-011
2.97230771812e-010	-2.51089149472e-011
3.56667355065e-010	-2.73072293944e-011
4.16103938319e-010	-3.40222849893e-011
4.75540521573e-010	6.67825100775e-011
5.34977104827e-010	2.10661668665e-010
5.94413688081e-010	5.10484488014e-010
6.53850271335e-010	8.92502127758e-010
7.13286854589e-010	1.26421728641e-009
7.72723437843e-010	1.28128574417e-009
8.32160021097e-010	5.3560250679e-010
8.9159660435e-010	-1.48240208997e-009
9.51033187604e-010	-5.00734875786e-009
1.01046977086e-009	-9.45821465592e-009
1.06990635411e-009	-1.31747412979e-008
1.12934293737e-009	-1.34372513116e-008
1.18877952062e-009	-8.03681921013e-009
1.24821610387e-009	4.10255207584e-009
1.30765268713e-009	2.02819112616e-008
