% time-domain current integration by openEMS v0.0.35 @Tue Mar 31 00:11:54 2020
% start-coordinates: (0.0084151,-0.0371485,0.0005) m -> [25,17,7]
% stop-coordinates: (0.00855,-0.037,0.0005) m -> [26,18,7]
% t/s	current
4.78555420724e-014	-0
5.9484438796e-011	2.40721220734e-009
1.1892102205e-010	4.81050044243e-009
1.78357605304e-010	7.50686801609e-009
2.37794188558e-010	8.22602519435e-009
2.97230771812e-010	1.47909040571e-009
3.56667355065e-010	-2.28595951057e-008
4.16103938319e-010	-7.75874724468e-008
4.75540521573e-010	-1.71332160903e-007
5.34977104827e-010	-2.99198973153e-007
5.94413688081e-010	-4.2466322725e-007
6.53850271335e-010	-4.65946243366e-007
7.13286854589e-010	-2.96223362284e-007
7.72723437843e-010	2.2522780796e-007
8.32160021097e-010	1.18727757581e-006
8.9159660435e-010	2.53682196671e-006
9.51033187604e-010	4.00229782827e-006
1.01046977086e-009	5.08224366058e-006
1.06990635411e-009	5.14490875503e-006
1.12934293737e-009	3.64330435332e-006
1.18877952062e-009	3.87192187645e-007
1.24821610387e-009	-4.24499648943e-006
1.30765268713e-009	-9.27094151848e-006
