% time-domain voltage integration by openEMS v0.0.35 @Tue Mar 31 00:11:54 2020
% start-coordinates: (0.00855,-0.037,0) m -> [26,18,5]
% stop-coordinates: (0.00855,-0.037,0.0015) m -> [26,18,11]
% t/s	voltage
0	0
5.94365832539e-011	1.54733967861e-007
1.18873166508e-010	2.8188200929e-007
1.78309749762e-010	4.13170894831e-007
2.37746333016e-010	3.94326150399e-007
2.97182916269e-010	-1.03116441608e-007
3.56619499523e-010	-1.58418336582e-006
4.16056082777e-010	-4.65904747671e-006
4.75492666031e-010	-9.75124999059e-006
5.34929249285e-010	-1.63470840562e-005
5.94365832539e-010	-2.23148249461e-005
6.53802415793e-010	-2.33873374782e-005
7.13238999047e-010	-1.35955724545e-005
7.72675582301e-010	1.29509814997e-005
8.32112165555e-010	5.88221337239e-005
8.91548748808e-010	0.000119677391922
9.50985332062e-010	0.000182215782843
1.01042191532e-009	0.000225837473408
1.06985849857e-009	0.00022883166821
1.12929508182e-009	0.000177530491783
1.18873166508e-009	7.44369581298e-005
1.24816824833e-009	-5.9238736867e-005
1.30760483159e-009	-0.000189694714209
