% time-domain current integration by openEMS v0.0.35 @Sun Mar 29 22:33:21 2020
% start-coordinates: (-0.00882148,-0.0038,0.000508) m -> [19,20,17]
% stop-coordinates: (-0.0055,0.001,0.000508) m -> [20,22,17]
% t/s	current
7.38050455687e-013	0
4.20688759741e-011	1.30491059736e-007
8.33997014926e-011	5.15674457802e-007
1.24730527011e-010	1.81723100923e-006
1.66061352529e-010	5.59657382837e-006
2.07392178048e-010	1.50661480802e-005
2.48723003566e-010	3.54640287696e-005
2.90053829085e-010	7.29759340174e-005
3.31384654603e-010	0.00013129292347
3.72715480122e-010	0.000206502823858
4.1404630564e-010	0.000283880828647
4.55377131159e-010	0.000340866186889
4.96707956677e-010	0.000356872507837
5.38038782196e-010	0.000324456050294
5.79369607714e-010	0.000253637350397
6.20700433232e-010	0.00016623402189
6.62031258751e-010	8.46284965519e-005
7.03362084269e-010	2.29093711823e-005
7.44692909788e-010	-1.52983084263e-005
7.86023735306e-010	-3.37565215887e-005
8.27354560825e-010	-3.92278016079e-005
8.68685386343e-010	-3.85144157917e-005
9.10016211862e-010	-3.71160094801e-005
9.5134703738e-010	-3.84036575269e-005
9.92677862899e-010	-4.28127823398e-005
1.03400868842e-009	-4.79716836708e-005
1.07533951394e-009	-5.02306720591e-005
1.11667033945e-009	-4.74309235869e-005
1.15800116497e-009	-4.06902981922e-005
1.19933199049e-009	-3.36384255206e-005
1.24066281601e-009	-2.963541192e-005
1.28199364153e-009	-2.94136443699e-005
1.32332446705e-009	-3.1079944165e-005
1.36465529256e-009	-3.21039042319e-005
1.40598611808e-009	-3.13238851959e-005
1.4473169436e-009	-2.95302961604e-005
1.48864776912e-009	-2.85152455035e-005
1.52997859464e-009	-2.96103844448e-005
1.57130942016e-009	-3.26612862409e-005
1.61264024568e-009	-3.60457815987e-005
1.65397107119e-009	-3.76349671569e-005
1.69530189671e-009	-3.61430720659e-005
1.73663272223e-009	-3.19529717672e-005
1.77796354775e-009	-2.68328549282e-005
1.81929437327e-009	-2.28431181313e-005
1.86062519879e-009	-2.11224651139e-005
1.9019560243e-009	-2.1333064069e-005
1.94328684982e-009	-2.21670597966e-005
1.98461767534e-009	-2.24379600695e-005
2.02594850086e-009	-2.20354759222e-005
2.06727932638e-009	-2.18299937842e-005
2.1086101519e-009	-2.27806613111e-005
2.14994097742e-009	-2.49615150096e-005
2.19127180293e-009	-2.73589557764e-005
2.23260262845e-009	-2.85402784357e-005
2.27393345397e-009	-2.76379032584e-005
2.31526427949e-009	-2.4847293389e-005
2.35659510501e-009	-2.11736860365e-005
2.39792593053e-009	-1.78032023541e-005
2.43925675604e-009	-1.55327670655e-005
2.48058758156e-009	-1.46074098666e-005
2.52191840708e-009	-1.47618029587e-005
2.5632492326e-009	-1.54470271809e-005
2.60458005812e-009	-1.61575062521e-005
2.64591088364e-009	-1.6806556232e-005
2.68724170916e-009	-1.77226684173e-005
2.72857253467e-009	-1.9163971956e-005
2.76990336019e-009	-2.08107649087e-005
2.81123418571e-009	-2.17952565436e-005
2.85256501123e-009	-2.13592174987e-005
2.89389583675e-009	-1.94309250219e-005
2.93522666227e-009	-1.66140343936e-005
2.97655748778e-009	-1.37469469337e-005
3.0178883133e-009	-1.14445192594e-005
3.05921913882e-009	-1.00438855952e-005
3.10054996434e-009	-9.67069536273e-006
3.14188078986e-009	-1.02411004264e-005
3.18321161538e-009	-1.1405357327e-005
3.2245424409e-009	-1.27111361508e-005
3.26587326641e-009	-1.38878767757e-005
3.30720409193e-009	-1.49625539052e-005
3.34853491745e-009	-1.59945720952e-005
3.38986574297e-009	-1.67187499756e-005
3.43119656849e-009	-1.66080371855e-005
3.47252739401e-009	-1.5336638171e-005
3.51385821952e-009	-1.31045580929e-005
3.55518904504e-009	-1.0538647075e-005
3.59651987056e-009	-8.29230521049e-006
3.63785069608e-009	-6.79573577145e-006
3.6791815216e-009	-6.24087533652e-006
3.72051234712e-009	-6.64010440232e-006
3.76184317263e-009	-7.79081165092e-006
3.80317399815e-009	-9.28977715375e-006
3.84450482367e-009	-1.07003879748e-005
3.88583564919e-009	-1.17984245662e-005
3.92716647471e-009	-1.25849974211e-005
3.96849730023e-009	-1.30594298753e-005
4.00982812575e-009	-1.30117787194e-005
4.05115895126e-009	-1.21335815493e-005
4.09248977678e-009	-1.03608790596e-005
4.1338206023e-009	-8.06778643891e-006
4.17515142782e-009	-5.9066560425e-006
4.21648225334e-009	-4.43286353402e-006
4.25781307886e-009	-3.88014541386e-006
4.29914390437e-009	-4.20335072704e-006
4.34047472989e-009	-5.19694094692e-006
4.38180555541e-009	-6.57121927361e-006
4.42313638093e-009	-8.00115776656e-006
4.46446720645e-009	-9.21707669477e-006
4.50579803197e-009	-1.00815477708e-005
4.54712885749e-009	-1.0527404811e-005
4.588459683e-009	-1.04399796328e-005
4.62979050852e-009	-9.6480926004e-006
4.67112133404e-009	-8.11119389255e-006
4.71245215956e-009	-6.09728704148e-006
4.75378298508e-009	-4.14180203734e-006
4.7951138106e-009	-2.7750713798e-006
4.83644463611e-009	-2.25934536502e-006
4.87777546163e-009	-2.5322331112e-006
4.91910628715e-009	-3.35793743034e-006
4.96043711267e-009	-4.50399011243e-006
5.00176793819e-009	-5.79520656174e-006
5.04309876371e-009	-7.06764058123e-006
5.08442958923e-009	-8.12372672954e-006
5.12576041474e-009	-8.7273419922e-006
5.16709124026e-009	-8.66266418598e-006
5.20842206578e-009	-7.82099687058e-006
5.2497528913e-009	-6.30628164799e-006
5.29108371682e-009	-4.46534886578e-006
5.33241454234e-009	-2.77339813692e-006
5.37374536785e-009	-1.63598974723e-006
5.41507619337e-009	-1.21126049635e-006
5.45640701889e-009	-1.41117743624e-006
5.49773784441e-009	-2.03463901016e-006
5.53906866993e-009	-2.93305765808e-006
5.58039949545e-009	-4.05190257879e-006
5.62173032097e-009	-5.32667036168e-006
5.66306114648e-009	-6.55209487377e-006
5.704391972e-009	-7.36448419048e-006
5.74572279752e-009	-7.39558163332e-006
5.78705362304e-009	-6.51624486636e-006
5.82838444856e-009	-4.94251708005e-006
5.86971527408e-009	-3.15947409035e-006
5.91104609959e-009	-1.68045426108e-006
5.95237692511e-009	-8.08289996712e-007
5.99370775063e-009	-5.44708086636e-007
6.03503857615e-009	-7.02635361449e-007
6.07636940167e-009	-1.10726887215e-006
6.11770022719e-009	-1.73917396751e-006
6.15903105271e-009	-2.68365693046e-006
6.20036187822e-009	-3.94971721107e-006
6.24169270374e-009	-5.3030721574e-006
6.28302352926e-009	-6.28252610113e-006
6.32435435478e-009	-6.42545455776e-006
6.3656851803e-009	-5.560588761e-006
6.40701600582e-009	-3.95543884224e-006
6.44834683133e-009	-2.18972400035e-006
6.48967765685e-009	-8.43691168484e-007
6.53100848237e-009	-1.81177483682e-007
6.57233930789e-009	-8.19248953121e-008
6.61367013341e-009	-2.44922858883e-007
6.65500095893e-009	-4.83123471895e-007
6.69633178445e-009	-8.73676299307e-007
6.73766260996e-009	-1.64190259966e-006
6.77899343548e-009	-2.86854628939e-006
6.820324261e-009	-4.29974625149e-006
6.86165508652e-009	-5.39889060747e-006
6.90298591204e-009	-5.63714729651e-006
6.94431673756e-009	-4.82256473333e-006
6.98564756307e-009	-3.24446546074e-006
7.02697838859e-009	-1.52451184476e-006
7.06830921411e-009	-2.66317329078e-007
7.10964003963e-009	2.7894645882e-007
7.15097086515e-009	2.80250446849e-007
7.19230169067e-009	9.97761304689e-008
7.23363251618e-009	-5.03755472891e-008
7.2749633417e-009	-2.87198417936e-007
7.31629416722e-009	-9.05294882614e-007
7.35762499274e-009	-2.04951766136e-006
7.39895581826e-009	-3.48064236277e-006
7.44028664378e-009	-4.63789228888e-006
7.4816174693e-009	-4.9561895139e-006
7.52294829481e-009	-4.22641505793e-006
7.56427912033e-009	-2.73580462817e-006
7.60560994585e-009	-1.10543010123e-006
7.64694077137e-009	8.02199338068e-008
7.68827159689e-009	5.8442401496e-007
7.72960242241e-009	5.78616095481e-007
7.77093324792e-009	4.09764311371e-007
7.81226407344e-009	2.82914470517e-007
7.85359489896e-009	9.54885308602e-008
7.89492572448e-009	-4.37323706137e-007
7.93625655e-009	-1.4756217297e-006
7.97758737552e-009	-2.82181576949e-006
8.01891820104e-009	-3.95288043364e-006
8.06024902655e-009	-4.3220002226e-006
8.10157985207e-009	-3.71320538761e-006
8.14291067759e-009	-2.37920585278e-006
8.18424150311e-009	-8.84623659658e-007
8.22557232863e-009	2.35784000324e-007
8.26690315415e-009	7.63149614613e-007
8.30823397966e-009	8.2590747752e-007
8.34956480518e-009	7.04974354448e-007
8.3908956307e-009	5.69606015688e-007
8.43222645622e-009	3.48830667463e-007
8.47355728174e-009	-1.7409956854e-007
8.51488810726e-009	-1.11815711534e-006
8.55621893278e-009	-2.31628519032e-006
8.59754975829e-009	-3.33236403094e-006
8.63888058381e-009	-3.70502243641e-006
8.68021140933e-009	-3.23878521158e-006
8.72154223485e-009	-2.12530744648e-006
8.76287306037e-009	-8.17685759102e-007
8.80420388589e-009	2.40561121245e-007
8.8455347114e-009	8.38630057842e-007
8.88686553692e-009	1.02896956378e-006
8.92819636244e-009	9.87128942143e-007
8.96952718796e-009	8.30247188333e-007
9.01085801348e-009	5.23328935742e-007
9.052188839e-009	-5.01247541251e-008
9.09351966452e-009	-9.27025439523e-007
9.13485049003e-009	-1.94831409317e-006
9.17618131555e-009	-2.78524566966e-006
9.21751214107e-009	-3.1096717521e-006
9.25884296659e-009	-2.78359721051e-006
9.30017379211e-009	-1.92818515643e-006
9.34150461763e-009	-8.48395075081e-007
9.38283544314e-009	1.36036192089e-007
9.42416626866e-009	8.28069119052e-007
9.46549709418e-009	1.18328625831e-006
9.5068279197e-009	1.24923587919e-006
9.54815874522e-009	1.0709190974e-006
9.58948957074e-009	6.50151378068e-007
9.63082039626e-009	-1.20331833386e-008
9.67215122177e-009	-8.46716829983e-007
9.71348204729e-009	-1.68798044342e-006
9.75481287281e-009	-2.31806666307e-006
9.79614369833e-009	-2.56095609075e-006
9.83747452385e-009	-2.35248603531e-006
9.87880534937e-009	-1.75522313839e-006
9.92013617488e-009	-9.20221964407e-007
9.9614670004e-009	-2.98950908473e-008
1.00027978259e-008	7.48752540858e-007
1.00441286514e-008	1.28146962197e-006
1.0085459477e-008	1.47424464103e-006
1.01267903025e-008	1.28626459173e-006
1.0168121128e-008	7.4993670296e-007
1.02094519535e-008	-1.45481635627e-008
1.0250782779e-008	-8.25185907161e-007
1.02921136046e-008	-1.50360824591e-006
1.03334444301e-008	-1.93445839614e-006
1.03747752556e-008	-2.08241590371e-006
1.04161060811e-008	-1.96182918444e-006
1.04574369066e-008	-1.59153489676e-006
1.04987677321e-008	-9.90730200101e-007
1.05400985577e-008	-2.09331346923e-007
1.05814293832e-008	6.29340547675e-007
1.06227602087e-008	1.31966180561e-006
1.06640910342e-008	1.63942229392e-006
1.07054218597e-008	1.46055413097e-006
1.07467526853e-008	8.3321413058e-007
1.07880835108e-008	-1.93781488633e-008
1.08294143363e-008	-8.17665863906e-007
1.08707451618e-008	-1.36753578772e-006
1.09120759873e-008	-1.63204754244e-006
1.09534068128e-008	-1.69105794612e-006
1.09947376384e-008	-1.62696005646e-006
1.10360684639e-008	-1.43589295476e-006
1.10773992894e-008	-1.03468676116e-006
1.11187301149e-008	-3.62492414752e-007
1.11600609404e-008	5.00731630382e-007
1.1201391766e-008	1.3027681689e-006
1.12427225915e-008	1.72637885498e-006
1.1284053417e-008	1.57413001034e-006
1.13253842425e-008	9.02706460693e-007
1.1366715068e-008	-7.97172106104e-010
1.14080458935e-008	-7.89470277596e-007
1.14493767191e-008	-1.2537055909e-006
1.14907075446e-008	-1.40298254792e-006
1.15320383701e-008	-1.39427163504e-006
1.15733691956e-008	-1.36286166708e-006
1.16147000211e-008	-1.2940038232e-006
1.16560308467e-008	-1.03919205685e-006
1.16973616722e-008	-4.62925072497e-007
1.17386924977e-008	3.88790681427e-007
1.17800233232e-008	1.2414319599e-006
1.18213541487e-008	1.72882369043e-006
1.18626849743e-008	1.61595608006e-006
1.19040157998e-008	9.53336439125e-007
1.19453466253e-008	5.0215248848e-008
1.19866774508e-008	-7.20322873349e-007
1.20280082763e-008	-1.13854116535e-006
1.20693391018e-008	-1.23224504023e-006
1.21106699274e-008	-1.19249625641e-006
1.21520007529e-008	-1.17858814974e-006
1.21933315784e-008	-1.17319473247e-006
1.22346624039e-008	-1.00126499092e-006
1.22759932294e-008	-4.97113774145e-007
1.2317324055e-008	3.09183633362e-007
1.23586548805e-008	1.14873216717e-006
1.2399985706e-008	1.65396352259e-006
1.24413165315e-008	1.58405737238e-006
1.2482647357e-008	9.78085267889e-007
1.25239781825e-008	1.28946226141e-007
1.25653090081e-008	-6.03386183684e-007
1.26066398336e-008	-1.00516956536e-006
1.26479706591e-008	-1.10216478788e-006
1.26893014846e-008	-1.07543576178e-006
1.27306323101e-008	-1.07438506802e-006
1.27719631357e-008	-1.07946175376e-006
1.28132939612e-008	-9.26835809878e-007
1.28546247867e-008	-4.67669337922e-007
1.28959556122e-008	2.68619828603e-007
1.29372864377e-008	1.04013338387e-006
1.29786172632e-008	1.51826975525e-006
1.30199480888e-008	1.48601384353e-006
1.30612789143e-008	9.71561462393e-007
1.31026097398e-008	2.25057647185e-007
1.31439405653e-008	-4.43970975539e-007
1.31852713908e-008	-8.47761498335e-007
1.32266022164e-008	-9.96682501864e-007
1.32679330419e-008	-1.02526882984e-006
1.33092638674e-008	-1.03888567082e-006
1.33505946929e-008	-1.01463467672e-006
1.33919255184e-008	-8.30388671602e-007
1.3433256344e-008	-3.88367197957e-007
1.34745871695e-008	2.66937831839e-007
1.3515917995e-008	9.31009822125e-007
1.35572488205e-008	1.34300364607e-006
1.3598579646e-008	1.33588446261e-006
1.36399104715e-008	9.33563569561e-007
1.36812412971e-008	3.25861151396e-007
1.37225721226e-008	-2.567608135e-007
1.37639029481e-008	-6.71146040077e-007
1.38052337736e-008	-9.04245951006e-007
1.38465645991e-008	-1.01768432614e-006
1.38878954247e-008	-1.05122421701e-006
1.39292262502e-008	-9.76819706011e-007
1.39705570757e-008	-7.28548911866e-007
1.40118879012e-008	-2.79475102616e-007
1.40532187267e-008	2.96025973512e-007
1.40945495522e-008	8.32043042465e-007
1.41358803778e-008	1.1506251667e-006
1.41772112033e-008	1.15375223686e-006
1.42185420288e-008	8.69937707648e-007
1.42598728543e-008	4.19739421886e-007
1.43012036798e-008	-6.25922211839e-008
1.43425345054e-008	-4.87470515509e-007
1.43838653309e-008	-8.16331919395e-007
1.44251961564e-008	-1.02741250885e-006
1.44665269819e-008	-1.08817482669e-006
1.45078578074e-008	-9.60592387855e-007
1.4549188633e-008	-6.34984417047e-007
1.45905194585e-008	-1.63023969435e-007
1.4631850284e-008	3.41864961229e-007
1.46731811095e-008	7.47835713355e-007
1.4714511935e-008	9.62025751505e-007
1.47558427605e-008	9.64264472714e-007
1.47971735861e-008	7.91517663856e-007
1.48385044116e-008	4.96027951158e-007
1.48798352371e-008	1.16218302537e-007
1.49211660626e-008	-3.12255110657e-007
1.49624968881e-008	-7.27954045487e-007
1.50038277137e-008	-1.03399031559e-006
1.50451585392e-008	-1.12764678306e-006
1.50864893647e-008	-9.55780819822e-007
1.51278201902e-008	-5.57789007871e-007
1.51691510157e-008	-5.88386228628e-008
1.52104818412e-008	3.87406771551e-007
1.52518126668e-008	6.76749095874e-007
1.52931434923e-008	7.94910533841e-007
1.53344743178e-008	7.90673141182e-007
1.53758051433e-008	7.101925803e-007
1.54171359688e-008	5.4758635315e-007
1.54584667944e-008	2.61384172973e-007
1.54997976199e-008	-1.59271337452e-007
1.55411284454e-008	-6.39404561298e-007
1.55824592709e-008	-1.02366391275e-006
1.56237900964e-008	-1.15006491797e-006
1.56651209219e-008	-9.50197147631e-007
1.57064517475e-008	-4.99858515468e-007
1.5747782573e-008	1.67366351889e-008
1.57891133985e-008	4.15463262016e-007
1.5830444224e-008	6.15245937752e-007
1.58717750495e-008	6.60803266328e-007
1.59131058751e-008	6.51045695577e-007
1.59544367006e-008	6.36933350506e-007
1.59957675261e-008	5.73023214656e-007
1.60370983516e-008	3.62721038982e-007
1.60784291771e-008	-4.04106117458e-008
1.61197600027e-008	-5.5564385093e-007
1.61610908282e-008	-9.89573663901e-007
1.62024216537e-008	-1.1414022083e-006
1.62437524792e-008	-9.31855481667e-007
1.62850833047e-008	-4.60997910068e-007
1.63264141302e-008	5.36862216904e-008
1.63677449558e-008	4.14743055899e-007
1.64090757813e-008	5.58996077871e-007
1.64504066068e-008	5.64434344597e-007
1.64917374323e-008	5.54279040443e-007
1.65330682578e-008	5.80437131248e-007
1.65743990834e-008	5.76585875933e-007
1.66157299089e-008	4.16639466039e-007
1.66570607344e-008	3.62571768164e-008
1.66983915599e-008	-4.82669236135e-007
1.67397223854e-008	-9.30643636821e-007
1.67810532109e-008	-1.09357722522e-006
1.68223840365e-008	-8.93116862244e-007
1.6863714862e-008	-4.38047209173e-007
1.69050456875e-008	5.00649548485e-008
1.6946376513e-008	3.80745348139e-007
1.69877073385e-008	5.03134970131e-007
1.70290381641e-008	5.02343425524e-007
1.70703689896e-008	5.0166102028e-007
1.71116998151e-008	5.47142121832e-007
1.71530306406e-008	5.64800131997e-007
1.71943614661e-008	4.26257258823e-007
1.72356922917e-008	6.85421355229e-008
1.72770231172e-008	-4.24568611379e-007
1.73183539427e-008	-8.49637785905e-007
1.73596847682e-008	-1.00775503142e-006
1.74010155937e-008	-8.32211526358e-007
1.74423464192e-008	-4.26148574206e-007
1.74836772448e-008	1.16921228255e-008
1.75250080703e-008	3.15713919008e-007
1.75663388958e-008	4.429348337e-007
1.76076697213e-008	4.67109998681e-007
1.76490005468e-008	4.8906616712e-007
1.76903313724e-008	5.38530912308e-007
1.77316621979e-008	5.44550516679e-007
1.77729930234e-008	3.98944052904e-007
1.78143238489e-008	6.10757524555e-008
1.78556546744e-008	-3.8219519638e-007
1.78969854999e-008	-7.53791482566e-007
1.79383163255e-008	-8.92664900221e-007
1.7979647151e-008	-7.51889842832e-007
1.80209779765e-008	-4.1866508127e-007
1.8062308802e-008	-5.01110548612e-008
1.81036396275e-008	2.25994824632e-007
1.81449704531e-008	3.76342512709e-007
1.81863012786e-008	4.49820731774e-007
1.82276321041e-008	5.06781759668e-007
1.82689629296e-008	5.50906065655e-007
1.83102937551e-008	5.2035642284e-007
1.83516245806e-008	3.46114518379e-007
1.83929554062e-008	2.51736764767e-008
1.84342862317e-008	-3.53826294486e-007
1.84756170572e-008	-6.52393964629e-007
1.85169478827e-008	-7.61072499245e-007
1.85582787082e-008	-6.57892314848e-007
1.85996095338e-008	-4.10146355989e-007
1.86409403593e-008	-1.23737038393e-007
1.86822711848e-008	1.21690732158e-007
1.87236020103e-008	3.04823799979e-007
1.87649328358e-008	4.42209284301e-007
1.88062636614e-008	5.41956524103e-007
1.88475944869e-008	5.75553713134e-007
1.88889253124e-008	4.9555063697e-007
1.89302561379e-008	2.82050734768e-007
1.89715869634e-008	-2.51516780736e-008
1.90129177889e-008	-3.36186076311e-007
1.90542486145e-008	-5.54824055143e-007
1.909557944e-008	-6.26803625892e-007
1.91369102655e-008	-5.58520241611e-007
1.9178241091e-008	-3.98248687361e-007
1.92195719165e-008	-1.97763199594e-007
1.92609027421e-008	1.563631713e-008
1.93022335676e-008	2.3352623657e-007
1.93435643931e-008	4.37249696006e-007
1.93848952186e-008	5.79807476697e-007
1.94262260441e-008	6.01856470439e-007
1.94675568696e-008	4.72424403597e-007
1.95088876952e-008	2.19523258238e-007
1.95502185207e-008	-7.67204255681e-008
1.95915493462e-008	-3.24659822581e-007
1.96328801717e-008	-4.67137596161e-007
1.96742109972e-008	-5.01841839196e-007
1.97155418228e-008	-4.63483218027e-007
1.97568726483e-008	-3.83573109275e-007
1.97982034738e-008	-2.62448338617e-007
1.98395342993e-008	-7.88953684605e-008
1.98808651248e-008	1.6869000774e-007
1.99221959503e-008	4.28729094892e-007
1.99635267759e-008	6.07092374594e-007
2.00048576014e-008	6.20300397713e-007
2.00461884269e-008	4.51559202475e-007
2.00875192524e-008	1.67851169408e-007
2.01288500779e-008	-1.18060313525e-007
2.01701809035e-008	-3.13003454266e-007
2.0211511729e-008	-3.91909594555e-007
2.02528425545e-008	-3.96143178705e-007
2.029417338e-008	-3.83058250009e-007
2.03355042055e-008	-3.68374458048e-007
2.03768350311e-008	-3.10275964921e-007
2.04181658566e-008	-1.51149720296e-007
2.04594966821e-008	1.15450490057e-007
2.05008275076e-008	4.13077003714e-007
2.05421583331e-008	6.15624912825e-007
2.05834891586e-008	6.23818209533e-007
2.06248199842e-008	4.31437456427e-007
2.06661508097e-008	1.31760998556e-007
2.07074816352e-008	-1.40978329455e-007
2.07488124607e-008	-2.94828453207e-007
2.07901432862e-008	-3.2972320696e-007
2.08314741118e-008	-3.16728772987e-007
2.08728049373e-008	-3.24668093299e-007
2.09141357628e-008	-3.54538855163e-007
2.09554665883e-008	-3.36838667181e-007
2.09967974138e-008	-1.95223890387e-007
2.10381282393e-008	7.72484725076e-008
2.10794590649e-008	3.90129685002e-007
2.11207898904e-008	6.01751935392e-007
2.11621207159e-008	6.07562810728e-007
2.12034515414e-008	4.08851150269e-007
2.12447823669e-008	1.1252461718e-007
2.12861131925e-008	-1.40266081416e-007
2.1327444018e-008	-2.65491280516e-007
2.13687748435e-008	-2.79776600109e-007
2.1410105669e-008	-2.66207422328e-007
2.14514364945e-008	-2.91190417556e-007
2.14927673201e-008	-3.43265185165e-007
2.15340981456e-008	-3.42717015656e-007
2.15754289711e-008	-2.10615127116e-007
2.16167597966e-008	5.5885806205e-008
2.16580906221e-008	3.61906558055e-007
2.16994214476e-008	5.66093319776e-007
2.17407522732e-008	5.69744202039e-007
2.17820830987e-008	3.81610504974e-007
2.18234139242e-008	1.09537580784e-007
2.18647447497e-008	-1.15374660936e-007
2.19060755752e-008	-2.23893636075e-007
2.19474064008e-008	-2.40766382831e-007
2.19887372263e-008	-2.42466057898e-007
2.20300680518e-008	-2.80931061525e-007
2.20713988773e-008	-3.36130824508e-007
2.21127297028e-008	-3.3171804148e-007
2.21540605283e-008	-2.00307226805e-007
2.21953913539e-008	5.16257046002e-008
2.22367221794e-008	3.31421688315e-007
2.22780530049e-008	5.11837697559e-007
2.23193838304e-008	5.1225470088e-007
2.23607146559e-008	3.49418655787e-007
2.24020454815e-008	1.19738842841e-007
2.2443376307e-008	-7.0602084179e-008
2.24847071325e-008	-1.72591484215e-007
2.2526037958e-008	-2.10012871094e-007
2.25673687835e-008	-2.39013161263e-007
2.2608699609e-008	-2.89302136025e-007
2.26500304346e-008	-3.33796492669e-007
2.26913612601e-008	-3.08908511215e-007
2.27326920856e-008	-1.6997921648e-007
2.27740229111e-008	6.19209572505e-008
2.28153537366e-008	3.00371794992e-007
2.28566845622e-008	4.44256357923e-007
2.28980153877e-008	4.40845781213e-007
2.29393462132e-008	3.13939779062e-007
2.29806770387e-008	1.38593321708e-007
2.30220078642e-008	-1.36724906952e-008
2.30633386898e-008	-1.15507390319e-007
2.31046695153e-008	-1.84199890896e-007
2.31460003408e-008	-2.4832840495e-007
2.31873311663e-008	-3.10176403673e-007
2.32286619918e-008	-3.35572565291e-007
2.32699928173e-008	-2.79341122678e-007
2.33113236429e-008	-1.27131016825e-007
2.33526544684e-008	8.13015503809e-008
2.33939852939e-008	2.69699057753e-007
2.34353161194e-008	3.70870338884e-007
2.34766469449e-008	3.64027243904e-007
2.35179777705e-008	2.77664327086e-007
2.3559308596e-008	1.60449928899e-007
2.36006394215e-008	4.67270240279e-008
2.3641970247e-008	-5.74976866119e-008
2.36833010725e-008	-1.61443821867e-007
2.3724631898e-008	-2.63419508428e-007
2.37659627236e-008	-3.36178004545e-007
2.38072935491e-008	-3.38549853041e-007
2.38486243746e-008	-2.46817933203e-007
2.38899552001e-008	-8.04241722108e-008
2.39312860256e-008	1.02738511032e-007
2.39726168512e-008	2.40009228492e-007
2.40139476767e-008	2.99477164845e-007
2.40552785022e-008	2.90120595992e-007
2.40966093277e-008	2.42842588705e-007
2.41379401532e-008	1.80637215408e-007
2.41792709788e-008	1.03000189711e-007
2.42206018043e-008	-3.88621401726e-009
2.42619326298e-008	-1.41182724178e-007
2.43032634553e-008	-2.78086503158e-007
2.43445942808e-008	-3.5925438624e-007
2.43859251063e-008	-3.38697333291e-007
2.44272559319e-008	-2.15146414462e-007
2.44685867574e-008	-3.8636926547e-008
2.45099175829e-008	1.1967514979e-007
2.45512484084e-008	2.1180264298e-007
2.45925792339e-008	2.36254834363e-007
2.46339100595e-008	2.25864866366e-007
2.4675240885e-008	2.124155003e-007
2.47165717105e-008	1.96827343757e-007
2.4757902536e-008	1.49281135009e-007
2.47992333615e-008	3.9842490196e-008
2.4840564187e-008	-1.24443459981e-007
2.48818950126e-008	-2.8740697644e-007
2.49232258381e-008	-3.72261808934e-007
2.49645566636e-008	-3.328137268e-007
2.50058874891e-008	-1.87451931311e-007
2.50472183146e-008	-8.065626389e-009
2.50885491402e-008	1.27784744564e-007
2.51298799657e-008	1.85085198723e-007
2.51712107912e-008	1.84795197811e-007
2.52125416167e-008	1.75989242734e-007
2.52538724422e-008	1.89338067003e-007
2.52952032677e-008	2.08075732644e-007
2.53365340933e-008	1.81033541935e-007
2.53778649188e-008	6.89906869411e-008
2.54191957443e-008	-1.11923512236e-007
2.54605265698e-008	-2.87587397452e-007
2.55018573953e-008	-3.70555994778e-007
2.55431882209e-008	-3.19094397128e-007
2.55845190464e-008	-1.65181461398e-007
2.56258498719e-008	8.40989855533e-009
2.56671806974e-008	1.24434990312e-007
2.57085115229e-008	1.58614184897e-007
2.57498423485e-008	1.45990597389e-007
2.5791173174e-008	1.43202839809e-007
2.58325039995e-008	1.76014651743e-007
2.5873834825e-008	2.14319953784e-007
2.59151656505e-008	1.95937360559e-007
2.5956496476e-008	8.16544059035e-008
2.59978273016e-008	-1.03361031734e-007
2.60391581271e-008	-2.77231066548e-007
2.60804889526e-008	-3.53248850615e-007
2.61218197781e-008	-2.97225085433e-007
2.61631506036e-008	-1.48212436102e-007
2.62044814292e-008	1.06333288841e-008
2.62458122547e-008	1.08567249413e-007
2.62871430802e-008	1.31158742533e-007
2.63284739057e-008	1.19735801718e-007
2.63698047312e-008	1.28318291104e-007
2.64111355567e-008	1.73080749732e-007
2.64524663823e-008	2.15509913915e-007
2.64937972078e-008	1.94218429783e-007
2.65351280333e-008	7.88503768945e-008
2.65764588588e-008	-9.84068435628e-008
2.66177896843e-008	-2.57626993516e-007
2.66591205099e-008	-3.2216317436e-007
2.67004513354e-008	-2.67660510644e-007
2.67417821609e-008	-1.35046064997e-007
2.67831129864e-008	3.27986526827e-010
2.68244438119e-008	8.10748161939e-008
2.68657746375e-008	1.02609320152e-007
2.6907105463e-008	1.04772517773e-007
2.69484362885e-008	1.29199207777e-007
2.6989767114e-008	1.7854398493e-007
2.70310979395e-008	2.11932174921e-007
2.7072428765e-008	1.7908617167e-007
2.71137595906e-008	6.38747508219e-008
2.71550904161e-008	-9.65177804346e-008
2.71964212416e-008	-2.31351734215e-007
2.72377520671e-008	-2.80516474049e-007
2.72790828926e-008	-2.31744508028e-007
2.73204137182e-008	-1.24777102428e-007
2.73617445437e-008	-1.98862721845e-008
2.74030753692e-008	4.48474963832e-008
2.74444061947e-008	7.4049140153e-008
2.74857370202e-008	9.89181216937e-008
2.75270678457e-008	1.4121334857e-007
2.75683986713e-008	1.89244232729e-007
2.76097294968e-008	2.05030090683e-007
2.76510603223e-008	1.55320492468e-007
2.76923911478e-008	4.10134077811e-008
2.77337219733e-008	-9.71023865759e-008
2.77750527989e-008	-2.01334515282e-007
2.78163836244e-008	-2.32531107258e-007
2.78577144499e-008	-1.92536219856e-007
2.78990452754e-008	-1.17197458849e-007
2.79403761009e-008	-4.6183458835e-008
2.79817069264e-008	4.92484275583e-009
2.8023037752e-008	4.75527741628e-008
2.80643685775e-008	9.90202408957e-008
2.8105699403e-008	1.58645093506e-007
2.81470302285e-008	2.01733257654e-007
2.8188361054e-008	1.96040616629e-007
2.82296918796e-008	1.27418971374e-007
2.82710227051e-008	1.46326897266e-008
2.83123535306e-008	-9.86251933455e-008
2.83536843561e-008	-1.69785124626e-007
2.83950151816e-008	-1.82937597515e-007
2.84363460072e-008	-1.5406739351e-007
2.84776768327e-008	-1.12186683054e-007
2.85190076582e-008	-7.38298098213e-008
2.85603384837e-008	-3.3240638686e-008
2.86016693092e-008	2.45282905098e-008
2.86430001347e-008	1.01562143584e-007
2.86843309603e-008	1.7620314452e-007
2.87256617858e-008	2.12762515162e-007
2.87669926113e-008	1.8557662429e-007
2.88083234368e-008	9.92850175408e-008
2.88496542623e-008	-1.04925135247e-008
2.88909850879e-008	-9.85050405689e-008
2.89323159134e-008	-1.38493120971e-007
2.89736467389e-008	-1.36968139941e-007
2.90149775644e-008	-1.20701287187e-007
2.90563083899e-008	-1.09489448619e-007
2.90976392154e-008	-9.85177024404e-008
2.9138970041e-008	-6.52727578654e-008
2.91803008665e-008	6.17940543179e-009
2.9221631692e-008	1.04296780989e-007
2.92629625175e-008	1.90005479794e-007
2.9304293343e-008	2.19338105012e-007
2.93456241686e-008	1.7346627601e-007
2.93869549941e-008	7.39849070897e-008
2.94282858196e-008	-2.9940409263e-008
2.94696166451e-008	-9.45651947859e-008
2.95109474706e-008	-1.09559394446e-007
2.95522782961e-008	-9.90538069345e-008
2.95936091217e-008	-9.52926413333e-008
2.96349399472e-008	-1.08383673592e-007
2.96762707727e-008	-1.17265543054e-007
2.97176015982e-008	-8.82520510004e-008
2.97589324237e-008	-6.25837515145e-009
2.98002632493e-008	1.06110469744e-007
2.98415940748e-008	1.97143592118e-007
2.98829249003e-008	2.18501341465e-007
2.99242557258e-008	1.5913263951e-007
2.99655865513e-008	5.40694173878e-008
3.00069173769e-008	-4.03236981583e-008
3.00482482024e-008	-8.5539227257e-008
3.00895790279e-008	-8.44788345944e-008
3.01309098534e-008	-7.14914847322e-008
3.01722406789e-008	-7.90386920357e-008
3.02135715044e-008	-1.08736088578e-007
3.025490233e-008	-1.29001762161e-007
3.02962331555e-008	-1.00775949363e-007
3.0337563981e-008	-1.18653247227e-008
3.03788948065e-008	1.06506078623e-007
3.0420225632e-008	1.95691086446e-007
3.04615564576e-008	2.08682919833e-007
3.05028872831e-008	1.43001884112e-007
3.05442181086e-008	4.13080982753e-008
3.05855489341e-008	-4.03894659939e-008
3.06268797596e-008	-7.16000982948e-008
3.06682105851e-008	-6.3940376549e-008
3.07095414107e-008	-5.46430101167e-008
3.07508722362e-008	-7.2158933051e-008
3.07922030617e-008	-1.10830626454e-007
3.08335338872e-008	-1.33751683506e-007
3.08748647127e-008	-1.02323042483e-007
3.09161955383e-008	-1.02369170918e-008
3.09575263638e-008	1.0510042614e-007
3.09988571893e-008	1.85143164799e-007
3.10401880148e-008	1.90219097362e-007
3.10815188403e-008	1.25816086438e-007
3.11228496659e-008	3.56554892278e-008
3.11641804914e-008	-3.12030721261e-008
3.12055113169e-008	-5.35625375164e-008
3.12468421424e-008	-4.75019348301e-008
3.12881729679e-008	-4.73537902224e-008
3.13295037934e-008	-7.38807273137e-008
3.1370834619e-008	-1.14552591413e-007
3.14121654445e-008	-1.31841332518e-007
3.145349627e-008	-9.36909714255e-008
3.14948270955e-008	-2.64152788532e-009
3.1536157921e-008	1.01224657101e-007
3.15774887466e-008	1.66558265846e-007
3.16188195721e-008	1.65120354723e-007
3.16601503976e-008	1.08460447734e-007
3.17014812231e-008	3.59063818678e-008
3.17428120486e-008	-1.48466980932e-008
3.17841428741e-008	-3.23629834043e-008
3.18254736997e-008	-3.44295543186e-008
3.18668045252e-008	-4.79768509365e-008
3.19081353507e-008	-8.25596089271e-008
3.19494661762e-008	-1.19175709301e-007
3.19907970017e-008	-1.24150275838e-007
3.20321278273e-008	-7.74350326083e-008
3.20734586528e-008	8.50273806918e-009
3.21147894783e-008	9.49928988803e-008
3.21561203038e-008	1.42661590985e-007
3.21974511293e-008	1.36370957193e-007
3.22387819548e-008	9.16674167684e-008
3.22801127804e-008	4.02282367418e-008
3.23214436059e-008	6.07196426472e-009
3.23627744314e-008	-9.73960823103e-009
3.24041052569e-008	-2.46075693155e-008
3.24454360824e-008	-5.44607772213e-008
3.2486766908e-008	-9.53221928057e-008
3.25280977335e-008	-1.23063642832e-007
3.2569428559e-008	-1.12112815032e-007
3.26107593845e-008	-5.71116345327e-008
3.265209021e-008	2.07109422945e-008
3.26934210356e-008	8.70365184369e-008
3.27347518611e-008	1.16420736163e-007
3.27760826866e-008	1.06612155548e-007
3.28174135121e-008	7.60093570307e-008
3.28587443376e-008	4.70804053521e-008
3.29000751631e-008	2.88037469431e-008
3.29414059887e-008	1.20883285604e-008
3.29827368142e-008	-1.80524253324e-008
3.30240676397e-008	-6.40716564249e-008
3.30653984652e-008	-1.0847043086e-007
3.31067292907e-008	-1.24791711187e-007
3.31480601163e-008	-9.78566561116e-008
3.31893909418e-008	-3.64633550021e-008
3.32307217673e-008	3.16570023529e-008
3.32720525928e-008	7.78708937332e-008
3.33133834183e-008	9.02977674855e-008
3.33547142438e-008	7.85829712413e-008
3.33960450694e-008	6.28394474234e-008
3.34373758949e-008	5.54226886607e-008
3.34787067204e-008	5.04217041453e-008
3.35200375459e-008	3.04330214362e-008
3.35613683714e-008	-1.4700582085e-008
3.3602699197e-008	-7.38969987424e-008
3.36440300225e-008	-1.18912936387e-007
3.3685360848e-008	-1.23682127651e-007
3.37266916735e-008	-8.33155482383e-008
3.3768022499e-008	-1.81665313903e-008
3.38093533246e-008	3.97077712933e-008
3.38506841501e-008	6.7693491701e-008
3.38920149756e-008	6.62298731413e-008
3.39333458011e-008	5.48603829031e-008
3.39746766266e-008	5.35174962124e-008
3.40160074521e-008	6.40023216647e-008
3.40573382777e-008	6.78580462932e-008
3.40986691032e-008	4.31404316714e-008
3.41399999287e-008	-1.39632945206e-008
3.41813307542e-008	-8.142889385e-008
3.42226615797e-008	-1.24467973706e-007
3.42639924053e-008	-1.19252490549e-007
3.43053232308e-008	-6.9536447711e-008
3.43466540563e-008	-4.02495459184e-009
3.43879848818e-008	4.32789377669e-008
3.44293157073e-008	5.61963346968e-008
3.44706465328e-008	4.56539623883e-008
3.45119773584e-008	3.75544111364e-008
3.45533081839e-008	4.88080473815e-008
3.45946390094e-008	7.15334280699e-008
3.46359698349e-008	7.92106291669e-008
3.46773006604e-008	4.95306409221e-008
3.4718631486e-008	-1.50463037585e-008
3.47599623115e-008	-8.53945891777e-008
3.4801293137e-008	-1.24229160292e-007
3.48426239625e-008	-1.11295250349e-007
3.4883954788e-008	-5.70800082755e-008
3.49252856135e-008	4.68766359063e-009
3.49666164391e-008	4.12119192106e-008
3.50079472646e-008	4.35212079708e-008
3.50492780901e-008	2.99648483804e-008
3.50906089156e-008	2.7860798113e-008
3.51319397411e-008	4.85571405306e-008
3.51732705667e-008	7.70271384454e-008
3.52146013922e-008	8.39110469997e-008
3.52559322177e-008	4.97127672361e-008
3.52972630432e-008	-1.76546208763e-008
3.53385938687e-008	-8.56293311813e-008
3.53799246943e-008	-1.18034435559e-007
3.54212555198e-008	-9.9597365022e-008
3.54625863453e-008	-4.61883402636e-008
3.55039171708e-008	7.42004147014e-009
3.55452479963e-008	3.34919079137e-008
3.55865788218e-008	3.03743625807e-008
3.56279096474e-008	1.9712775412e-008
3.56692404729e-008	2.52827625502e-008
3.57105712984e-008	5.17640614817e-008
3.57519021239e-008	8.01407367135e-008
3.57932329494e-008	8.24649788456e-008
3.5834563775e-008	4.44284964374e-008
3.58758946005e-008	-2.14553708133e-008
3.5917225426e-008	-8.21490075964e-008
3.59585562515e-008	-1.06063495764e-007
3.5999887077e-008	-8.47134984383e-008
3.60412179025e-008	-3.74887818566e-008
3.60825487281e-008	4.3096264335e-009
3.61238795536e-008	2.1195809552e-008
3.61652103791e-008	1.76795076356e-008
3.62065412046e-008	1.44004914659e-008
3.62478720301e-008	2.83317067584e-008
3.62892028557e-008	5.74568517209e-008
3.63305336812e-008	8.12198237554e-008
3.63718645067e-008	7.60965548352e-008
3.64131953322e-008	3.47706645698e-008
3.64545261577e-008	-2.59587125129e-008
3.64958569832e-008	-7.52774695911e-008
3.65371878088e-008	-8.95733762718e-008
3.65785186343e-008	-6.81837235561e-008
3.66198494598e-008	-3.14225125919e-008
3.66611802853e-008	-3.28401128513e-009
3.67025111108e-008	6.36156372025e-009
3.67438419364e-008	6.23261797728e-009
3.67851727619e-008	1.29897124168e-008
3.68265035874e-008	3.52412499183e-008
3.68678344129e-008	6.45444728775e-008
3.69091652384e-008	8.03722670639e-008
3.6950496064e-008	6.58836682987e-008
3.69918268895e-008	2.22527916094e-008
3.7033157715e-008	-3.01318934248e-008
3.70744885405e-008	-6.55023555396e-008
3.7115819366e-008	-7.0525103979e-008
3.71571501915e-008	-5.17751601592e-008
3.71984810171e-008	-2.78010396926e-008
3.72398118426e-008	-1.33479005626e-008
3.72811426681e-008	-9.0478771142e-009
3.73224734936e-008	-3.64762797744e-009
3.73638043191e-008	1.42184966023e-008
3.74051351447e-008	4.41810144025e-008
3.74464659702e-008	7.16458785632e-008
3.74877967957e-008	7.7514918928e-008
3.75291276212e-008	5.33281117043e-008
3.75704584467e-008	9.19308007497e-009
3.76117892722e-008	-3.27077103179e-008
3.76531200978e-008	-5.38445696918e-008
3.76944509233e-008	-5.13455375994e-008
3.77357817488e-008	-3.71633070984e-008
3.77771125743e-008	-2.62461234968e-008
3.78184433998e-008	-2.41350690544e-008
3.78597742254e-008	-2.34318768833e-008
3.79011050509e-008	-1.14244684823e-008
3.79424358764e-008	1.73248650981e-008
3.79837667019e-008	5.34756168236e-008
3.80250975274e-008	7.72071899746e-008
3.8066428353e-008	7.25607662844e-008
3.81077591785e-008	4.02257533949e-008
3.8149090004e-008	-2.22998863819e-009
3.81904208295e-008	-3.3097634855e-008
3.8231751655e-008	-4.17352303828e-008
3.82730824805e-008	-3.40834311885e-008
3.83144133061e-008	-2.53281076112e-008
3.83557441316e-008	-2.62930193173e-008
3.83970749571e-008	-3.42577521906e-008
3.84384057826e-008	-3.52665345815e-008
3.84797366081e-008	-1.63449485058e-008
3.85210674337e-008	2.16224869121e-008
3.85623982592e-008	6.11891053381e-008
3.86037290847e-008	7.96141961246e-008
3.86450599102e-008	6.56984298075e-008
3.86863907357e-008	2.82947070218e-008
3.87277215612e-008	-1.03938369023e-008
3.87690523868e-008	-3.10706340656e-008
3.88103832123e-008	-3.01107014877e-008
3.88517140378e-008	-1.98659328987e-008
3.88930448633e-008	-1.69582854426e-008
3.89343756888e-008	-2.78598690784e-008
3.89757065144e-008	-4.2835345937e-008
3.90170373399e-008	-4.33303277703e-008
3.90583681654e-008	-1.79022343616e-008
3.90996989909e-008	2.61389381251e-008
3.91410298164e-008	6.5720882958e-008
3.91823606419e-008	7.81893305657e-008
3.92236914675e-008	5.76989620527e-008
3.9265022293e-008	1.88515763e-008
3.93063531185e-008	-1.45927394612e-008
3.9347683944e-008	-2.67114614871e-008
3.93890147695e-008	-1.9543069385e-008
3.94303455951e-008	-9.45943945396e-009
3.94716764206e-008	-1.26708084025e-008
3.95130072461e-008	-3.093952472e-008
3.95543380716e-008	-4.90086797811e-008
3.95956688971e-008	-4.66606309146e-008
3.96369997227e-008	-1.60719331177e-008
3.96783305482e-008	3.00118969676e-008
3.97196613737e-008	6.63531665168e-008
3.97609921992e-008	7.30359204226e-008
3.98023230247e-008	4.91037113193e-008
3.98436538502e-008	1.22079661935e-008
3.98849846758e-008	-1.48309524661e-008
3.99263155013e-008	-2.01513401521e-008
3.99676463268e-008	-1.02756985143e-008
4.00089771523e-008	-3.23373861022e-009
4.00503079778e-008	-1.25540600138e-008
4.00916388034e-008	-3.49363453722e-008
4.01329696289e-008	-5.19915346331e-008
4.01743004544e-008	-4.52353923208e-008
4.02156312799e-008	-1.17135812161e-008
4.02569621054e-008	3.2485107937e-008
4.02982929309e-008	6.31722372191e-008
4.03396237565e-008	6.47485123295e-008
4.0380954582e-008	4.03076541033e-008
4.04222854075e-008	8.32643820559e-009
4.0463616233e-008	-1.12818767661e-008
4.05049470585e-008	-1.1597776961e-008
4.05462778841e-008	-2.57398546921e-009
4.05876087096e-008	-1.20754428679e-009
4.06289395351e-008	-1.60765054602e-008
4.06702703606e-008	-3.91229129093e-008
4.07116011861e-008	-5.17854523707e-008
4.07529320117e-008	-4.00092687869e-008
4.07942628372e-008	-5.78112846483e-009
4.08355936627e-008	3.35190790679e-008
4.08769244882e-008	5.69766811509e-008
4.09182553137e-008	5.41675220234e-008
4.09595861392e-008	3.16438288905e-008
4.10009169648e-008	7.08082836809e-009
4.10422477903e-008	-4.5329109355e-009
4.10835786158e-008	-1.93946547711e-009
4.11249094413e-008	3.02831182353e-009
4.11662402668e-008	-2.88991586217e-009
4.12075710924e-008	-2.1940856243e-008
4.12489019179e-008	-4.26727275737e-008
4.12902327434e-008	-4.88376272756e-008
4.13315635689e-008	-3.21626636435e-008
4.13728943944e-008	9.2437346666e-010
4.14142252199e-008	3.32549525695e-008
4.14555560455e-008	4.84705324766e-008
4.1496886871e-008	4.20702122028e-008
4.15382176965e-008	2.3619193712e-008
4.1579548522e-008	8.25520451997e-009
4.16208793475e-008	4.3538577188e-009
4.16622101731e-008	7.61611573807e-009
4.17035409986e-008	6.38334540781e-009
4.17448718241e-008	-7.00203450776e-009
4.17862026496e-008	-2.85712165038e-008
4.18275334751e-008	-4.50910420113e-008
4.18688643006e-008	-4.40167511329e-008
4.19101951262e-008	-2.30576198135e-008
4.19515259517e-008	7.51470352611e-009
4.19928567772e-008	3.16161319347e-008
4.20341876027e-008	3.84462985892e-008
4.20755184282e-008	2.97528579551e-008
4.21168492538e-008	1.71149103778e-008
4.21581800793e-008	1.14411662366e-008
4.21995109048e-008	1.38929845406e-008
4.22408417303e-008	1.59067194971e-008
4.22821725558e-008	7.71120589604e-009
4.23235033814e-008	-1.22715295703e-008
4.23648342069e-008	-3.48567894548e-008
4.24061650324e-008	-4.623537464e-008
4.24474958579e-008	-3.79969904429e-008
4.24888266834e-008	-1.36884565904e-008
4.25301575089e-008	1.3170062374e-008
4.25714883345e-008	2.85327317329e-008
4.261281916e-008	2.78921721275e-008
4.26541499855e-008	1.8665218704e-008
4.2695480811e-008	1.27229071722e-008
4.27368116365e-008	1.57333310824e-008
4.27781424621e-008	2.25257963393e-008
4.28194732876e-008	2.20872546919e-008
4.28608041131e-008	7.42320693803e-009
4.29021349386e-008	-1.76048811085e-008
4.29434657641e-008	-3.98258670486e-008
4.29847965896e-008	-4.57013129562e-008
4.30261274152e-008	-3.11690122601e-008
4.30674582407e-008	-5.11678521775e-009
4.31087890662e-008	1.68538960565e-008
4.31501198917e-008	2.39692514725e-008
4.31914507172e-008	1.78869754563e-008
4.32327815428e-008	9.9282067012e-009
4.32741123683e-008	1.05436175346e-008
4.33154431938e-008	2.02637622237e-008
4.33567740193e-008	2.93634450088e-008
4.33981048448e-008	2.59080792375e-008
4.34394356703e-008	5.88537751867e-009
4.34807664959e-008	-2.23074287931e-008
4.35220973214e-008	-4.27775717071e-008
4.35634281469e-008	-4.32108002713e-008
4.36047589724e-008	-2.4097936091e-008
4.36460897979e-008	1.50827972334e-009
4.36874206235e-008	1.78755570346e-008
4.3728751449e-008	1.83712582924e-008
4.37700822745e-008	9.51943590621e-009
4.38114131e-008	4.20560608561e-009
4.38527439255e-008	1.04057535921e-008
4.38940747511e-008	2.4484673844e-008
4.39354055766e-008	3.3910740882e-008
4.39767364021e-008	2.70977800199e-008
4.40180672276e-008	3.15587023181e-009
4.40593980531e-008	-2.59164405492e-008
4.41007288786e-008	-4.308616397e-008
4.41420597042e-008	-3.86590670587e-008
4.41833905297e-008	-1.73888654587e-008
4.42247213552e-008	5.52587486879e-009
4.42660521807e-008	1.62594435693e-008
