% time-domain voltage integration by openEMS v0.0.35 @Sun Mar 29 22:33:21 2020
% start-coordinates: (-0.0055,-0.001,0) m -> [20,21,16]
% stop-coordinates: (-0.0055,-0.001,0.001524) m -> [20,21,19]
% t/s	voltage
0	-0
4.13308255185e-011	2.54791763155e-006
8.26616510369e-011	9.58692589847e-006
1.23992476555e-010	3.15002071147e-005
1.65323302074e-010	9.0219788035e-005
2.06654127592e-010	0.00022385410557
2.47984953111e-010	0.000480102142319
2.89315778629e-010	0.000886863039341
3.30646604148e-010	0.00140292241122
3.71977429666e-010	0.00188532157335
4.13308255185e-010	0.0021234646556
4.54639080703e-010	0.00195839640219
4.95969906221e-010	0.00141716236249
5.3730073174e-010	0.000743566080928
5.78631557258e-010	0.000271455501206
6.19962382777e-010	0.000224395975238
6.61293208295e-010	0.00059457180032
7.02624033814e-010	0.00118000933435
7.43954859332e-010	0.0017255761195
7.85285684851e-010	0.00205644534435
8.26616510369e-010	0.00213324755896
8.67947335888e-010	0.00203522975789
9.09278161406e-010	0.00190803839359
9.50608986924e-010	0.00189111509826
9.91939812443e-010	0.00204235780984
1.03327063796e-009	0.00229071220383
1.07460146348e-009	0.0024736612686
1.115932289e-009	0.00244507251773
1.15726311452e-009	0.00218871602556
1.19859394004e-009	0.0018358072266
1.23992476555e-009	0.00156585563673
1.28125559107e-009	0.00147448631469
1.32258641659e-009	0.00152122101281
1.36391724211e-009	0.00158922787523
1.40524806763e-009	0.0015886615729
1.44657889315e-009	0.00151760765584
1.48790971866e-009	0.00144635979086
1.52924054418e-009	0.00145405542571
1.5705713697e-009	0.0015660575591
1.61190219522e-009	0.00173226377228
1.65323302074e-009	0.0018545355997
1.69456384626e-009	0.00184833625099
1.73589467178e-009	0.0016958140186
1.77722549729e-009	0.00145649816841
1.81855632281e-009	0.00122941189329
1.85988714833e-009	0.00109336935566
1.90121797385e-009	0.00106348507688
1.94254879937e-009	0.0010938164487
1.98387962489e-009	0.00112014607294
2.0252104504e-009	0.00111306508188
2.06654127592e-009	0.00109601367149
2.10787210144e-009	0.00111728342017
2.14920292696e-009	0.00120075294399
2.19053375248e-009	0.0013187690638
2.231864578e-009	0.00140698524774
2.27319540351e-009	0.00140826968709
2.31452622903e-009	0.00130891281879
2.35585705455e-009	0.00114267491153
2.39718788007e-009	0.000966010673437
2.43851870559e-009	0.000827589363325
2.47984953111e-009	0.000751711137127
2.52118035663e-009	0.000736270099878
2.56251118214e-009	0.000759667775128
2.60384200766e-009	0.000794767343905
2.64517283318e-009	0.000827747280709
2.6865036587e-009	0.000866656424478
2.72783448422e-009	0.000927465443965
2.76916530974e-009	0.0010069757991
2.81049613525e-009	0.00107275648043
2.85182696077e-009	0.00108309919597
2.89315778629e-009	0.00101878380519
2.93448861181e-009	0.000896215235116
2.97581943733e-009	0.000752940482926
3.01715026285e-009	0.000624720807537
3.05848108837e-009	0.000534373379196
3.09981191388e-009	0.000492690349347
3.1411427394e-009	0.000500633119373
3.18247356492e-009	0.000546455208678
3.22380439044e-009	0.000609083348536
3.26513521596e-009	0.0006705384003
3.30646604148e-009	0.000726243699319
3.34779686699e-009	0.00077919542673
3.38912769251e-009	0.000823398208013
3.43045851803e-009	0.000837445637444
3.47178934355e-009	0.00079966589692
3.51312016907e-009	0.000708310573827
3.55445099459e-009	0.000586215915973
3.59578182011e-009	0.000466008787043
3.63711264562e-009	0.000374207709683
3.67844347114e-009	0.000325343680743
3.71977429666e-009	0.000324113265378
3.76110512218e-009	0.000365552506992
3.8024359477e-009	0.000433498178609
3.84376677322e-009	0.000506383439642
3.88509759873e-009	0.000568168237805
3.92642842425e-009	0.00061429940979
3.96775924977e-009	0.000645373802399
4.00909007529e-009	0.000655446478049
4.05042090081e-009	0.000630535316304
4.09175172633e-009	0.000561274733627
4.13308255185e-009	0.000456991503597
4.17441337736e-009	0.000344917498296
4.21574420288e-009	0.000255431703408
4.2570750284e-009	0.000207354278245
4.29840585392e-009	0.000204230324016
4.33973667944e-009	0.000239319553657
4.38106750496e-009	0.000300063002214
4.42239833047e-009	0.000370772235328
4.46372915599e-009	0.000436517933849
4.50505998151e-009	0.00048765676911
4.54639080703e-009	0.000519522160175
4.58772163255e-009	0.000527480791789
4.62905245807e-009	0.000503936244058
4.67038328359e-009	0.000443374068709
4.7117141091e-009	0.000352423783625
4.75304493462e-009	0.000252265956078
4.79437576014e-009	0.000170214814716
4.83570658566e-009	0.000125573180412
4.87703741118e-009	0.000122046352772
4.9183682367e-009	0.000151323423779
4.95969906221e-009	0.000201659662707
5.00102988773e-009	0.000263142108452
5.04236071325e-009	0.000327484558511
5.08369153877e-009	0.000385546314646
5.12502236429e-009	0.000426306010922
5.16635318981e-009	0.000438305301941
5.20768401533e-009	0.000413533416577
5.24901484084e-009	0.000352314018528
5.29034566636e-009	0.000266695707978
5.33167649188e-009	0.000177997993887
5.3730073174e-009	0.000108424203063
5.41433814292e-009	7.14176221663e-005
5.45566896844e-009	6.78594187775e-005
5.49699979395e-009	8.97804966371e-005
5.53833061947e-009	0.000128524439788
5.57966144499e-009	0.000179515744094
5.62099227051e-009	0.000240019129706
5.66232309603e-009	0.000303111031826
5.70365392155e-009	0.000353712741344
5.74498474706e-009	0.000373114686226
5.78631557258e-009	0.000349244859535
5.8276463981e-009	0.000285172951408
5.86897722362e-009	0.000199722628167
5.91030804914e-009	0.000118438194477
5.95163887466e-009	6.1286804339e-005
5.99296970018e-009	3.49031643054e-005
6.03430052569e-009	3.37109622706e-005
6.07563135121e-009	4.84154570586e-005
6.11696217673e-009	7.46341684135e-005
6.15829300225e-009	0.000114659884275
6.19962382777e-009	0.000171109561052
6.24095465329e-009	0.000237709078647
6.2822854788e-009	0.00029601091228
6.32361630432e-009	0.000322324143781
6.36494712984e-009	0.000301221931295
6.40627795536e-009	0.000236429106735
6.44760878088e-009	0.000150593892613
6.4889396064e-009	7.34259938326e-005
6.53027043192e-009	2.52929639828e-005
6.57160125743e-009	8.3874037955e-006
6.61293208295e-009	1.10953617423e-005
6.65426290847e-009	2.10788712138e-005
6.69559373399e-009	3.66212398148e-005
6.73692455951e-009	6.6246080678e-005
6.77825538503e-009	0.000117684576253
6.81958621054e-009	0.000185735196283
6.86091703606e-009	0.000249241194979
6.90224786158e-009	0.000280878870399
6.9435786871e-009	0.00026323198108
6.98490951262e-009	0.000200226160814
7.02624033814e-009	0.000116233248264
7.06757116366e-009	4.24949239459e-005
7.10890198917e-009	-3.48382357629e-007
7.15023281469e-009	-1.17499689622e-005
7.19156364021e-009	-6.33116269455e-006
7.23289446573e-009	1.54810879849e-006
7.27422529125e-009	1.07383782506e-005
7.31555611677e-009	3.26386298184e-005
7.35688694228e-009	7.84358635428e-005
7.3982177678e-009	0.000144681973325
7.43954859332e-009	0.000209853569686
7.48087941884e-009	0.000245056238782
7.52221024436e-009	0.000231515063206
7.56354106988e-009	0.000172813644895
7.6048718954e-009	9.32762377488e-005
7.64620272091e-009	2.35929019254e-005
7.68753354643e-009	-1.64667003446e-005
7.72886437195e-009	-2.68042576863e-005
7.77019519747e-009	-2.15688050957e-005
7.81152602299e-009	-1.4542700228e-005
7.85285684851e-009	-7.22188383406e-006
7.89418767402e-009	1.12106502002e-005
7.93551849954e-009	5.20831363247e-005
7.97684932506e-009	0.000113540063467
8.01818015058e-009	0.000176039447979
8.0595109761e-009	0.000212072933209
8.10084180162e-009	0.000203090450668
8.14217262714e-009	0.000151494699821
8.18350345265e-009	7.93152612459e-005
8.22483427817e-009	1.45417648127e-005
8.26616510369e-009	-2.47888619924e-005
8.30749592921e-009	-3.76928337573e-005
8.34882675473e-009	-3.53983805326e-005
8.39015758025e-009	-2.91414025924e-005
8.43148840576e-009	-2.05492046916e-005
8.47281923128e-009	-1.55162501869e-006
8.5141500568e-009	3.64604293281e-005
8.55548088232e-009	9.15408272704e-005
8.59681170784e-009	0.000147370028571
8.63814253336e-009	0.000180858751264
8.67947335888e-009	0.000176010180439
8.72080418439e-009	0.000133914960315
8.76213500991e-009	7.2030503361e-005
8.80346583543e-009	1.31736705953e-005
8.84479666095e-009	-2.68691192105e-005
8.88612748647e-009	-4.50982506663e-005
8.92745831199e-009	-4.79561313114e-005
8.9687891375e-009	-4.28097009717e-005
9.01011996302e-009	-3.11350522679e-005
9.05145078854e-009	-8.6309978542e-006
9.09278161406e-009	2.86654867523e-005
9.13411243958e-009	7.71359846112e-005
9.1754432651e-009	0.000123772697407
9.21677409061e-009	0.000151787942741
9.25810491613e-009	0.000149834129843
9.29943574165e-009	0.000118335650768
9.34076656717e-009	6.87891715643e-005
9.38209739269e-009	1.7082206341e-005
9.42342821821e-009	-2.40897306867e-005
9.46475904373e-009	-4.92364979436e-005
9.50608986924e-009	-5.89380251768e-005
9.54742069476e-009	-5.55321548745e-005
9.58875152028e-009	-3.99957561967e-005
9.6300823458e-009	-1.22407964227e-005
9.67141317132e-009	2.59019898294e-005
9.71274399684e-009	6.8234407081e-005
9.75407482235e-009	0.000104810675111
9.79540564787e-009	0.000125767688587
9.83673647339e-009	0.000125343198306
9.87806729891e-009	0.000103928141471
9.91939812443e-009	6.7198445322e-005
9.96072894995e-009	2.36531905102e-005
1.00020597755e-008	-1.80009606083e-005
1.0043390601e-008	-5.02908078488e-005
1.00847214265e-008	-6.76465751894e-005
1.0126052252e-008	-6.67614203849e-005
1.01673830775e-008	-4.75533397548e-005
1.02087139031e-008	-1.41365403579e-005
1.02500447286e-008	2.5682593332e-005
1.02913755541e-008	6.27702793281e-005
1.03327063796e-008	8.98862817849e-005
1.03740372051e-008	0.000103590362414
1.04153680307e-008	0.000103551377833
1.04566988562e-008	9.06215955183e-005
1.04980296817e-008	6.57362688798e-005
1.05393605072e-008	3.05320354528e-005
1.05806913327e-008	-1.04811895199e-005
1.06220221582e-008	-4.87442612211e-005
1.06633529838e-008	-7.33199049137e-005
1.07046838093e-008	-7.54897064326e-005
1.07460146348e-008	-5.37611031177e-005
1.07873454603e-008	-1.56538199008e-005
1.08286762858e-008	2.58496784227e-005
1.08700071114e-008	5.89339051658e-005
1.09113379369e-008	7.83488612797e-005
1.09526687624e-008	8.57116629049e-005
1.09939995879e-008	8.52806024341e-005
1.10353304134e-008	7.87883873272e-005
1.10766612389e-008	6.36429049337e-005
1.11179920645e-008	3.60230596925e-005
1.115932289e-008	-3.31769797413e-006
1.12006537155e-008	-4.54264054497e-005
1.1241984541e-008	-7.55231740186e-005
1.12833153665e-008	-8.0737461758e-005
1.13246461921e-008	-5.8240349972e-005
1.13659770176e-008	-1.75883687916e-005
1.14073078431e-008	2.48217465924e-005
1.14486386686e-008	5.52467445232e-005
1.14899694941e-008	6.93871243129e-005
1.15313003196e-008	7.21923624951e-005
1.15726311452e-008	7.11571337888e-005
1.16139619707e-008	6.89031730872e-005
1.16552927962e-008	6.06933936069e-005
1.16966236217e-008	3.906042366e-005
1.17379544472e-008	2.14031126688e-006
1.17792852728e-008	-4.12079753005e-005
1.18206160983e-008	-7.42896554584e-005
1.18619469238e-008	-8.20103505248e-005
1.19032777493e-008	-6.05890509178e-005
1.19446085748e-008	-2.00864051294e-005
1.19859394004e-008	2.18431309804e-005
1.20272702259e-008	5.05446969328e-005
1.20686010514e-008	6.20574355708e-005
1.21099318769e-008	6.2699915361e-005
1.21512627024e-008	6.14514556219e-005
1.21925935279e-008	6.14049713477e-005
1.22339243535e-008	5.69613857806e-005
1.2275255179e-008	3.92094198105e-005
1.23165860045e-008	5.16343209256e-006
1.235791683e-008	-3.6824291783e-005
1.23992476555e-008	-7.00942746334e-005
1.24405784811e-008	-7.94322604634e-005
1.24819093066e-008	-6.05652021477e-005
1.25232401321e-008	-2.28401358982e-005
1.25645709576e-008	1.68099554685e-005
1.26059017831e-008	4.42102254965e-005
1.26472326086e-008	5.54647012905e-005
1.26885634342e-008	5.65594946238e-005
1.27298942597e-008	5.59738891752e-005
1.27712250852e-008	5.64715119253e-005
1.28125559107e-008	5.2760444305e-005
1.28538867362e-008	3.66712065443e-005
1.28952175618e-008	5.60336366107e-006
1.29365483873e-008	-3.28510413965e-005
1.29778792128e-008	-6.3790817876e-005
1.30192100383e-008	-7.35753237677e-005
1.30605408638e-008	-5.81649819651e-005
1.31018716893e-008	-2.54195547313e-005
1.31432025149e-008	1.01325897504e-005
1.31845333404e-008	3.61923302989e-005
1.32258641659e-008	4.90238307975e-005
1.32671949914e-008	5.29073058715e-005
1.33085258169e-008	5.39681750524e-005
1.33498566425e-008	5.39024094905e-005
1.3391187468e-008	4.85408381792e-005
1.34325182935e-008	3.21740635627e-005
1.3473849119e-008	3.80527058041e-006
1.35151799445e-008	-2.97264277833e-005
1.35565107701e-008	-5.63284520467e-005
1.35978415956e-008	-6.53217139188e-005
1.36391724211e-008	-5.36883417226e-005
1.36805032466e-008	-2.74517451544e-005
1.37218340721e-008	2.50581229011e-006
1.37631648976e-008	2.69669453701e-005
1.38044957232e-008	4.2513112021e-005
1.38458265487e-008	5.07680215378e-005
1.38871573742e-008	5.42987854715e-005
1.39284881997e-008	5.31778841832e-005
1.39698190252e-008	4.47656366305e-005
1.40111498508e-008	2.66981687673e-005
1.40524806763e-008	4.52918357041e-007
1.40938115018e-008	-2.75911297649e-005
1.41351423273e-008	-4.85975069751e-005
1.41764731528e-008	-5.57616458536e-005
1.42178039783e-008	-4.77655084978e-005
1.42591348039e-008	-2.8729740734e-005
1.43004656294e-008	-5.19031789281e-006
1.43417964549e-008	1.73700241248e-005
1.43831272804e-008	3.59760242645e-005
1.44244581059e-008	4.92215203849e-005
1.44657889315e-008	5.57205421501e-005
1.4507119757e-008	5.36179322808e-005
1.45484505825e-008	4.17042074332e-005
1.4589781408e-008	2.11857327486e-005
1.46311122335e-008	-3.56574935267e-006
1.46724430591e-008	-2.62578178081e-005
1.47137738846e-008	-4.12960089307e-005
1.47551047101e-008	-4.60707196908e-005
1.47964355356e-008	-4.12534700445e-005
1.48377663611e-008	-2.91827127512e-005
1.48790971866e-008	-1.20555127978e-005
1.49204280122e-008	8.35552054923e-006
1.49617588377e-008	2.95964264296e-005
1.50030896632e-008	4.75593533338e-005
1.50444204887e-008	5.71254586248e-005
1.50857513142e-008	5.44341583009e-005
1.51270821398e-008	3.93730470023e-005
1.51684129653e-008	1.63955373864e-005
1.52097437908e-008	-7.28806867301e-006
1.52510746163e-008	-2.52862437264e-005
1.52924054418e-008	-3.49046331394e-005
1.53337362673e-008	-3.73254015358e-005
1.53750670929e-008	-3.50385353158e-005
1.54163979184e-008	-2.8866386856e-005
1.54577287439e-008	-1.73964904207e-005
1.54990595694e-008	7.27737813122e-007
1.55403903949e-008	2.37013118749e-005
1.55817212205e-008	4.53948268841e-005
1.5623052046e-008	5.76521997573e-005
1.56643828715e-008	5.48419229744e-005
1.5705713697e-008	3.75791523766e-005
1.57470445225e-008	1.28705864881e-005
1.5788375348e-008	-9.85990527624e-006
1.58297061736e-008	-2.41910393015e-005
1.58710369991e-008	-2.96910593534e-005
1.59123678246e-008	-3.0322064049e-005
1.59536986501e-008	-2.98200993711e-005
1.59950294756e-008	-2.79740643236e-005
1.60363603012e-008	-2.08826595554e-005
1.60776911267e-008	-4.92581511935e-006
1.61190219522e-008	1.87012792594e-005
1.61603527777e-008	4.26386650361e-005
1.62016836032e-008	5.67304559809e-005
1.62430144288e-008	5.41673944099e-005
1.62843452543e-008	3.60431986337e-005
1.63256760798e-008	1.08932440526e-005
1.63670069053e-008	-1.07110372483e-005
1.64083377308e-008	-2.25929538828e-005
1.64496685563e-008	-2.56900957538e-005
1.64909993819e-008	-2.5407503017e-005
1.65323302074e-008	-2.6053723559e-005
1.65736610329e-008	-2.68259664153e-005
1.66149918584e-008	-2.25086109822e-005
1.66563226839e-008	-8.3045295014e-006
1.66976535095e-008	1.49545185195e-005
1.6738984335e-008	3.93871832784e-005
1.67803151605e-008	5.41032277397e-005
1.6821645986e-008	5.20165431226e-005
1.68629768115e-008	3.45153703165e-005
1.6904307637e-008	1.04704090518e-005
1.69456384626e-008	-9.67629330262e-006
1.69869692881e-008	-2.02608598556e-005
1.70283001136e-008	-2.26942470363e-005
1.70696309391e-008	-2.25533894991e-005
1.71109617646e-008	-2.39553255597e-005
1.71522925902e-008	-2.57586780208e-005
1.71936234157e-008	-2.25115290959e-005
1.72349542412e-008	-9.39714414017e-006
1.72762850667e-008	1.26330437524e-005
1.73176158922e-008	3.58254173989e-005
1.73589467178e-008	4.98654189869e-005
1.74002775433e-008	4.83601506858e-005
1.74416083688e-008	3.2816275052e-005
1.74829391943e-008	1.13049948141e-005
1.75242700198e-008	-6.96121787769e-006
1.75656008453e-008	-1.71022311406e-005
1.76069316709e-008	-2.0384171421e-005
1.76482624964e-008	-2.14564774978e-005
1.76895933219e-008	-2.34711251323e-005
1.77309241474e-008	-2.50025141213e-005
1.77722549729e-008	-2.12442323573e-005
1.78135857985e-008	-8.50871788316e-006
1.7854916624e-008	1.16491646622e-005
1.78962474495e-008	3.21673660437e-005
1.7937578275e-008	4.44263632744e-005
1.79789091005e-008	4.3480410568e-005
1.8020239926e-008	3.08134985971e-005
1.80615707516e-008	1.29294412545e-005
1.81029015771e-008	-2.99238695334e-006
1.81442324026e-008	-1.31995702759e-005
1.81855632281e-008	-1.84442019417e-005
1.82268940536e-008	-2.16465523408e-005
1.82682248792e-008	-2.42833320954e-005
1.83095557047e-008	-2.46024419539e-005
1.83508865302e-008	-1.91505268958e-005
1.83922173557e-008	-6.22855213805e-006
1.84335481812e-008	1.16971932584e-005
1.84748790067e-008	2.86503209281e-005
1.85162098323e-008	3.83871492886e-005
1.85575406578e-008	3.78390677724e-005
1.85988714833e-008	2.84777634079e-005
1.86402023088e-008	1.48764279402e-005
1.86815331343e-008	1.66550955782e-006
1.87228639599e-008	-8.82451195139e-006
1.87641947854e-008	-1.66781842381e-005
1.88055256109e-008	-2.25662215598e-005
1.88468564364e-008	-2.58440331891e-005
1.88881872619e-008	-2.44539787673e-005
1.89295180875e-008	-1.67113621501e-005
1.8970848913e-008	-3.27865814143e-006
1.90121797385e-008	1.23738141156e-005
1.9053510564e-008	2.54784454228e-005
1.90948413895e-008	3.23478552673e-005
1.9136172215e-008	3.19734572258e-005
1.91775030406e-008	2.59204016402e-005
1.92188338661e-008	1.67623602465e-005
1.92601646916e-008	6.38995311419e-006
1.93014955171e-008	-4.4123336238e-006
1.93428263426e-008	-1.49936890921e-005
1.93841571682e-008	-2.3619410058e-005
1.94254879937e-008	-2.75022157439e-005
1.94668188192e-008	-2.43858676185e-005
1.95081496447e-008	-1.43592342283e-005
1.95494804702e-008	-3.42825316579e-007
1.95908112957e-008	1.32438071887e-005
1.96321421213e-008	2.27244518101e-005
1.96734729468e-008	2.67935947704e-005
1.97148037723e-008	2.644365577e-005
1.97561345978e-008	2.33881128224e-005
1.97974654233e-008	1.83220690815e-005
1.98387962489e-008	1.05782435185e-005
1.98801270744e-008	-4.46901324835e-007
1.99214578999e-008	-1.33544167511e-005
1.99627887254e-008	-2.42846008405e-005
2.00041195509e-008	-2.86937001874e-005
2.00454503764e-008	-2.42092983171e-005
2.0086781202e-008	-1.23805057228e-005
2.01281120275e-008	2.05167475542e-006
2.0169442853e-008	1.38796899591e-005
2.02107736785e-008	2.03253780455e-005
2.0252104504e-008	2.20779552365e-005
2.02934353296e-008	2.17709698518e-005
2.03347661551e-008	2.11696719816e-005
2.03760969806e-008	1.93830105673e-005
2.04174278061e-008	1.37329284371e-005
2.04587586316e-008	2.67698260359e-006
2.05000894572e-008	-1.17660092656e-005
2.05414202827e-008	-2.42354617512e-005
2.05827511082e-008	-2.90221123578e-005
2.06240819337e-008	-2.37166732404e-005
2.06654127592e-008	-1.08679046207e-005
2.07067435847e-008	3.55702911747e-006
2.07480744103e-008	1.39018970913e-005
2.07894052358e-008	1.81482482731e-005
2.08307360613e-008	1.841016865e-005
2.08720668868e-008	1.83303272934e-005
2.09133977123e-008	1.94881727111e-005
2.09547285379e-008	1.98551520043e-005
2.09960593634e-008	1.55952748173e-005
2.10373901889e-008	4.73583713756e-006
2.10787210144e-008	-1.02908711597e-005
2.11200518399e-008	-2.33652872339e-005
2.11613826654e-008	-2.82759392576e-005
2.1202713491e-008	-2.27112814173e-005
2.12440443165e-008	-9.79621518127e-006
2.1285375142e-008	3.98979886995e-006
2.13267059675e-008	1.30623752739e-005
2.1368036793e-008	1.60689814948e-005
2.14093676186e-008	1.58637794812e-005
2.14506984441e-008	1.62680103131e-005
2.14920292696e-008	1.84430864465e-005
2.15333600951e-008	1.97844701688e-005
2.15746909206e-008	1.61563839356e-005
2.16160217462e-008	5.66285541481e-006
2.16573525717e-008	-9.04175021788e-006
2.16986833972e-008	-2.17446422539e-005
2.17400142227e-008	-2.64105974566e-005
2.17813450482e-008	-2.10843827517e-005
2.18226758737e-008	-9.08870083549e-006
2.18640066993e-008	3.35243021254e-006
2.19053375248e-008	1.13172895908e-005
2.19466683503e-008	1.40366346386e-005
2.19879991758e-008	1.43386341733e-005
2.20293300013e-008	1.5476029148e-005
2.20706608269e-008	1.80341371561e-005
2.21119916524e-008	1.93101941477e-005
2.21533224779e-008	1.55937618729e-005
2.21946533034e-008	5.52129210973e-006
2.22359841289e-008	-8.10558321973e-006
2.22773149544e-008	-1.95239294953e-005
2.231864578e-008	-2.35485049416e-005
2.23599766055e-008	-1.88664471352e-005
2.2401307431e-008	-8.66149639478e-006
2.24426382565e-008	1.82773715096e-006
2.2483969082e-008	8.83902475834e-006
2.25252999076e-008	1.20226227409e-005
2.25666307331e-008	1.3587027297e-005
2.26079615586e-008	1.56815026457e-005
2.26492923841e-008	1.81820505532e-005
2.26906232096e-008	1.86055162885e-005
2.27319540351e-008	1.41894856824e-005
2.27732848607e-008	4.50910647487e-006
2.28146156862e-008	-7.47580020288e-006
2.28559465117e-008	-1.69014956555e-005
2.28972773372e-008	-1.99814917323e-005
2.29386081627e-008	-1.62463311426e-005
2.29799389883e-008	-8.42125905365e-006
2.30212698138e-008	-2.45923359898e-007
2.30626006393e-008	5.92255446463e-006
2.31039314648e-008	1.00255804227e-005
2.31452622903e-008	1.33206376631e-005
2.31865931159e-008	1.6535728264e-005
2.32279239414e-008	1.87287837434e-005
2.32692547669e-008	1.77921301656e-005
2.33105855924e-008	1.22627770907e-005
2.33519164179e-008	2.95088807434e-006
2.33932472434e-008	-7.05565503267e-006
2.3434578069e-008	-1.41091541082e-005
2.34759088945e-008	-1.61223406394e-005
2.351723972e-008	-1.34841411636e-005
2.35585705455e-008	-8.24964695312e-006
2.3599901371e-008	-2.48683954851e-006
2.36412321966e-008	2.90041225526e-006
2.36825630221e-008	8.091353493e-006
2.37238938476e-008	1.32823583954e-005
2.37652246731e-008	1.76650964931e-005
2.38065554986e-008	1.94231938622e-005
2.38478863241e-008	1.69178711076e-005
2.38892171497e-008	1.01610512502e-005
2.39305479752e-008	1.25373375681e-006
2.39718788007e-008	-6.69977157486e-006
2.40132096262e-008	-1.13900307497e-005
2.40545404517e-008	-1.23943696053e-005
2.40958712773e-008	-1.08348190224e-005
2.41372021028e-008	-8.06798243502e-006
2.41785329283e-008	-4.57520673081e-006
2.42198637538e-008	9.33756538757e-008
2.42611945793e-008	6.32740125184e-006
2.43025254049e-008	1.32929071697e-005
2.43438562304e-008	1.87027112588e-005
2.43851870559e-008	1.9969053028e-005
2.44265178814e-008	1.60037461683e-005
2.44678487069e-008	8.22172614789e-006
2.45091795324e-008	-1.97745606556e-007
2.4550510358e-008	-6.28463521934e-006
2.45918411835e-008	-8.94537470231e-006
2.4633172009e-008	-9.13402845981e-006
2.46745028345e-008	-8.52813604979e-006
2.471583366e-008	-7.86538953435e-006
2.47571644856e-008	-6.28195243735e-006
2.47984953111e-008	-2.20111837734e-006
2.48398261366e-008	4.88971409141e-006
2.48811569621e-008	1.32260547616e-005
2.49224877876e-008	1.9322119897e-005
2.49638186131e-008	2.0104840587e-005
2.50051494387e-008	1.50647083501e-005
2.50464802642e-008	6.69974747325e-006
2.50878110897e-008	-1.13575097771e-006
2.51291419152e-008	-5.70891734242e-006
2.51704727407e-008	-6.87088572704e-006
2.52118035663e-008	-6.5503636506e-006
2.52531343918e-008	-6.75549767948e-006
2.52944652173e-008	-7.68712970967e-006
2.53357960428e-008	-7.4616659731e-006
2.53771268683e-008	-3.74889134491e-006
2.54184576938e-008	3.89961132896e-006
2.54597885194e-008	1.29840359477e-005
2.55011193449e-008	1.93035984921e-005
2.55424501704e-008	1.96818768927e-005
2.55837809959e-008	1.41133600664e-005
2.56251118214e-008	5.71721932374e-006
2.5666442647e-008	-1.42034795658e-006
2.57077734725e-008	-4.88067632887e-006
2.5749104298e-008	-5.17102728281e-006
2.57904351235e-008	-4.75027502489e-006
2.5831765949e-008	-5.65482696402e-006
2.58730967746e-008	-7.5876041592e-006
2.59144276001e-008	-8.03797070148e-006
2.59557584256e-008	-4.43409476247e-006
2.59970892511e-008	3.39732901011e-006
2.60384200766e-008	1.25229253172e-005
2.60797509021e-008	1.8591650587e-005
2.61210817277e-008	1.86726438187e-005
2.61624125532e-008	1.31329925352e-005
2.62037433787e-008	5.26458939021e-006
2.62450742042e-008	-1.0215287034e-006
2.62864050297e-008	-3.74461842512e-006
2.63277358553e-008	-3.81049983389e-006
2.63690666808e-008	-3.74813771487e-006
2.64103975063e-008	-5.25770735749e-006
2.64517283318e-008	-7.57036787036e-006
2.64930591573e-008	-8.01298392616e-006
2.65343899828e-008	-4.29640738275e-006
2.65757208084e-008	3.34145545366e-006
2.66170516339e-008	1.18645102702e-005
2.66583824594e-008	1.72676554939e-005
2.66997132849e-008	1.71270630744e-005
2.67410441104e-008	1.20904742289e-005
2.6782374936e-008	5.266910307e-006
2.68237057615e-008	1.44166278915e-009
2.6865036587e-008	-2.30801924772e-006
2.69063674125e-008	-2.75018669527e-006
2.6947698238e-008	-3.46137858287e-006
2.69890290635e-008	-5.45995840184e-006
2.70303598891e-008	-7.60452712711e-006
2.70716907146e-008	-7.49254627408e-006
2.71130215401e-008	-3.50803873062e-006
2.71543523656e-008	3.64237098438e-006
2.71956831911e-008	1.10825994852e-005
2.72370140167e-008	1.54886170094e-005
2.72783448422e-008	1.51622098201e-005
2.73196756677e-008	1.09921368221e-005
2.73610064932e-008	5.62381069358e-006
2.74023373187e-008	1.50373284669e-006
2.74436681443e-008	-6.76447086789e-007
2.74849989698e-008	-1.9609959736e-006
2.75263297953e-008	-3.70629845747e-006
2.75676606208e-008	-6.0631919041e-006
2.76089914463e-008	-7.65337313169e-006
2.76503222718e-008	-6.64248750581e-006
2.76916530974e-008	-2.2961689865e-006
2.77329839229e-008	4.19276830144e-006
2.77743147484e-008	1.02453352611e-005
2.78156455739e-008	1.34370229716e-005
2.78569763994e-008	1.29541494971e-005
2.7898307225e-008	9.89489149106e-006
2.79396380505e-008	6.21951835456e-006
2.7980968876e-008	3.2518585158e-006
2.80222997015e-008	9.79432343229e-007
2.8063630527e-008	-1.3884018415e-006
2.81049613525e-008	-4.23785866133e-006
2.81462921781e-008	-6.83493658471e-006
2.81876230036e-008	-7.67998562878e-006
2.82289538291e-008	-5.62828040529e-006
2.82702846546e-008	-8.93685296433e-007
2.83116154801e-008	4.84504755605e-006
2.83529463057e-008	9.37816207625e-006
2.83942771312e-008	1.1299339576e-005
2.84356079567e-008	1.07334039967e-005
2.84769387822e-008	8.89688772077e-006
2.85182696077e-008	6.91878381076e-006
2.85596004333e-008	4.9811782219e-006
2.86009312588e-008	2.49333209013e-006
2.86422620843e-008	-9.6664680882e-007
2.86835929098e-008	-4.82808468405e-006
2.87249237353e-008	-7.56786334932e-006
2.87662545608e-008	-7.6342992088e-006
2.88075853864e-008	-4.57554870081e-006
2.88489162119e-008	4.79622514149e-007
2.88902470374e-008	5.42262819181e-006
2.89315778629e-008	8.48137187859e-006
2.89729086884e-008	9.27317660171e-006
2.9014239514e-008	8.74417742125e-006
2.90555703395e-008	8.08130380392e-006
2.9096901165e-008	7.58114424571e-006
2.91382319905e-008	6.46187231723e-006
2.9179562816e-008	3.73066427528e-006
2.92208936415e-008	-6.54370694519e-007
2.92622244671e-008	-5.31026978479e-006
2.93035552926e-008	-8.08368781691e-006
2.93448861181e-008	-7.43549776416e-006
2.93862169436e-008	-3.56370856025e-006
2.94275477691e-008	1.62405797255e-006
2.94688785947e-008	5.75505623601e-006
2.95102094202e-008	7.55967903387e-006
2.95515402457e-008	7.53153017286e-006
2.95928710712e-008	7.16697900316e-006
2.96342018967e-008	7.49056698623e-006
2.96755327222e-008	8.10743222246e-006
2.97168635478e-008	7.54822826821e-006
2.97581943733e-008	4.59826560473e-006
2.97995251988e-008	-4.43974428777e-007
2.98408560243e-008	-5.57693397241e-006
2.98821868498e-008	-8.23444793241e-006
2.99235176754e-008	-7.00730902281e-006
2.99648485009e-008	-2.66115125669e-006
3.00061793264e-008	2.37853680574e-006
3.00475101519e-008	5.73110946789e-006
3.00888409774e-008	6.63720561533e-006
3.0130171803e-008	6.18116632722e-006
3.01715026285e-008	6.09205562796e-006
3.0212833454e-008	7.14909447197e-006
3.02541642795e-008	8.46323791848e-006
3.0295495105e-008	8.17396789898e-006
3.03368259305e-008	5.03008516262e-006
3.03781567561e-008	-3.49393204147e-007
3.04194875816e-008	-5.56400891583e-006
3.04608184071e-008	-7.93034541857e-006
3.05021492326e-008	-6.32079627394e-006
3.05434800581e-008	-1.92399761545e-006
3.05848108837e-008	2.67156963218e-006
3.06261417092e-008	5.33382080903e-006
3.06674725347e-008	5.73743773202e-006
3.07088033602e-008	5.24315021266e-006
3.07501341857e-008	5.52669530407e-006
3.07914650112e-008	7.06543437445e-006
3.08327958368e-008	8.65284914653e-006
3.08741266623e-008	8.32202090351e-006
3.09154574878e-008	5.00546866533e-006
3.09567883133e-008	-3.61019644401e-007
3.09981191388e-008	-5.23952678577e-006
3.10394499644e-008	-7.16384874977e-006
3.10807807899e-008	-5.4087558965e-006
3.11221116154e-008	-1.37539777256e-006
3.11634424409e-008	2.53105349657e-006
3.12047732664e-008	4.60723504148e-006
3.1246104092e-008	4.86223575535e-006
3.12874349175e-008	4.67317352104e-006
3.1328765743e-008	5.42564555417e-006
3.13700965685e-008	7.22531717656e-006
3.1411427394e-008	8.68938400345e-006
3.14527582195e-008	8.02643376119e-006
3.14940890451e-008	4.58009071735e-006
3.15354198706e-008	-4.3404402561e-007
3.15767506961e-008	-4.62532091206e-006
3.16180815216e-008	-6.02572822572e-006
3.16594123471e-008	-4.34787830272e-006
3.17007431727e-008	-9.9745540183e-007
3.17420739982e-008	2.05057222047e-006
3.17834048237e-008	3.62970911283e-006
3.18247356492e-008	4.01688896545e-006
3.18660664747e-008	4.41031500031e-006
3.19073973002e-008	5.70648751363e-006
3.19487281258e-008	7.56726853979e-006
3.19900589513e-008	8.57345321492e-006
3.20313897768e-008	7.37522236705e-006
3.20727206023e-008	3.87823820347e-006
3.21140514278e-008	-5.16545611617e-007
3.21553822534e-008	-3.80062715521e-006
3.21967130789e-008	-4.66039057301e-006
3.22380439044e-008	-3.21776417422e-006
3.22793747299e-008	-7.47554594227e-007
3.23207055554e-008	1.34660120921e-006
3.23620363809e-008	2.50565642546e-006
3.24033672065e-008	3.22899575167e-006
3.2444698032e-008	4.38935978764e-006
3.24860288575e-008	6.23697951596e-006
3.2527359683e-008	7.9762421592e-006
3.25686905085e-008	8.3123532022e-006
3.26100213341e-008	6.50959509585e-006
3.26513521596e-008	3.06051651933e-006
3.26926829851e-008	-5.66056826301e-007
3.27340138106e-008	-2.86649026293e-006
3.27753446361e-008	-3.21424749927e-006
3.28166754617e-008	-2.10235134546e-006
3.28580062872e-008	-5.99929052214e-007
3.28993371127e-008	5.29531376969e-007
3.29406679382e-008	1.36131845352e-006
3.29819987637e-008	2.55580744124e-006
3.30233295892e-008	4.53585300875e-006
3.30646604148e-008	6.85069471729e-006
3.31059912403e-008	8.33156082081e-006
3.31473220658e-008	7.9390006249e-006
3.31886528913e-008	5.58571946385e-006
3.32299837168e-008	2.27113048368e-006
3.32713145424e-008	-5.5428313317e-007
3.33126453679e-008	-1.91079448086e-006
3.33539761934e-008	-1.82157793915e-006
3.33953070189e-008	-1.09649138835e-006
3.34366378444e-008	-5.51044962549e-007
3.34779686699e-008	-2.87887445438e-007
3.35192994955e-008	3.4671433724e-007
3.3560630321e-008	2.05758783522e-006
3.36019611465e-008	4.76028526464e-006
3.3643291972e-008	7.38509857001e-006
3.36846227975e-008	8.53829124026e-006
3.37259536231e-008	7.49136074774e-006
3.37672844486e-008	4.72373039884e-006
3.38086152741e-008	1.62054254815e-006
3.38499460996e-008	-4.4578875702e-007
3.38912769251e-008	-9.87995150581e-007
3.39326077506e-008	-5.95698253392e-007
3.39739385762e-008	-2.97736946209e-007
3.40152694017e-008	-5.97729581386e-007
3.40566002272e-008	-9.92280803302e-007
3.40979310527e-008	-4.12167082686e-007
3.41392618782e-008	1.75962873072e-006
3.41805927038e-008	4.97365203955e-006
3.42219235293e-008	7.72469820731e-006
3.42632543548e-008	8.54073277878e-006
3.43045851803e-008	6.99471706866e-006
3.43459160058e-008	4.00229725983e-006
3.43872468314e-008	1.1954742547e-006
3.44285776569e-008	-1.96669262209e-007
3.44699084824e-008	-1.37174190229e-007
3.45112393079e-008	3.62184778169e-007
3.45525701334e-008	2.18110159267e-007
3.45939009589e-008	-7.20170646673e-007
3.46352317845e-008	-1.49478057665e-006
3.467656261e-008	-8.47649914704e-007
3.47178934355e-008	1.65864003066e-006
3.4759224261e-008	5.12482699833e-006
3.48005550865e-008	7.81730545896e-006
3.48418859121e-008	8.3107397586e-006
3.48832167376e-008	6.45406862532e-006
3.49245475631e-008	3.46526724115e-006
3.49658783886e-008	1.0545522855e-006
3.50072092141e-008	2.14176132829e-007
3.50485400396e-008	5.99288142666e-007
3.50898708652e-008	9.89202334267e-007
3.51312016907e-008	4.34783501646e-007
3.51725325162e-008	-8.80124503055e-007
3.52138633417e-008	-1.7541545958e-006
3.52551941672e-008	-9.52562686507e-007
3.52965249928e-008	1.73744160747e-006
3.53378558183e-008	5.19775960584e-006
3.53791866438e-008	7.64898004491e-006
3.54205174693e-008	7.83494829193e-006
3.54618482948e-008	5.8751556935e-006
3.55031791204e-008	3.14045780669e-006
3.55445099459e-008	1.21776287187e-006
3.55858407714e-008	7.69289897562e-007
3.56271715969e-008	1.18835322382e-006
3.56685024224e-008	1.28664476051e-006
3.57098332479e-008	3.89999712525e-007
3.57511640735e-008	-1.04931359601e-006
3.5792494899e-008	-1.78427774244e-006
3.58338257245e-008	-7.6460054288e-007
3.587515655e-008	1.97327324258e-006
3.59164873755e-008	5.19169248037e-006
3.59578182011e-008	7.23162474969e-006
3.59991490266e-008	7.13793110663e-006
3.60404798521e-008	5.28947714429e-006
3.60818106776e-008	3.03673641611e-006
3.61231415031e-008	1.64557229709e-006
3.61644723286e-008	1.41123976505e-006
3.62058031542e-008	1.6199824131e-006
3.62471339797e-008	1.30702468937e-006
3.62884648052e-008	1.47317607002e-007
3.63297956307e-008	-1.21279799714e-006
3.63711264562e-008	-1.62285550687e-006
3.64124572818e-008	-3.35847175847e-007
3.64537881073e-008	2.32966351632e-006
3.64951189328e-008	5.10179881985e-006
3.65364497583e-008	6.60273121866e-006
3.65777805838e-008	6.28794350632e-006
3.66191114093e-008	4.74232388115e-006
3.66604422349e-008	3.12238614697e-006
3.67017730604e-008	2.24728648845e-006
3.67431038859e-008	2.07445657452e-006
3.67844347114e-008	1.91322158116e-006
3.68257655369e-008	1.13140987423e-006
3.68670963625e-008	-2.19737657403e-007
3.6908427188e-008	-1.35158146009e-006
3.69497580135e-008	-1.30824795974e-006
3.6991088839e-008	2.60566793031e-007
3.70324196645e-008	2.73741682122e-006
3.70737504901e-008	4.9156727755e-006
3.71150813156e-008	5.83190080761e-006
3.71564121411e-008	5.38659639915e-006
3.71977429666e-008	4.27387590207e-006
3.72390737921e-008	3.33792604579e-006
3.72804046176e-008	2.92244180855e-006
3.73217354432e-008	2.70506302513e-006
3.73630662687e-008	2.09321660805e-006
3.74043970942e-008	8.35854024217e-007
3.74457279197e-008	-6.35580647668e-007
3.74870587452e-008	-1.43416548326e-006
3.75283895708e-008	-8.79629169503e-007
3.75697203963e-008	9.26919000221e-007
3.76110512218e-008	3.11204405534e-006
3.76523820473e-008	4.6394201263e-006
3.76937128728e-008	5.01687509313e-006
3.77350436983e-008	4.53618156371e-006
3.77763745239e-008	3.90460752442e-006
3.78177053494e-008	3.61844217878e-006
3.78590361749e-008	3.58134548151e-006
3.79003670004e-008	3.24998950418e-006
3.79416978259e-008	2.17095498556e-006
3.79830286515e-008	4.88157496648e-007
3.8024359477e-008	-1.01177101897e-006
3.80656903025e-008	-1.41664392572e-006
3.8107021128e-008	-3.84280056664e-007
3.81483519535e-008	1.55760301368e-006
3.81896827791e-008	3.38221104812e-006
3.82310136046e-008	4.29746296504e-006
3.82723444301e-008	4.24527377163e-006
3.83136752556e-008	3.80794494959e-006
3.83550060811e-008	3.64386210094e-006
3.83963369066e-008	3.91650712572e-006
3.84376677322e-008	4.15449369484e-006
3.84789985577e-008	3.65743403563e-006
3.85203293832e-008	2.15127317915e-006
3.85616602087e-008	1.60556055562e-007
3.86029910342e-008	-1.2607443125e-006
3.86443218598e-008	-1.27341994016e-006
3.86856526853e-008	1.16532287819e-007
3.87269835108e-008	2.06299296224e-006
3.87683143363e-008	3.50749496647e-006
3.88096451618e-008	3.9168303374e-006
3.88509759873e-008	3.57610019819e-006
3.88923068129e-008	3.25067719587e-006
3.89336376384e-008	3.50657967374e-006
3.89749684639e-008	4.20568619575e-006
3.90162992894e-008	4.58274882931e-006
3.90576301149e-008	3.87945658531e-006
3.90989609405e-008	2.04645334634e-006
3.9140291766e-008	-8.11947913348e-008
3.91816225915e-008	-1.32580785817e-006
3.9222953417e-008	-1.00933291947e-006
3.92642842425e-008	5.7207007842e-007
3.9305615068e-008	2.39874987074e-006
3.93469458936e-008	3.4775741824e-006
3.93882767191e-008	3.51566507106e-006
3.94296075446e-008	3.03994215756e-006
3.94709383701e-008	2.8954877962e-006
3.95122691956e-008	3.50302013885e-006
3.95536000212e-008	4.45648606728e-006
3.95949308467e-008	4.81732183744e-006
3.96362616722e-008	3.89707213344e-006
3.96775924977e-008	1.88799890566e-006
3.97189233232e-008	-1.90414567669e-007
3.97602541488e-008	-1.19217426686e-006
3.98015849743e-008	-6.44716152465e-007
3.98429157998e-008	9.57652446232e-007
3.98842466253e-008	2.55509587532e-006
3.99255774508e-008	3.29275587774e-006
3.99669082763e-008	3.09946710786e-006
4.00082391019e-008	2.65187918558e-006
4.00495699274e-008	2.75652064374e-006
4.00909007529e-008	3.62353705441e-006
4.01322315784e-008	4.63809146822e-006
4.01735624039e-008	4.84340216644e-006
4.02148932295e-008	3.73476882487e-006
4.0256224055e-008	1.7129087837e-006
4.02975548805e-008	-1.58268335326e-007
4.0338885706e-008	-8.83967004484e-007
4.03802165315e-008	-2.0594001171e-007
4.0421547357e-008	1.26671497469e-006
4.04628781826e-008	2.53931239058e-006
4.05042090081e-008	2.96598091154e-006
4.05455398336e-008	2.68553446858e-006
4.05868706591e-008	2.42442467879e-006
4.06282014846e-008	2.82036296539e-006
4.06695323102e-008	3.82995642667e-006
4.07108631357e-008	4.7274974122e-006
4.07521939612e-008	4.68368727979e-006
4.07935247867e-008	3.44002830843e-006
4.08348556122e-008	1.54486406245e-006
4.08761864377e-008	-5.16041609444e-009
4.09175172633e-008	-4.3896361035e-007
4.09588480888e-008	2.83283966951e-007
4.10001789143e-008	1.49812882455e-006
4.10415097398e-008	2.37157780703e-006
4.10828405653e-008	2.53323878496e-006
4.11241713909e-008	2.30639898291e-006
4.11655022164e-008	2.3509728635e-006
4.12068330419e-008	3.03316164718e-006
4.12481638674e-008	4.06763354022e-006
4.12894946929e-008	4.72192152756e-006
4.13308255185e-008	4.38926065272e-006
4.1372156344e-008	3.06816104967e-006
4.14134871695e-008	1.39994142501e-006
4.1454817995e-008	2.45373932728e-007
4.14961488205e-008	1.01017814558e-007
4.1537479646e-008	7.86439585454e-007
4.15788104716e-008	1.64231175859e-006
4.16201412971e-008	2.08430958537e-006
4.16614721226e-008	2.05409048704e-006
4.17028029481e-008	1.99588339456e-006
4.17441337736e-008	2.40068993662e-006
4.17854645992e-008	3.32451929808e-006
4.18267954247e-008	4.29148508374e-006
4.18681262502e-008	4.63836693143e-006
4.19094570757e-008	4.01564147978e-006
4.19507879012e-008	2.66865583853e-006
4.19921187267e-008	1.29497416879e-006
4.20334495523e-008	5.70006733369e-007
4.20747803778e-008	6.82211592107e-007
4.21161112033e-008	1.25054833688e-006
4.21574420288e-008	1.69377835846e-006
4.21987728543e-008	1.73401213033e-006
4.22401036799e-008	1.60018083761e-006
4.22814345054e-008	1.77566391812e-006
4.23227653309e-008	2.52890288266e-006
4.23640961564e-008	3.62877949556e-006
4.24054269819e-008	4.46739420568e-006
4.24467578075e-008	4.48923196927e-006
4.2488088633e-008	3.60640399322e-006
4.25294194585e-008	2.29068029967e-006
4.2570750284e-008	1.25550272401e-006
4.26120811095e-008	9.45844476519e-007
4.2653411935e-008	1.24202833263e-006
4.26947427606e-008	1.62613673638e-006
4.27360735861e-008	1.66471534158e-006
4.27774044116e-008	1.38395753879e-006
4.28187352371e-008	1.22616847875e-006
4.28600660626e-008	1.64719142504e-006
4.29013968882e-008	2.69324846158e-006
4.29427277137e-008	3.89629269648e-006
4.29840585392e-008	4.56692464468e-006
4.30253893647e-008	4.28072996783e-006
4.30667201902e-008	3.20363062656e-006
4.31080510157e-008	1.98999737222e-006
4.31493818413e-008	1.30477545213e-006
4.31907126668e-008	1.33818244308e-006
4.32320434923e-008	1.71772558133e-006
4.32733743178e-008	1.88114029243e-006
4.33147051433e-008	1.57775644993e-006
4.33560359689e-008	1.08174828028e-006
4.33973667944e-008	9.63303392609e-007
4.34386976199e-008	1.60962167683e-006
4.34800284454e-008	2.86928263904e-006
4.35213592709e-008	4.09266681345e-006
4.35626900964e-008	4.5635481456e-006
4.3604020922e-008	4.01873353439e-006
4.36453517475e-008	2.84958878183e-006
4.3686682573e-008	1.80965480467e-006
4.37280133985e-008	1.44355874454e-006
4.3769344224e-008	1.70566522684e-006
4.38106750496e-008	2.06978234019e-006
4.38520058751e-008	2.01116529297e-006
4.38933367006e-008	1.45691558373e-006
4.39346675261e-008	8.5524297333e-007
4.39759983516e-008	8.27739427223e-007
4.40173291772e-008	1.66409995472e-006
4.40586600027e-008	3.03808531044e-006
4.40999908282e-008	4.18492584231e-006
4.41413216537e-008	4.43860938049e-006
4.41826524792e-008	3.72034924112e-006
4.42239833047e-008	2.58210138782e-006
4.42653141303e-008	1.76773664862e-006
