0	0.00012341
5.49486e-013	0.000128624
1.09897e-012	0.000134046
1.64846e-012	0.000139683
2.19794e-012	0.000145543
2.74743e-012	0.000151634
3.29691e-012	0.000157965
3.8464e-012	0.000164545
4.39589e-012	0.000171383
4.94537e-012	0.000178488
5.49486e-012	0.00018587
6.04434e-012	0.000193538
6.59383e-012	0.000201504
7.14332e-012	0.000209777
7.6928e-012	0.00021837
8.24229e-012	0.000227292
8.79177e-012	0.000236557
9.34126e-012	0.000246176
9.89074e-012	0.000256161
1.04402e-011	0.000266526
1.09897e-011	0.000277284
1.15392e-011	0.000288449
1.20887e-011	0.000300035
1.26382e-011	0.000312056
1.31877e-011	0.000324528
1.37371e-011	0.000337467
1.42866e-011	0.000350888
1.48361e-011	0.000364807
1.53856e-011	0.000379243
1.59351e-011	0.000394212
1.64846e-011	0.000409733
1.70341e-011	0.000425825
1.75835e-011	0.000442506
1.8133e-011	0.000459797
1.86825e-011	0.000477718
1.9232e-011	0.000496291
1.97815e-011	0.000515536
2.0331e-011	0.000535476
2.08805e-011	0.000556135
2.14299e-011	0.000577535
2.19794e-011	0.000599702
2.25289e-011	0.000622661
2.30784e-011	0.000646436
2.36279e-011	0.000671055
2.41774e-011	0.000696546
2.47269e-011	0.000722936
2.52763e-011	0.000750254
2.58258e-011	0.00077853
2.63753e-011	0.000807795
2.69248e-011	0.00083808
2.74743e-011	0.000869418
2.80238e-011	0.000901841
2.85733e-011	0.000935385
2.91227e-011	0.000970083
2.96722e-011	0.00100597
3.02217e-011	0.00104309
3.07712e-011	0.00108148
3.13207e-011	0.00112117
3.18702e-011	0.0011622
3.24197e-011	0.00120462
3.29691e-011	0.00124848
3.35186e-011	0.0012938
3.40681e-011	0.00134064
3.46176e-011	0.00138905
3.51671e-011	0.00143907
3.57166e-011	0.00149074
3.62661e-011	0.00154413
3.68155e-011	0.00159927
3.7365e-011	0.00165623
3.79145e-011	0.00171505
3.8464e-011	0.00177579
3.90135e-011	0.0018385
3.9563e-011	0.00190325
4.01125e-011	0.00197009
4.06619e-011	0.00203908
4.12114e-011	0.00211029
4.17609e-011	0.00218378
4.23104e-011	0.00225961
4.28599e-011	0.00233785
4.34094e-011	0.00241857
4.39589e-011	0.00250184
4.45083e-011	0.00258773
4.50578e-011	0.00267631
4.56073e-011	0.00276766
4.61568e-011	0.00286185
4.67063e-011	0.00295897
4.72558e-011	0.00305909
4.78053e-011	0.0031623
4.83547e-011	0.00326868
4.89042e-011	0.00337832
4.94537e-011	0.0034913
5.00032e-011	0.00360771
5.05527e-011	0.00372765
5.11022e-011	0.00385121
5.16517e-011	0.00397849
5.22011e-011	0.00410958
5.27506e-011	0.00424459
5.33001e-011	0.00438361
5.38496e-011	0.00452675
5.43991e-011	0.00467413
5.49486e-011	0.00482584
5.54981e-011	0.004982
5.60475e-011	0.00514272
5.6597e-011	0.00530812
5.71465e-011	0.00547832
5.7696e-011	0.00565344
5.82455e-011	0.0058336
5.8795e-011	0.00601892
5.93445e-011	0.00620954
5.98939e-011	0.00640559
6.04434e-011	0.0066072
6.09929e-011	0.0068145
6.15424e-011	0.00702764
6.20919e-011	0.00724675
6.26414e-011	0.00747198
6.31909e-011	0.00770347
6.37404e-011	0.00794138
6.42898e-011	0.00818586
6.48393e-011	0.00843706
6.53888e-011	0.00869514
6.59383e-011	0.00896026
6.64878e-011	0.00923258
6.70373e-011	0.00951227
6.75868e-011	0.0097995
6.81362e-011	0.0100944
6.86857e-011	0.0103973
6.92352e-011	0.0107082
6.97847e-011	0.0110273
7.03342e-011	0.0113548
7.08837e-011	0.011691
7.14332e-011	0.012036
7.19826e-011	0.01239
7.25321e-011	0.0127532
7.30816e-011	0.0131257
7.36311e-011	0.0135079
7.41806e-011	0.0138999
7.47301e-011	0.0143018
7.52796e-011	0.014714
7.5829e-011	0.0151367
7.63785e-011	0.0155699
7.6928e-011	0.0160141
7.74775e-011	0.0164694
7.8027e-011	0.016936
7.85765e-011	0.0174141
7.9126e-011	0.0179041
7.96754e-011	0.018406
8.02249e-011	0.0189203
8.07744e-011	0.019447
8.13239e-011	0.0199865
8.18734e-011	0.020539
8.24229e-011	0.0211048
8.29724e-011	0.0216841
8.35218e-011	0.0222772
8.40713e-011	0.0228843
8.46208e-011	0.0235057
8.51703e-011	0.0241417
8.57198e-011	0.0247926
8.62693e-011	0.0254585
8.68188e-011	0.0261399
8.73682e-011	0.0268369
8.79177e-011	0.0275499
8.84672e-011	0.0282791
8.90167e-011	0.0290249
8.95662e-011	0.0297874
9.01157e-011	0.0305672
9.06652e-011	0.0313643
9.12146e-011	0.0321791
9.17641e-011	0.033012
9.23136e-011	0.0338632
9.28631e-011	0.034733
9.34126e-011	0.0356218
9.39621e-011	0.0365298
9.45116e-011	0.0374574
9.5061e-011	0.0384049
9.56105e-011	0.0393726
9.616e-011	0.0403609
9.67095e-011	0.04137
9.7259e-011	0.0424003
9.78085e-011	0.0434521
9.8358e-011	0.0445258
9.89074e-011	0.0456216
9.94569e-011	0.04674
1.00006e-010	0.0478811
1.00556e-010	0.0490455
1.01105e-010	0.0502334
1.01655e-010	0.0514452
1.02204e-010	0.0526812
1.02754e-010	0.0539417
1.03303e-010	0.0552271
1.03853e-010	0.0565378
1.04402e-010	0.0578741
1.04952e-010	0.0592363
1.05501e-010	0.0606247
1.06051e-010	0.0620398
1.066e-010	0.0634819
1.0715e-010	0.0649513
1.07699e-010	0.0664483
1.08249e-010	0.0679734
1.08798e-010	0.0695269
1.09348e-010	0.0711091
1.09897e-010	0.0727204
1.10447e-010	0.074361
1.10996e-010	0.0760315
1.11546e-010	0.077732
1.12095e-010	0.0794631
1.12645e-010	0.0812249
1.13194e-010	0.0830178
1.13744e-010	0.0848423
1.14293e-010	0.0866986
1.14843e-010	0.088587
1.15392e-010	0.0905079
1.15941e-010	0.0924617
1.16491e-010	0.0944487
1.1704e-010	0.0964691
1.1759e-010	0.0985234
1.18139e-010	0.100612
1.18689e-010	0.102735
1.19238e-010	0.104892
1.19788e-010	0.107085
1.20337e-010	0.109313
1.20887e-010	0.111577
1.21436e-010	0.113877
1.21986e-010	0.116214
1.22535e-010	0.118586
1.23085e-010	0.120996
1.23634e-010	0.123443
1.24184e-010	0.125928
1.24733e-010	0.12845
1.25283e-010	0.13101
1.25832e-010	0.133609
1.26382e-010	0.136246
1.26931e-010	0.138922
1.27481e-010	0.141637
1.2803e-010	0.144391
1.2858e-010	0.147185
1.29129e-010	0.150018
1.29679e-010	0.152892
1.30228e-010	0.155806
1.30778e-010	0.15876
1.31327e-010	0.161754
1.31877e-010	0.16479
1.32426e-010	0.167866
1.32976e-010	0.170984
1.33525e-010	0.174142
1.34075e-010	0.177343
1.34624e-010	0.180584
1.35174e-010	0.183868
1.35723e-010	0.187193
1.36272e-010	0.190561
1.36822e-010	0.19397
1.37371e-010	0.197422
1.37921e-010	0.200916
1.3847e-010	0.204452
1.3902e-010	0.208031
1.39569e-010	0.211652
1.40119e-010	0.215315
1.40668e-010	0.219021
1.41218e-010	0.22277
1.41767e-010	0.226561
1.42317e-010	0.230395
1.42866e-010	0.234271
1.43416e-010	0.23819
1.43965e-010	0.242151
1.44515e-010	0.246155
1.45064e-010	0.250201
1.45614e-010	0.254289
1.46163e-010	0.258419
1.46713e-010	0.262592
1.47262e-010	0.266806
1.47812e-010	0.271062
1.48361e-010	0.27536
1.48911e-010	0.279699
1.4946e-010	0.28408
1.5001e-010	0.288502
1.50559e-010	0.292964
1.51109e-010	0.297467
1.51658e-010	0.302011
1.52208e-010	0.306595
1.52757e-010	0.311218
1.53307e-010	0.315882
1.53856e-010	0.320584
1.54406e-010	0.325326
1.54955e-010	0.330106
1.55504e-010	0.334924
1.56054e-010	0.339781
1.56603e-010	0.344675
1.57153e-010	0.349606
1.57702e-010	0.354574
1.58252e-010	0.359578
1.58801e-010	0.364618
1.59351e-010	0.369693
1.599e-010	0.374804
1.6045e-010	0.379948
1.60999e-010	0.385127
1.61549e-010	0.390339
1.62098e-010	0.395584
1.62648e-010	0.400861
1.63197e-010	0.406169
1.63747e-010	0.411509
1.64296e-010	0.416879
1.64846e-010	0.422279
1.65395e-010	0.427708
1.65945e-010	0.433166
1.66494e-010	0.438651
1.67044e-010	0.444164
1.67593e-010	0.449703
1.68143e-010	0.455267
1.68692e-010	0.460857
1.69242e-010	0.466471
1.69791e-010	0.472107
1.70341e-010	0.477767
1.7089e-010	0.483448
1.7144e-010	0.489151
1.71989e-010	0.494873
1.72539e-010	0.500614
1.73088e-010	0.506374
1.73638e-010	0.512151
1.74187e-010	0.517945
1.74736e-010	0.523754
1.75286e-010	0.529578
1.75835e-010	0.535416
1.76385e-010	0.541267
1.76934e-010	0.547129
1.77484e-010	0.553002
1.78033e-010	0.558884
1.78583e-010	0.564776
1.79132e-010	0.570675
1.79682e-010	0.576581
1.80231e-010	0.582492
1.80781e-010	0.588408
1.8133e-010	0.594327
1.8188e-010	0.600248
1.82429e-010	0.606171
1.82979e-010	0.612094
1.83528e-010	0.618015
1.84078e-010	0.623935
1.84627e-010	0.629851
1.85177e-010	0.635763
1.85726e-010	0.641668
1.86276e-010	0.647567
1.86825e-010	0.653458
1.87375e-010	0.65934
1.87924e-010	0.665211
1.88474e-010	0.67107
1.89023e-010	0.676917
1.89573e-010	0.682749
1.90122e-010	0.688566
1.90672e-010	0.694366
1.91221e-010	0.700148
1.91771e-010	0.705911
1.9232e-010	0.711654
1.9287e-010	0.717375
1.93419e-010	0.723073
1.93968e-010	0.728747
1.94518e-010	0.734395
1.95067e-010	0.740017
1.95617e-010	0.74561
1.96166e-010	0.751174
1.96716e-010	0.756707
1.97265e-010	0.762209
1.97815e-010	0.767677
1.98364e-010	0.773111
1.98914e-010	0.778509
1.99463e-010	0.78387
2.00013e-010	0.789192
2.00562e-010	0.794475
2.01112e-010	0.799717
2.01661e-010	0.804917
2.02211e-010	0.810074
2.0276e-010	0.815185
2.0331e-010	0.820251
2.03859e-010	0.82527
2.04409e-010	0.83024
2.04958e-010	0.83516
2.05508e-010	0.84003
2.06057e-010	0.844847
2.06607e-010	0.849611
2.07156e-010	0.85432
2.07706e-010	0.858973
2.08255e-010	0.86357
2.08805e-010	0.868108
2.09354e-010	0.872587
2.09904e-010	0.877005
2.10453e-010	0.881362
2.11003e-010	0.885656
2.11552e-010	0.889886
2.12102e-010	0.89405
2.12651e-010	0.898149
2.132e-010	0.90218
2.1375e-010	0.906144
2.14299e-010	0.910037
2.14849e-010	0.913861
2.15398e-010	0.917613
2.15948e-010	0.921292
2.16497e-010	0.924898
2.17047e-010	0.928429
2.17596e-010	0.931886
2.18146e-010	0.935265
2.18695e-010	0.938568
2.19245e-010	0.941793
2.19794e-010	0.944938
2.20344e-010	0.948003
2.20893e-010	0.950988
2.21443e-010	0.953891
2.21992e-010	0.956712
2.22542e-010	0.95945
2.23091e-010	0.962104
2.23641e-010	0.964673
2.2419e-010	0.967156
2.2474e-010	0.969554
2.25289e-010	0.971865
2.25839e-010	0.974089
2.26388e-010	0.976224
2.26938e-010	0.978271
2.27487e-010	0.980229
2.28037e-010	0.982097
2.28586e-010	0.983874
2.29136e-010	0.985561
2.29685e-010	0.987157
2.30235e-010	0.988661
2.30784e-010	0.990073
2.31334e-010	0.991392
2.31883e-010	0.992619
2.32432e-010	0.993752
2.32982e-010	0.994792
2.33531e-010	0.995738
2.34081e-010	0.996589
2.3463e-010	0.997346
2.3518e-010	0.998009
2.35729e-010	0.998577
2.36279e-010	0.99905
2.36828e-010	0.999428
2.37378e-010	0.99971
2.37927e-010	0.999898
2.38477e-010	0.99999
2.39026e-010	0.999986
2.39576e-010	0.999888
2.40125e-010	0.999694
2.40675e-010	0.999404
2.41224e-010	0.99902
2.41774e-010	0.99854
2.42323e-010	0.997966
2.42873e-010	0.997297
2.43422e-010	0.996533
2.43972e-010	0.995675
2.44521e-010	0.994722
2.45071e-010	0.993676
2.4562e-010	0.992536
2.4617e-010	0.991304
2.46719e-010	0.989978
2.47269e-010	0.988559
2.47818e-010	0.987049
2.48368e-010	0.985447
2.48917e-010	0.983754
2.49467e-010	0.981969
2.50016e-010	0.980095
2.50566e-010	0.978131
2.51115e-010	0.976078
2.51664e-010	0.973936
2.52214e-010	0.971707
2.52763e-010	0.96939
2.53313e-010	0.966986
2.53862e-010	0.964496
2.54412e-010	0.961921
2.54961e-010	0.959262
2.55511e-010	0.956518
2.5606e-010	0.953692
2.5661e-010	0.950783
2.57159e-010	0.947792
2.57709e-010	0.944721
2.58258e-010	0.94157
2.58808e-010	0.93834
2.59357e-010	0.935032
2.59907e-010	0.931647
2.60456e-010	0.928186
2.61006e-010	0.924649
2.61555e-010	0.921038
2.62105e-010	0.917353
2.62654e-010	0.913596
2.63204e-010	0.909768
2.63753e-010	0.905869
2.64303e-010	0.901902
2.64852e-010	0.897865
2.65402e-010	0.893762
2.65951e-010	0.889593
2.66501e-010	0.885358
2.6705e-010	0.88106
2.676e-010	0.876699
2.68149e-010	0.872276
2.68699e-010	0.867793
2.69248e-010	0.863251
2.69798e-010	0.858651
2.70347e-010	0.853993
2.70896e-010	0.84928
2.71446e-010	0.844513
2.71995e-010	0.839692
2.72545e-010	0.834819
2.73094e-010	0.829895
2.73644e-010	0.824921
2.74193e-010	0.819899
2.74743e-010	0.81483
2.75292e-010	0.809716
2.75842e-010	0.804556
2.76391e-010	0.799353
2.76941e-010	0.794108
2.7749e-010	0.788822
2.7804e-010	0.783497
2.78589e-010	0.778134
2.79139e-010	0.772733
2.79688e-010	0.767297
2.80238e-010	0.761826
2.80787e-010	0.756323
2.81337e-010	0.750787
2.81886e-010	0.745221
2.82436e-010	0.739625
2.82985e-010	0.734002
2.83535e-010	0.728352
2.84084e-010	0.722677
2.84634e-010	0.716977
2.85183e-010	0.711254
2.85733e-010	0.70551
2.86282e-010	0.699746
2.86832e-010	0.693962
2.87381e-010	0.688161
2.87931e-010	0.682343
2.8848e-010	0.676509
2.8903e-010	0.670662
2.89579e-010	0.664802
2.90128e-010	0.65893
2.90678e-010	0.653048
2.91227e-010	0.647156
2.91777e-010	0.641257
2.92326e-010	0.635351
2.92876e-010	0.629439
2.93425e-010	0.623522
2.93975e-010	0.617603
2.94524e-010	0.611681
2.95074e-010	0.605758
2.95623e-010	0.599835
2.96173e-010	0.593914
2.96722e-010	0.587995
2.97272e-010	0.58208
2.97821e-010	0.576169
2.98371e-010	0.570263
2.9892e-010	0.564365
2.9947e-010	0.558474
3.00019e-010	0.552592
3.00569e-010	0.54672
3.01118e-010	0.540858
3.01668e-010	0.535009
3.02217e-010	0.529172
3.02767e-010	0.523349
3.03316e-010	0.517541
3.03866e-010	0.511748
3.04415e-010	0.505972
3.04965e-010	0.500213
3.05514e-010	0.494473
3.06064e-010	0.488752
3.06613e-010	0.483052
3.07163e-010	0.477372
3.07712e-010	0.471714
3.08262e-010	0.466078
3.08811e-010	0.460466
3.0936e-010	0.454879
3.0991e-010	0.449316
3.10459e-010	0.443779
3.11009e-010	0.438268
3.11558e-010	0.432784
3.12108e-010	0.427329
3.12657e-010	0.421902
3.13207e-010	0.416504
3.13756e-010	0.411136
3.14306e-010	0.405798
3.14855e-010	0.400492
3.15405e-010	0.395217
3.15954e-010	0.389974
3.16504e-010	0.384765
3.17053e-010	0.379588
3.17603e-010	0.374446
3.18152e-010	0.369338
3.18702e-010	0.364265
3.19251e-010	0.359228
3.19801e-010	0.354226
3.2035e-010	0.349261
3.209e-010	0.344332
3.21449e-010	0.339441
3.21999e-010	0.334587
3.22548e-010	0.329771
3.23098e-010	0.324994
3.23647e-010	0.320255
3.24197e-010	0.315555
3.24746e-010	0.310895
3.25296e-010	0.306274
3.25845e-010	0.301693
3.26395e-010	0.297152
3.26944e-010	0.292652
3.27494e-010	0.288192
3.28043e-010	0.283773
3.28592e-010	0.279396
3.29142e-010	0.275059
3.29691e-010	0.270764
3.30241e-010	0.266511
3.3079e-010	0.2623
3.3134e-010	0.25813
3.31889e-010	0.254003
3.32439e-010	0.249917
3.32988e-010	0.245874
3.33538e-010	0.241874
3.34087e-010	0.237915
3.34637e-010	0.234
3.35186e-010	0.230126
3.35736e-010	0.226295
3.36285e-010	0.222507
3.36835e-010	0.218762
3.37384e-010	0.215058
3.37934e-010	0.211398
3.38483e-010	0.20778
3.39033e-010	0.204204
3.39582e-010	0.200671
3.40132e-010	0.19718
3.40681e-010	0.193731
3.41231e-010	0.190325
3.4178e-010	0.18696
3.4233e-010	0.183638
3.42879e-010	0.180357
3.43429e-010	0.177118
3.43978e-010	0.173921
3.44528e-010	0.170765
3.45077e-010	0.16765
3.45627e-010	0.164577
3.46176e-010	0.161544
3.46726e-010	0.158552
3.47275e-010	0.155601
3.47824e-010	0.15269
3.48374e-010	0.14982
3.48923e-010	0.146989
3.49473e-010	0.144198
3.50022e-010	0.141446
3.50572e-010	0.138734
3.51121e-010	0.136061
3.51671e-010	0.133426
3.5222e-010	0.130831
3.5277e-010	0.128273
3.53319e-010	0.125753
3.53869e-010	0.123271
3.54418e-010	0.120827
3.54968e-010	0.11842
3.55517e-010	0.116049
3.56067e-010	0.113716
3.56616e-010	0.111418
3.57166e-010	0.109157
3.57715e-010	0.106931
3.58265e-010	0.104741
3.58814e-010	0.102586
3.59364e-010	0.100465
3.59913e-010	0.0983791
3.60463e-010	0.0963272
3.61012e-010	0.0943091
3.61562e-010	0.0923244
3.62111e-010	0.0903729
3.62661e-010	0.0884543
3.6321e-010	0.0865681
3.6376e-010	0.084714
3.64309e-010	0.0828918
3.64859e-010	0.081101
3.65408e-010	0.0793414
3.65958e-010	0.0776125
3.66507e-010	0.075914
3.67056e-010	0.0742457
3.67606e-010	0.0726071
3.68155e-010	0.0709978
3.68705e-010	0.0694177
3.69254e-010	0.0678662
3.69804e-010	0.0663431
3.70353e-010	0.0648479
3.70903e-010	0.0633805
3.71452e-010	0.0619403
3.72002e-010	0.0605271
3.72551e-010	0.0591404
3.73101e-010	0.0577801
3.7365e-010	0.0564456
3.742e-010	0.0551367
3.74749e-010	0.053853
3.75299e-010	0.0525942
3.75848e-010	0.0513599
3.76398e-010	0.0501498
3.76947e-010	0.0489636
3.77497e-010	0.0478008
3.78046e-010	0.0466612
3.78596e-010	0.0455445
3.79145e-010	0.0444502
3.79695e-010	0.0433781
3.80244e-010	0.0423278
3.80794e-010	0.041299
3.81343e-010	0.0402913
3.81893e-010	0.0393045
3.82442e-010	0.0383382
3.82992e-010	0.0373921
3.83541e-010	0.0364659
3.84091e-010	0.0355592
3.8464e-010	0.0346718
3.8519e-010	0.0338032
3.85739e-010	0.0329533
3.86289e-010	0.0321217
3.86838e-010	0.0313081
3.87387e-010	0.0305122
3.87937e-010	0.0297337
3.88486e-010	0.0289723
3.89036e-010	0.0282277
3.89585e-010	0.0274996
3.90135e-010	0.0267878
3.90684e-010	0.0260919
3.91234e-010	0.0254116
3.91783e-010	0.0247467
3.92333e-010	0.0240969
3.92882e-010	0.0234619
3.93432e-010	0.0228415
3.93981e-010	0.0222354
3.94531e-010	0.0216433
3.9508e-010	0.0210649
3.9563e-010	0.0205001
3.96179e-010	0.0199485
3.96729e-010	0.0194099
3.97278e-010	0.018884
3.97828e-010	0.0183706
3.98377e-010	0.0178695
3.98927e-010	0.0173804
3.99476e-010	0.0169031
4.00026e-010	0.0164373
4.00575e-010	0.0159828
4.01125e-010	0.0155394
4.01674e-010	0.0151069
4.02224e-010	0.014685
4.02773e-010	0.0142735
4.03323e-010	0.0138722
4.03872e-010	0.0134809
4.04422e-010	0.0130994
4.04971e-010	0.0127275
4.05521e-010	0.012365
4.0607e-010	0.0120117
4.06619e-010	0.0116673
4.07169e-010	0.0113317
4.07718e-010	0.0110048
4.08268e-010	0.0106862
4.08817e-010	0.0103759
4.09367e-010	0.0100736
4.09916e-010	0.00977923
4.10466e-010	0.00949253
4.11015e-010	0.00921336
4.11565e-010	0.00894154
4.12114e-010	0.00867692
4.12664e-010	0.00841933
4.13213e-010	0.0081686
4.13763e-010	0.00792459
4.14312e-010	0.00768713
4.14862e-010	0.00745607
4.15411e-010	0.00723127
4.15961e-010	0.00701258
4.1651e-010	0.00679986
4.1706e-010	0.00659296
4.17609e-010	0.00639174
4.18159e-010	0.00619608
4.18708e-010	0.00600583
4.19258e-010	0.00582087
4.19807e-010	0.00564107
4.20357e-010	0.0054663
4.20906e-010	0.00529644
4.21456e-010	0.00513136
4.22005e-010	0.00497096
4.22555e-010	0.00481512
4.23104e-010	0.00466371
4.23654e-010	0.00451664
4.24203e-010	0.00437378
4.24753e-010	0.00423504
4.25302e-010	0.00410031
4.25851e-010	0.00396949
4.26401e-010	0.00384248
4.2695e-010	0.00371917
4.275e-010	0.00359948
4.28049e-010	0.00348331
4.28599e-010	0.00337057
4.29148e-010	0.00326116
4.29698e-010	0.003155
4.30247e-010	0.00305201
4.30797e-010	0.0029521
4.31346e-010	0.00285519
4.31896e-010	0.0027612
4.32445e-010	0.00267004
4.32995e-010	0.00258165
4.33544e-010	0.00249595
4.34094e-010	0.00241286
4.34643e-010	0.00233232
4.35193e-010	0.00225425
4.35742e-010	0.00217858
4.36292e-010	0.00210525
4.36841e-010	0.0020342
4.37391e-010	0.00196536
4.3794e-010	0.00189867
4.3849e-010	0.00183406
4.39039e-010	0.00177149
4.39589e-010	0.00171088
4.40138e-010	0.0016522
4.40688e-010	0.00159537
4.41237e-010	0.00154035
4.41787e-010	0.00148709
4.42336e-010	0.00143553
4.42886e-010	0.00138562
4.43435e-010	0.00133733
4.43985e-010	0.00129059
4.44534e-010	0.00124537
4.45083e-010	0.00120162
4.45633e-010	0.0011593
4.46182e-010	0.00111835
4.46732e-010	0.00107876
4.47281e-010	0.00104046
4.47831e-010	0.00100343
4.4838e-010	0.000967626
4.4893e-010	0.000933009
4.49479e-010	0.000899545
4.50029e-010	0.000867198
4.50578e-010	0.000835935
4.51128e-010	0.000805722
4.51677e-010	0.000776527
4.52227e-010	0.000748319
4.52776e-010	0.000721066
4.53326e-010	0.00069474
4.53875e-010	0.000669311
4.54425e-010	0.000644751
4.54974e-010	0.000621034
4.55524e-010	0.000598131
4.56073e-010	0.000576019
4.56623e-010	0.000554671
4.57172e-010	0.000534063
4.57722e-010	0.000514172
4.58271e-010	0.000494974
4.58821e-010	0.000476448
4.5937e-010	0.000458572
4.5992e-010	0.000441324
4.60469e-010	0.000424684
4.61019e-010	0.000408633
4.61568e-010	0.000393151
4.62118e-010	0.000378219
4.62667e-010	0.00036382
4.63217e-010	0.000349936
4.63766e-010	0.000336549
4.64315e-010	0.000323644
4.64865e-010	0.000311204
4.65414e-010	0.000299213
4.65964e-010	0.000287657
4.66513e-010	0.000276521
4.67063e-010	0.000265791
4.67612e-010	0.000255453
4.68162e-010	0.000245493
4.68711e-010	0.0002359
4.69261e-010	0.000226659
4.6981e-010	0.00021776
4.7036e-010	0.00020919
4.70909e-010	0.000200938
4.71459e-010	0.000192994
4.72008e-010	0.000185346
4.72558e-010	0.000177984
4.73107e-010	0.000170898
4.73657e-010	0.000164078
4.74206e-010	0.000157516
4.74756e-010	0.000151202
4.75305e-010	0.000145127
4.75855e-010	0.000139282
4.76404e-010	0.000133661
4.76954e-010	0.000128254
