2.74743e-013	0.000125991
8.24229e-013	0.000131308
1.37371e-012	0.000136837
1.9232e-012	0.000142584
2.47269e-012	0.000148559
3.02217e-012	0.000154769
3.57166e-012	0.000161224
4.12114e-012	0.000167931
4.67063e-012	0.000174901
5.22011e-012	0.000182143
5.7696e-012	0.000189667
6.31909e-012	0.000197483
6.86857e-012	0.000205601
7.41806e-012	0.000214033
7.96754e-012	0.000222789
8.51703e-012	0.000231881
9.06652e-012	0.000241321
9.616e-012	0.000251122
1.01655e-011	0.000261295
1.0715e-011	0.000271855
1.12645e-011	0.000282815
1.18139e-011	0.000294189
1.23634e-011	0.00030599
1.29129e-011	0.000318235
1.34624e-011	0.000330938
1.40119e-011	0.000344116
1.45614e-011	0.000357784
1.51109e-011	0.000371959
1.56603e-011	0.00038666
1.62098e-011	0.000401903
1.67593e-011	0.000417707
1.73088e-011	0.000434091
1.78583e-011	0.000451074
1.84078e-011	0.000468678
1.89573e-011	0.000486922
1.95067e-011	0.000505828
2.00562e-011	0.000525418
2.06057e-011	0.000545714
2.11552e-011	0.000566741
2.17047e-011	0.000588521
2.22542e-011	0.000611081
2.28037e-011	0.000634444
2.33531e-011	0.000658639
2.39026e-011	0.00068369
2.44521e-011	0.000709627
2.50016e-011	0.000736477
2.55511e-011	0.000764271
2.61006e-011	0.000793037
2.66501e-011	0.000822808
2.71995e-011	0.000853616
2.7749e-011	0.000885492
2.82985e-011	0.000918471
2.8848e-011	0.000952587
2.93975e-011	0.000987877
2.9947e-011	0.00102438
3.04965e-011	0.00106212
3.10459e-011	0.00110115
3.15954e-011	0.00114151
3.21449e-011	0.00118324
3.26944e-011	0.00122637
3.32439e-011	0.00127095
3.37934e-011	0.00131703
3.43429e-011	0.00136465
3.48923e-011	0.00141386
3.54418e-011	0.0014647
3.59913e-011	0.00151722
3.65408e-011	0.00157148
3.70903e-011	0.00162752
3.76398e-011	0.0016854
3.81893e-011	0.00174517
3.87387e-011	0.00180689
3.92882e-011	0.00187062
3.98377e-011	0.0019364
4.03872e-011	0.00200431
4.09367e-011	0.00207441
4.14862e-011	0.00214675
4.20357e-011	0.0022214
4.25851e-011	0.00229843
4.31346e-011	0.0023779
4.36841e-011	0.00245988
4.42336e-011	0.00254445
4.47831e-011	0.00263168
4.53326e-011	0.00272163
4.58821e-011	0.00281439
4.64315e-011	0.00291004
4.6981e-011	0.00300865
4.75305e-011	0.00311031
4.808e-011	0.00321509
4.86295e-011	0.00332309
4.9179e-011	0.00343438
4.97285e-011	0.00354907
5.02779e-011	0.00366723
5.08274e-011	0.00378897
5.13769e-011	0.00391438
5.19264e-011	0.00404355
5.24759e-011	0.00417659
5.30254e-011	0.00431359
5.35749e-011	0.00445466
5.41243e-011	0.0045999
5.46738e-011	0.00474943
5.52233e-011	0.00490335
5.57728e-011	0.00506178
5.63223e-011	0.00522483
5.68718e-011	0.00539262
5.74213e-011	0.00556526
5.79707e-011	0.00574288
5.85202e-011	0.00592561
5.90697e-011	0.00611356
5.96192e-011	0.00630688
6.01687e-011	0.00650569
6.07182e-011	0.00671013
6.12677e-011	0.00692033
6.18171e-011	0.00713644
6.23666e-011	0.00735859
6.29161e-011	0.00758693
6.34656e-011	0.00782162
6.40151e-011	0.00806279
6.45646e-011	0.00831061
6.51141e-011	0.00856523
6.56636e-011	0.00882681
6.6213e-011	0.00909551
6.67625e-011	0.00937149
6.7312e-011	0.00965493
6.78615e-011	0.009946
6.8411e-011	0.0102449
6.89605e-011	0.0105517
6.951e-011	0.0108667
7.00594e-011	0.01119
7.06089e-011	0.0115218
7.11584e-011	0.0118624
7.17079e-011	0.0122119
7.22574e-011	0.0125704
7.28069e-011	0.0129383
7.33564e-011	0.0133156
7.39058e-011	0.0137026
7.44553e-011	0.0140996
7.50048e-011	0.0145066
7.55543e-011	0.014924
7.61038e-011	0.015352
7.66533e-011	0.0157907
7.72028e-011	0.0162403
7.77522e-011	0.0167012
7.83017e-011	0.0171736
7.88512e-011	0.0176576
7.94007e-011	0.0181535
7.99502e-011	0.0186616
8.04997e-011	0.0191821
8.10492e-011	0.0197152
8.15986e-011	0.0202611
8.21481e-011	0.0208203
8.26976e-011	0.0213928
8.32471e-011	0.0219789
8.37966e-011	0.022579
8.43461e-011	0.0231932
8.48956e-011	0.0238219
8.5445e-011	0.0244653
8.59945e-011	0.0251236
8.6544e-011	0.0257972
8.70935e-011	0.0264864
8.7643e-011	0.0271914
8.81925e-011	0.0279124
8.8742e-011	0.0286499
8.92914e-011	0.029404
8.98409e-011	0.0301751
9.03904e-011	0.0309635
9.09399e-011	0.0317695
9.14894e-011	0.0325933
9.20389e-011	0.0334353
9.25884e-011	0.0342957
9.31378e-011	0.035175
9.36873e-011	0.0360734
9.42368e-011	0.0369912
9.47863e-011	0.0379287
9.53358e-011	0.0388862
9.58853e-011	0.0398642
9.64348e-011	0.0408628
9.69842e-011	0.0418825
9.75337e-011	0.0429235
9.80832e-011	0.0439862
9.86327e-011	0.0450709
9.91822e-011	0.0461779
9.97317e-011	0.0473077
1.00281e-010	0.0484604
1.00831e-010	0.0496365
1.0138e-010	0.0508363
1.0193e-010	0.0520602
1.02479e-010	0.0533084
1.03029e-010	0.0545813
1.03578e-010	0.0558793
1.04128e-010	0.0572027
1.04677e-010	0.0585519
1.05227e-010	0.0599272
1.05776e-010	0.0613289
1.06325e-010	0.0627574
1.06875e-010	0.0642131
1.07424e-010	0.0656963
1.07974e-010	0.0672074
1.08523e-010	0.0687466
1.09073e-010	0.0703144
1.09622e-010	0.0719111
1.10172e-010	0.073537
1.10721e-010	0.0751925
1.11271e-010	0.076878
1.1182e-010	0.0785937
1.1237e-010	0.0803401
1.12919e-010	0.0821174
1.13469e-010	0.0839261
1.14018e-010	0.0857664
1.14568e-010	0.0876387
1.15117e-010	0.0895434
1.15667e-010	0.0914807
1.16216e-010	0.093451
1.16766e-010	0.0954547
1.17315e-010	0.097492
1.17865e-010	0.0995633
1.18414e-010	0.101669
1.18964e-010	0.103809
1.19513e-010	0.105984
1.20063e-010	0.108195
1.20612e-010	0.110441
1.21162e-010	0.112723
1.21711e-010	0.115041
1.22261e-010	0.117395
1.2281e-010	0.119787
1.2336e-010	0.122215
1.23909e-010	0.124681
1.24459e-010	0.127184
1.25008e-010	0.129725
1.25557e-010	0.132305
1.26107e-010	0.134923
1.26656e-010	0.137579
1.27206e-010	0.140275
1.27755e-010	0.143009
1.28305e-010	0.145783
1.28854e-010	0.148597
1.29404e-010	0.15145
1.29953e-010	0.154344
1.30503e-010	0.157278
1.31052e-010	0.160252
1.31602e-010	0.163267
1.32151e-010	0.166323
1.32701e-010	0.16942
1.3325e-010	0.172558
1.338e-010	0.175737
1.34349e-010	0.178958
1.34899e-010	0.182221
1.35448e-010	0.185525
1.35998e-010	0.188872
1.36547e-010	0.19226
1.37097e-010	0.195691
1.37646e-010	0.199164
1.38196e-010	0.202679
1.38745e-010	0.206236
1.39295e-010	0.209836
1.39844e-010	0.213478
1.40394e-010	0.217163
1.40943e-010	0.22089
1.41493e-010	0.22466
1.42042e-010	0.228473
1.42592e-010	0.232328
1.43141e-010	0.236225
1.43691e-010	0.240165
1.4424e-010	0.244148
1.4479e-010	0.248173
1.45339e-010	0.25224
1.45888e-010	0.256349
1.46438e-010	0.2605
1.46987e-010	0.264694
1.47537e-010	0.268929
1.48086e-010	0.273206
1.48636e-010	0.277525
1.49185e-010	0.281885
1.49735e-010	0.286286
1.50284e-010	0.290728
1.50834e-010	0.295211
1.51383e-010	0.299734
1.51933e-010	0.304298
1.52482e-010	0.308902
1.53032e-010	0.313545
1.53581e-010	0.318228
1.54131e-010	0.32295
1.5468e-010	0.327711
1.5523e-010	0.33251
1.55779e-010	0.337348
1.56329e-010	0.342223
1.56878e-010	0.347136
1.57428e-010	0.352085
1.57977e-010	0.357071
1.58527e-010	0.362093
1.59076e-010	0.367151
1.59626e-010	0.372244
1.60175e-010	0.377372
1.60725e-010	0.382533
1.61274e-010	0.387729
1.61824e-010	0.392957
1.62373e-010	0.398218
1.62923e-010	0.403511
1.63472e-010	0.408835
1.64022e-010	0.41419
1.64571e-010	0.419575
1.6512e-010	0.42499
1.6567e-010	0.430434
1.66219e-010	0.435905
1.66769e-010	0.441404
1.67318e-010	0.44693
1.67868e-010	0.452482
1.68417e-010	0.458059
1.68967e-010	0.463661
1.69516e-010	0.469286
1.70066e-010	0.474935
1.70615e-010	0.480605
1.71165e-010	0.486297
1.71714e-010	0.492009
1.72264e-010	0.497741
1.72813e-010	0.503492
1.73363e-010	0.509261
1.73912e-010	0.515046
1.74462e-010	0.520848
1.75011e-010	0.526665
1.75561e-010	0.532496
1.7611e-010	0.53834
1.7666e-010	0.544196
1.77209e-010	0.550064
1.77759e-010	0.555942
1.78308e-010	0.561829
1.78858e-010	0.567724
1.79407e-010	0.573627
1.79957e-010	0.579536
1.80506e-010	0.585449
1.81056e-010	0.591367
1.81605e-010	0.597287
1.82155e-010	0.60321
1.82704e-010	0.609132
1.83254e-010	0.615055
1.83803e-010	0.620975
1.84352e-010	0.626893
1.84902e-010	0.632807
1.85451e-010	0.638716
1.86001e-010	0.644619
1.8655e-010	0.650514
1.871e-010	0.6564
1.87649e-010	0.662277
1.88199e-010	0.668142
1.88748e-010	0.673995
1.89298e-010	0.679835
1.89847e-010	0.685659
1.90397e-010	0.691468
1.90946e-010	0.697259
1.91496e-010	0.703032
1.92045e-010	0.708785
1.92595e-010	0.714517
1.93144e-010	0.720227
1.93694e-010	0.725913
1.94243e-010	0.731574
1.94793e-010	0.737209
1.95342e-010	0.742817
1.95892e-010	0.748396
1.96441e-010	0.753945
1.96991e-010	0.759462
1.9754e-010	0.764947
1.9809e-010	0.770398
1.98639e-010	0.775814
1.99189e-010	0.781194
1.99738e-010	0.786536
2.00288e-010	0.791839
2.00837e-010	0.797101
2.01387e-010	0.802323
2.01936e-010	0.807501
2.02486e-010	0.812635
2.03035e-010	0.817724
2.03584e-010	0.822766
2.04134e-010	0.827761
2.04683e-010	0.832706
2.05233e-010	0.837601
2.05782e-010	0.842445
2.06332e-010	0.847235
2.06881e-010	0.851972
2.07431e-010	0.856654
2.0798e-010	0.861279
2.0853e-010	0.865846
2.09079e-010	0.870355
2.09629e-010	0.874804
2.10178e-010	0.879191
2.10728e-010	0.883517
2.11277e-010	0.887779
2.11827e-010	0.891976
2.12376e-010	0.896108
2.12926e-010	0.900173
2.13475e-010	0.904171
2.14025e-010	0.908099
2.14574e-010	0.911958
2.15124e-010	0.915746
2.15673e-010	0.919461
2.16223e-010	0.923104
2.16772e-010	0.926673
2.17322e-010	0.930167
2.17871e-010	0.933585
2.18421e-010	0.936926
2.1897e-010	0.94019
2.1952e-010	0.943375
2.20069e-010	0.946481
2.20619e-010	0.949506
2.21168e-010	0.95245
2.21718e-010	0.955312
2.22267e-010	0.958091
2.22816e-010	0.960787
2.23366e-010	0.963399
2.23915e-010	0.965925
2.24465e-010	0.968366
2.25014e-010	0.97072
2.25564e-010	0.972988
2.26113e-010	0.975167
2.26663e-010	0.977259
2.27212e-010	0.979261
2.27762e-010	0.981174
2.28311e-010	0.982997
2.28861e-010	0.984729
2.2941e-010	0.986371
2.2996e-010	0.987921
2.30509e-010	0.989379
2.31059e-010	0.990744
2.31608e-010	0.992017
2.32158e-010	0.993197
2.32707e-010	0.994284
2.33257e-010	0.995276
2.33806e-010	0.996175
2.34356e-010	0.99698
2.34905e-010	0.99769
2.35455e-010	0.998305
2.36004e-010	0.998825
2.36554e-010	0.999251
2.37103e-010	0.999581
2.37653e-010	0.999816
2.38202e-010	0.999956
2.38752e-010	1
2.39301e-010	0.999949
2.39851e-010	0.999803
2.404e-010	0.999561
2.4095e-010	0.999224
2.41499e-010	0.998792
2.42048e-010	0.998265
2.42598e-010	0.997643
2.43147e-010	0.996927
2.43697e-010	0.996116
2.44246e-010	0.99521
2.44796e-010	0.994211
2.45345e-010	0.993118
2.45895e-010	0.991932
2.46444e-010	0.990652
2.46994e-010	0.98928
2.47543e-010	0.987816
2.48093e-010	0.986259
2.48642e-010	0.984612
2.49192e-010	0.982873
2.49741e-010	0.981044
2.50291e-010	0.979124
2.5084e-010	0.977116
2.5139e-010	0.975018
2.51939e-010	0.972833
2.52489e-010	0.970559
2.53038e-010	0.968199
2.53588e-010	0.965752
2.54137e-010	0.96322
2.54687e-010	0.960602
2.55236e-010	0.9579
2.55786e-010	0.955115
2.56335e-010	0.952247
2.56885e-010	0.949298
2.57434e-010	0.946267
2.57984e-010	0.943156
2.58533e-010	0.939965
2.59083e-010	0.936696
2.59632e-010	0.933349
2.60182e-010	0.929926
2.60731e-010	0.926427
2.6128e-010	0.922853
2.6183e-010	0.919205
2.62379e-010	0.915484
2.62929e-010	0.911691
2.63478e-010	0.907828
2.64028e-010	0.903894
2.64577e-010	0.899892
2.65127e-010	0.895822
2.65676e-010	0.891686
2.66226e-010	0.887484
2.66775e-010	0.883217
2.67325e-010	0.878887
2.67874e-010	0.874495
2.68424e-010	0.870042
2.68973e-010	0.86553
2.69523e-010	0.860958
2.70072e-010	0.856329
2.70622e-010	0.851644
2.71171e-010	0.846903
2.71721e-010	0.842109
2.7227e-010	0.837262
2.7282e-010	0.832363
2.73369e-010	0.827414
2.73919e-010	0.822416
2.74468e-010	0.817371
2.75018e-010	0.812279
2.75567e-010	0.807141
2.76117e-010	0.80196
2.76666e-010	0.796736
2.77216e-010	0.79147
2.77765e-010	0.786165
2.78315e-010	0.78082
2.78864e-010	0.775438
2.79414e-010	0.770019
2.79963e-010	0.764566
2.80512e-010	0.759079
2.81062e-010	0.753559
2.81611e-010	0.748008
2.82161e-010	0.742427
2.8271e-010	0.736817
2.8326e-010	0.73118
2.83809e-010	0.725517
2.84359e-010	0.71983
2.84908e-010	0.714118
2.85458e-010	0.708385
2.86007e-010	0.70263
2.86557e-010	0.696856
2.87106e-010	0.691064
2.87656e-010	0.685254
2.88205e-010	0.679428
2.88755e-010	0.673588
2.89304e-010	0.667734
2.89854e-010	0.661867
2.90403e-010	0.65599
2.90953e-010	0.650103
2.91502e-010	0.644207
2.92052e-010	0.638304
2.92601e-010	0.632395
2.93151e-010	0.626481
2.937e-010	0.620563
2.9425e-010	0.614642
2.94799e-010	0.608719
2.95349e-010	0.602797
2.95898e-010	0.596875
2.96448e-010	0.590954
2.96997e-010	0.585037
2.97547e-010	0.579123
2.98096e-010	0.573215
2.98646e-010	0.567313
2.99195e-010	0.561418
2.99744e-010	0.555532
3.00294e-010	0.549655
3.00843e-010	0.543788
3.01393e-010	0.537932
3.01942e-010	0.532089
3.02492e-010	0.526259
3.03041e-010	0.520443
3.03591e-010	0.514642
3.0414e-010	0.508858
3.0469e-010	0.503091
3.05239e-010	0.497341
3.05789e-010	0.49161
3.06338e-010	0.485899
3.06888e-010	0.480209
3.07437e-010	0.47454
3.07987e-010	0.468893
3.08536e-010	0.463269
3.09086e-010	0.457669
3.09635e-010	0.452094
3.10185e-010	0.446544
3.10734e-010	0.44102
3.11284e-010	0.435523
3.11833e-010	0.430053
3.12383e-010	0.424612
3.12932e-010	0.419199
3.13482e-010	0.413816
3.14031e-010	0.408463
3.14581e-010	0.403141
3.1513e-010	0.39785
3.1568e-010	0.392591
3.16229e-010	0.387365
3.16779e-010	0.382172
3.17328e-010	0.377013
3.17878e-010	0.371888
3.18427e-010	0.366797
3.18976e-010	0.361742
3.19526e-010	0.356722
3.20075e-010	0.351739
3.20625e-010	0.346792
3.21174e-010	0.341882
3.21724e-010	0.337009
3.22273e-010	0.332174
3.22823e-010	0.327378
3.23372e-010	0.32262
3.23922e-010	0.3179
3.24471e-010	0.31322
3.25021e-010	0.308579
3.2557e-010	0.303978
3.2612e-010	0.299417
3.26669e-010	0.294897
3.27219e-010	0.290417
3.27768e-010	0.285978
3.28318e-010	0.281579
3.28867e-010	0.277222
3.29417e-010	0.272907
3.29966e-010	0.268633
3.30516e-010	0.2644
3.31065e-010	0.26021
3.31615e-010	0.256061
3.32164e-010	0.251955
3.32714e-010	0.247891
3.33263e-010	0.243869
3.33813e-010	0.239889
3.34362e-010	0.235952
3.34912e-010	0.232058
3.35461e-010	0.228206
3.36011e-010	0.224396
3.3656e-010	0.220629
3.3711e-010	0.216905
3.37659e-010	0.213223
3.38208e-010	0.209583
3.38758e-010	0.205987
3.39307e-010	0.202432
3.39857e-010	0.19892
3.40406e-010	0.19545
3.40956e-010	0.192023
3.41505e-010	0.188637
3.42055e-010	0.185294
3.42604e-010	0.181992
3.43154e-010	0.178732
3.43703e-010	0.175514
3.44253e-010	0.172338
3.44802e-010	0.169202
3.45352e-010	0.166108
3.45901e-010	0.163055
3.46451e-010	0.160043
3.47e-010	0.157072
3.4755e-010	0.154141
3.48099e-010	0.15125
3.48649e-010	0.148399
3.49198e-010	0.145588
3.49748e-010	0.142817
3.50297e-010	0.140085
3.50847e-010	0.137393
3.51396e-010	0.134739
3.51946e-010	0.132124
3.52495e-010	0.129547
3.53045e-010	0.127008
3.53594e-010	0.124508
3.54144e-010	0.122045
3.54693e-010	0.119619
3.55243e-010	0.11723
3.55792e-010	0.114878
3.56342e-010	0.112563
3.56891e-010	0.110283
3.5744e-010	0.10804
3.5799e-010	0.105832
3.58539e-010	0.103659
3.59089e-010	0.101521
3.59638e-010	0.0994178
3.60188e-010	0.0973489
3.60737e-010	0.0953139
3.61287e-010	0.0933126
3.61836e-010	0.0913446
3.62386e-010	0.0894095
3.62935e-010	0.0875072
3.63485e-010	0.0856371
3.64034e-010	0.083799
3.64584e-010	0.0819925
3.65133e-010	0.0802173
3.65683e-010	0.0784731
3.66232e-010	0.0767595
3.66782e-010	0.0750761
3.67331e-010	0.0734227
3.67881e-010	0.0717988
3.6843e-010	0.0702042
3.6898e-010	0.0686384
3.69529e-010	0.0671011
3.70079e-010	0.065592
3.70628e-010	0.0641108
3.71178e-010	0.062657
3.71727e-010	0.0612303
3.72277e-010	0.0598304
3.72826e-010	0.058457
3.73376e-010	0.0571096
3.73925e-010	0.055788
3.74475e-010	0.0544917
3.75024e-010	0.0532205
3.75574e-010	0.051974
3.76123e-010	0.0507519
3.76672e-010	0.0495538
3.77222e-010	0.0483793
3.77771e-010	0.0472282
3.78321e-010	0.0461
3.7887e-010	0.0449945
3.7942e-010	0.0439114
3.79969e-010	0.0428502
3.80519e-010	0.0418107
3.81068e-010	0.0407925
3.81618e-010	0.0397953
3.82167e-010	0.0388188
3.82717e-010	0.0378627
3.83266e-010	0.0369265
3.83816e-010	0.0360101
3.84365e-010	0.0351131
3.84915e-010	0.0342351
3.85464e-010	0.033376
3.86014e-010	0.0325353
3.86563e-010	0.0317127
3.87113e-010	0.030908
3.87662e-010	0.0301208
3.88212e-010	0.0293509
3.88761e-010	0.0285979
3.89311e-010	0.0278616
3.8986e-010	0.0271417
3.9041e-010	0.0264378
3.90959e-010	0.0257498
3.91509e-010	0.0250772
3.92058e-010	0.0244199
3.92608e-010	0.0237776
3.93157e-010	0.0231499
3.93707e-010	0.0225367
3.94256e-010	0.0219376
3.94806e-010	0.0213524
3.95355e-010	0.0207809
3.95905e-010	0.0202227
3.96454e-010	0.0196776
3.97003e-010	0.0191454
3.97553e-010	0.0186258
3.98102e-010	0.0181186
3.98652e-010	0.0176235
3.99201e-010	0.0171403
3.99751e-010	0.0166687
4.003e-010	0.0162086
4.0085e-010	0.0157597
4.01399e-010	0.0153218
4.01949e-010	0.0148946
4.02498e-010	0.0144779
4.03048e-010	0.0140716
4.03597e-010	0.0136753
4.04147e-010	0.013289
4.04696e-010	0.0129123
4.05246e-010	0.0125451
4.05795e-010	0.0121872
4.06345e-010	0.0118384
4.06894e-010	0.0114984
4.07444e-010	0.0111672
4.07993e-010	0.0108444
4.08543e-010	0.01053
4.09092e-010	0.0102238
4.09642e-010	0.00992545
4.10191e-010	0.00963493
4.10741e-010	0.00935201
4.1129e-010	0.00907654
4.1184e-010	0.00880834
4.12389e-010	0.00854726
4.12939e-010	0.00829312
4.13488e-010	0.00804576
4.14038e-010	0.00780505
4.14587e-010	0.00757081
4.15137e-010	0.0073429
4.15686e-010	0.00712118
4.16235e-010	0.00690549
4.16785e-010	0.00669569
4.17334e-010	0.00649165
4.17884e-010	0.00629323
4.18433e-010	0.00610029
4.18983e-010	0.0059127
4.19532e-010	0.00573033
4.20082e-010	0.00555306
4.20631e-010	0.00538076
4.21181e-010	0.00521331
4.2173e-010	0.00505059
4.2228e-010	0.00489248
4.22829e-010	0.00473887
4.23379e-010	0.00458964
4.23928e-010	0.00444469
4.24478e-010	0.00430391
4.25027e-010	0.00416718
4.25577e-010	0.00403442
4.26126e-010	0.00390551
4.26676e-010	0.00378037
4.27225e-010	0.00365888
4.27775e-010	0.00354096
4.28324e-010	0.00342651
4.28874e-010	0.00331545
4.29423e-010	0.00320768
4.29973e-010	0.00310312
4.30522e-010	0.00300168
4.31072e-010	0.00290328
4.31621e-010	0.00280783
4.32171e-010	0.00271527
4.3272e-010	0.00262551
4.3327e-010	0.00253847
4.33819e-010	0.00245408
4.34369e-010	0.00237228
4.34918e-010	0.00229298
4.35467e-010	0.00221612
4.36017e-010	0.00214163
4.36566e-010	0.00206945
4.37116e-010	0.00199951
4.37665e-010	0.00193175
4.38215e-010	0.00186611
4.38764e-010	0.00180252
4.39314e-010	0.00174094
4.39863e-010	0.0016813
4.40413e-010	0.00162355
4.40962e-010	0.00156764
4.41512e-010	0.0015135
4.42061e-010	0.0014611
4.42611e-010	0.00141037
4.4316e-010	0.00136128
4.4371e-010	0.00131377
4.44259e-010	0.0012678
4.44809e-010	0.00122331
4.45358e-010	0.00118028
4.45908e-010	0.00113865
4.46457e-010	0.00109839
4.47007e-010	0.00105945
4.47556e-010	0.00102179
4.48106e-010	0.000985378
4.48655e-010	0.000950171
4.49205e-010	0.000916135
4.49754e-010	0.000883234
4.50304e-010	0.000851433
4.50853e-010	0.0008207
4.51403e-010	0.000791
4.51952e-010	0.000762302
4.52502e-010	0.000734575
4.53051e-010	0.000707789
4.53601e-010	0.000681915
4.5415e-010	0.000656924
4.54699e-010	0.000632789
4.55249e-010	0.000609482
4.55798e-010	0.000586978
4.56348e-010	0.000565251
4.56897e-010	0.000544276
4.57447e-010	0.000524029
4.57996e-010	0.000504488
4.58546e-010	0.000485629
4.59095e-010	0.00046743
4.59645e-010	0.00044987
4.60194e-010	0.000432929
4.60744e-010	0.000416586
4.61293e-010	0.000400822
4.61843e-010	0.000385617
4.62392e-010	0.000370954
4.62942e-010	0.000356815
4.63491e-010	0.000343181
4.64041e-010	0.000330037
4.6459e-010	0.000317367
4.6514e-010	0.000305153
4.65689e-010	0.000293382
4.66239e-010	0.000282038
4.66788e-010	0.000271106
4.67338e-010	0.000260574
4.67887e-010	0.000250427
4.68437e-010	0.000240652
4.68986e-010	0.000231236
4.69536e-010	0.000222168
4.70085e-010	0.000213435
4.70635e-010	0.000205025
4.71184e-010	0.000196928
4.71734e-010	0.000189133
4.72283e-010	0.00018163
4.72833e-010	0.000174407
4.73382e-010	0.000167455
4.73931e-010	0.000160766
4.74481e-010	0.000154328
4.7503e-010	0.000148135
4.7558e-010	0.000142176
4.76129e-010	0.000136444
4.76679e-010	0.000130931
4.77228e-010	0.000125628
