% time-domain current integration by openEMS v0.0.35 @Wed Apr 01 21:40:06 2020
% start-coordinates: (0.0486984,-0.0666622,0.0005) m -> [39,24,7]
% stop-coordinates: (0.049685,-0.06569,0.0005) m -> [40,25,7]
% t/s	current
2.74742888164e-013	-0
2.06057166123e-011	-1.52764272343e-008
4.09366903365e-011	-6.23175395731e-008
6.12676640606e-011	-2.17521886725e-007
8.15986377848e-011	-6.64514686832e-007
1.01929611509e-010	-1.78545985818e-006
1.22260585233e-010	-4.22401853939e-006
1.42591558957e-010	-8.80689003679e-006
1.62922532681e-010	-1.61991101777e-005
1.83253506406e-010	-2.63222464127e-005
2.0358448013e-010	-3.78545701096e-005
2.23915453854e-010	-4.83033327328e-005
2.44246427578e-010	-5.48825737496e-005
2.64577401302e-010	-5.5797630921e-005
2.84908375026e-010	-5.10979079991e-005
3.0523934875e-010	-4.25063917646e-005
3.25570322475e-010	-3.24112479575e-005
3.45901296199e-010	-2.27797681873e-005
3.66232269923e-010	-1.46444672282e-005
3.86563243647e-010	-8.2478081822e-006
4.06894217371e-010	-3.48279809259e-006
4.27225191095e-010	-2.24662215942e-007
4.4755616482e-010	1.60724084708e-006
4.67887138544e-010	2.16331932279e-006
4.88218112268e-010	1.76725802703e-006
5.08549085992e-010	9.0137797315e-007
5.28880059716e-010	9.02250292256e-008
5.4921103344e-010	-2.20837762299e-007
5.69542007164e-010	2.81730763163e-007
5.89872980889e-010	1.76641538019e-006
6.10203954613e-010	4.22452058046e-006
6.30534928337e-010	7.40101177144e-006
6.50865902061e-010	1.07531222966e-005
6.71196875785e-010	1.3536089682e-005
6.91527849509e-010	1.50460309669e-005
7.11858823234e-010	1.49379357026e-005
7.32189796958e-010	1.34196661747e-005
7.52520770682e-010	1.11621138785e-005
7.72851744406e-010	8.93281685421e-006
7.9318271813e-010	7.1747695074e-006
8.13513691854e-010	5.82202437727e-006
8.33844665579e-010	4.48746732218e-006
8.54175639303e-010	2.86895055979e-006
8.74506613027e-010	1.06082018192e-006
8.94837586751e-010	-4.62857826733e-007
9.15168560475e-010	-1.16378600978e-006
9.35499534199e-010	-8.08601896551e-007
9.55830507923e-010	3.68868938949e-007
9.76161481648e-010	1.8115858893e-006
9.96492455372e-010	2.9856337278e-006
1.0168234291e-009	3.69926988242e-006
1.03715440282e-009	4.17299543187e-006
1.05748537654e-009	4.82194536744e-006
1.07781635027e-009	5.9241992858e-006
1.09814732399e-009	7.41240410207e-006
1.11847829772e-009	8.90862156666e-006
1.13880927144e-009	9.92585864878e-006
1.15914024516e-009	1.00795232356e-005
1.17947121889e-009	9.22330673347e-006
1.19980219261e-009	7.4986069194e-006
1.22013316634e-009	5.29570388608e-006
1.24046414006e-009	3.12327892971e-006
1.26079511379e-009	1.42440183026e-006
1.28112608751e-009	4.31429043601e-007
1.30145706123e-009	1.33303132088e-007
1.32178803496e-009	3.45627938714e-007
1.34211900868e-009	8.0706092831e-007
1.36244998241e-009	1.26272902889e-006
1.38278095613e-009	1.53183589191e-006
1.40311192985e-009	1.56914688887e-006
1.42344290358e-009	1.49728725773e-006
1.4437738773e-009	1.57273507284e-006
1.46410485103e-009	2.07344623959e-006
1.48443582475e-009	3.14279532176e-006
1.50476679848e-009	4.66130313725e-006
1.5250977722e-009	6.23159303359e-006
1.54542874592e-009	7.3235050877e-006
1.56575971965e-009	7.52727737563e-006
1.58609069337e-009	6.77003527016e-006
1.6064216671e-009	5.35214985575e-006
1.62675264082e-009	3.77252513317e-006
1.64708361454e-009	2.46906165557e-006
1.66741458827e-009	1.6476287783e-006
1.68774556199e-009	1.27715952658e-006
1.70807653572e-009	1.19365722639e-006
1.72840750944e-009	1.2022720739e-006
1.74873848317e-009	1.13906969545e-006
1.76906945689e-009	9.18924229154e-007
1.78940043061e-009	5.82711550123e-007
1.80973140434e-009	2.9920690281e-007
1.83006237806e-009	2.84217179569e-007
1.85039335179e-009	6.74423461078e-007
1.87072432551e-009	1.44312309658e-006
1.89105529923e-009	2.41665225076e-006
1.91138627296e-009	3.36600533046e-006
1.93171724668e-009	4.10157826991e-006
1.95204822041e-009	4.5143456191e-006
1.97237919413e-009	4.56839688923e-006
1.99271016786e-009	4.28756447945e-006
2.01304114158e-009	3.75967988475e-006
2.0333721153e-009	3.13171517519e-006
2.05370308903e-009	2.55915711023e-006
2.07403406275e-009	2.12526356336e-006
2.09436503648e-009	1.79779431164e-006
2.1146960102e-009	1.4754800759e-006
2.13502698392e-009	1.08938229459e-006
2.15535795765e-009	6.67195365622e-007
2.17568893137e-009	3.114896856e-007
2.1960199051e-009	1.23896128912e-007
2.21635087882e-009	1.46129664813e-007
2.23668185255e-009	3.54590667939e-007
2.25701282627e-009	6.92406672442e-007
2.27734379999e-009	1.1003577356e-006
2.29767477372e-009	1.52955601607e-006
2.31800574744e-009	1.9409997094e-006
2.33833672117e-009	2.30177874982e-006
2.35866769489e-009	2.58505701822e-006
2.37899866861e-009	2.7718574529e-006
2.39932964234e-009	2.85147734758e-006
2.41966061606e-009	2.81866505247e-006
2.43999158979e-009	2.66934785031e-006
2.46032256351e-009	2.40184658651e-006
2.48065353724e-009	2.02685941986e-006
2.50098451096e-009	1.58124089467e-006
2.52131548468e-009	1.13111968858e-006
2.54164645841e-009	7.51473294258e-007
2.56197743213e-009	4.91434946071e-007
2.58230840586e-009	3.55275972197e-007
2.60263937958e-009	3.14958640502e-007
2.6229703533e-009	3.38680536061e-007
2.64330132703e-009	4.0715860905e-007
2.66363230075e-009	5.08855350745e-007
2.68396327448e-009	6.33419574569e-007
2.7042942482e-009	7.79179856636e-007
2.72462522192e-009	9.6373469205e-007
2.74495619565e-009	1.21307016343e-006
2.76528716937e-009	1.52697600697e-006
2.7856181431e-009	1.85224121196e-006
2.80594911682e-009	2.09437394005e-006
2.82628009055e-009	2.16734315472e-006
2.84661106427e-009	2.04542698157e-006
2.86694203799e-009	1.77726565198e-006
2.88727301172e-009	1.45290096043e-006
2.90760398544e-009	1.15230466236e-006
2.92793495917e-009	9.13641429179e-007
2.94826593289e-009	7.37308425869e-007
2.96859690661e-009	6.08706102412e-007
2.98892788034e-009	5.13293912263e-007
3.00925885406e-009	4.37103409467e-007
3.02958982779e-009	3.66236776017e-007
3.04992080151e-009	2.97076184097e-007
3.07025177524e-009	2.47742605097e-007
3.09058274896e-009	2.53376555293e-007
3.11091372268e-009	3.45198429841e-007
3.13124469641e-009	5.28518683041e-007
3.15157567013e-009	7.75742933001e-007
3.17190664386e-009	1.03733214019e-006
3.19223761758e-009	1.26082420593e-006
3.2125685913e-009	1.40556505812e-006
3.23289956503e-009	1.44973091665e-006
3.25323053875e-009	1.39239091368e-006
3.27356151248e-009	1.25417352592e-006
3.2938924862e-009	1.07454036424e-006
3.31422345993e-009	9.01049133972e-007
3.33455443365e-009	7.70471615397e-007
3.35488540737e-009	6.89574278567e-007
3.3752163811e-009	6.31226726e-007
3.39554735482e-009	5.53951565507e-007
3.41587832855e-009	4.34174097563e-007
3.43620930227e-009	2.87847228719e-007
3.45654027599e-009	1.62810366078e-007
3.47687124972e-009	1.0655573135e-007
3.49720222344e-009	1.35856680572e-007
3.51753319717e-009	2.33095903468e-007
3.53786417089e-009	3.66358960946e-007
3.55819514462e-009	5.10282518462e-007
3.57852611834e-009	6.50257788948e-007
3.59885709206e-009	7.74244483637e-007
3.61918806579e-009	8.67521464443e-007
3.63951903951e-009	9.17827094327e-007
3.65985001324e-009	9.23450670598e-007
3.68018098696e-009	8.92772220595e-007
3.70051196068e-009	8.36410038119e-007
3.72084293441e-009	7.61675494232e-007
3.74117390813e-009	6.73548242958e-007
3.76150488186e-009	5.7875041648e-007
3.78183585558e-009	4.86815338263e-007
3.80216682931e-009	4.05681305438e-007
3.82249780303e-009	3.35705635734e-007
3.84282877675e-009	2.70231765853e-007
3.86315975048e-009	2.053715491e-007
3.8834907242e-009	1.49964478169e-007
3.90382169793e-009	1.23838930222e-007
3.92415267165e-009	1.4368569623e-007
3.94448364537e-009	2.08245779731e-007
3.9648146191e-009	2.96811577982e-007
3.98514559282e-009	3.83913857149e-007
4.00547656655e-009	4.56817474515e-007
4.02580754027e-009	5.19206764693e-007
4.04613851399e-009	5.78807203055e-007
4.06646948772e-009	6.32415435575e-007
4.08680046144e-009	6.63188075123e-007
4.10713143517e-009	6.53046527077e-007
4.12746240889e-009	5.98681481279e-007
4.14779338262e-009	5.16022510055e-007
4.16812435634e-009	4.29425142556e-007
4.18845533006e-009	3.56929490408e-007
4.20878630379e-009	3.04269093476e-007
4.22911727751e-009	2.68095107003e-007
4.24944825124e-009	2.41472179141e-007
4.26977922496e-009	2.16955058363e-007
4.29011019868e-009	1.88042477589e-007
4.31044117241e-009	1.525123281e-007
4.33077214613e-009	1.17862875015e-007
4.35110311986e-009	1.01814833897e-007
4.37143409358e-009	1.22450472873e-007
4.39176506731e-009	1.83730250569e-007
4.41209604103e-009	2.69303171763e-007
4.43242701475e-009	3.51574442448e-007
4.45275798848e-009	4.09448716709e-007
4.4730889622e-009	4.39338776914e-007
4.49341993593e-009	4.49624593557e-007
4.51375090965e-009	4.46408989774e-007
4.53408188337e-009	4.27541237968e-007
4.5544128571e-009	3.89541725099e-007
4.57474383082e-009	3.36953831948e-007
4.59507480455e-009	2.82891107872e-007
4.61540577827e-009	2.40714143729e-007
4.635736752e-009	2.15290711481e-007
4.65606772572e-009	2.01102977826e-007
4.67639869944e-009	1.87546163488e-007
4.69672967317e-009	1.66432414517e-007
4.71706064689e-009	1.36494037406e-007
4.73739162062e-009	1.03871350632e-007
4.75772259434e-009	7.97094870109e-008
4.77805356806e-009	7.56202069851e-008
4.79838454179e-009	9.83097265816e-008
4.81871551551e-009	1.45594810874e-007
4.83904648924e-009	2.05738615477e-007
4.85937746296e-009	2.61699710791e-007
4.87970843669e-009	2.99265082049e-007
4.90003941041e-009	3.1329631156e-007
4.92037038413e-009	3.07791651721e-007
4.94070135786e-009	2.91685211096e-007
4.96103233158e-009	2.7366940003e-007
4.98136330531e-009	2.57214935573e-007
5.00169427903e-009	2.39008755898e-007
5.02202525275e-009	2.13865121168e-007
5.04235622648e-009	1.81622723971e-007
5.0626872002e-009	1.48917706611e-007
5.08301817393e-009	1.24653482203e-007
5.10334914765e-009	1.12909951611e-007
5.12368012138e-009	1.09027268991e-007
5.1440110951e-009	1.03532869389e-007
5.16434206882e-009	9.12041997481e-008
5.18467304255e-009	7.62935457033e-008
5.20500401627e-009	6.93562327569e-008
5.22533499e-009	7.92579086806e-008
5.24566596372e-009	1.06689633128e-007
5.26599693744e-009	1.43449781831e-007
5.28632791117e-009	1.78308113163e-007
5.30665888489e-009	2.03859599424e-007
5.32698985862e-009	2.17730644181e-007
5.34732083234e-009	2.19744848096e-007
5.36765180607e-009	2.10874276263e-007
5.38798277979e-009	1.94390210595e-007
5.40831375351e-009	1.75359829768e-007
5.42864472724e-009	1.57677888524e-007
5.44897570096e-009	1.41377597629e-007
5.46930667469e-009	1.23438667288e-007
5.48963764841e-009	1.02743868524e-007
5.50996862213e-009	8.3868371803e-008
5.53029959586e-009	7.37308454291e-008
5.55063056958e-009	7.42059853565e-008
5.57096154331e-009	7.96544270543e-008
5.59129251703e-009	8.09730025253e-008
5.61162349075e-009	7.28219333723e-008
5.63195446448e-009	5.97268723368e-008
5.6522854382e-009	5.42618643351e-008
5.67261641193e-009	6.60226149307e-008
5.69294738565e-009	9.30472339178e-008
5.71327835938e-009	1.24568373394e-007
5.7336093331e-009	1.4913899804e-007
5.75394030682e-009	1.60281587114e-007
5.77427128055e-009	1.58229525482e-007
5.79460225427e-009	1.47595926592e-007
5.814933228e-009	1.32790844987e-007
5.83526420172e-009	1.1674424627e-007
5.85559517544e-009	1.02369170918e-007
5.87592614917e-009	9.16284079722e-008
5.89625712289e-009	8.34674622752e-008
5.91658809662e-009	7.51085522666e-008
5.93691907034e-009	6.53070415524e-008
5.95725004407e-009	5.5892183326e-008
5.97758101779e-009	5.05720976207e-008
5.99791199151e-009	5.14410558594e-008
6.01824296524e-009	5.57498296416e-008
6.03857393896e-009	5.75107570455e-008
6.05890491269e-009	5.37222888397e-008
6.07923588641e-009	4.82878093067e-008
6.09956686013e-009	4.90454326041e-008
6.11989783386e-009	6.10624155684e-008
6.14022880758e-009	8.17974878942e-008
6.16055978131e-009	1.0235614667e-007
6.18089075503e-009	1.14149592889e-007
6.20122172876e-009	1.14269504081e-007
6.22155270248e-009	1.04944362533e-007
6.2418836762e-009	9.08867292537e-008
6.26221464993e-009	7.77197612933e-008
6.28254562365e-009	6.90618975341e-008
6.30287659738e-009	6.38231796302e-008
6.3232075711e-009	5.86480517484e-008
6.34353854482e-009	5.21258485264e-008
6.36386951855e-009	4.48538344244e-008
6.38420049227e-009	3.81486024992e-008
6.404531466e-009	3.43284298765e-008
6.42486243972e-009	3.54535991676e-008
6.44519341345e-009	4.04455100522e-008
6.46552438717e-009	4.52107045135e-008
6.48585536089e-009	4.61435831767e-008
6.50618633462e-009	4.31120632527e-008
6.52651730834e-009	3.98850801275e-008
6.54684828207e-009	4.14484233602e-008
6.56717925579e-009	4.9836415883e-008
6.58751022951e-009	6.26257445902e-008
6.60784120324e-009	7.52582067776e-008
6.62817217696e-009	8.28982251733e-008
6.64850315069e-009	8.11682809854e-008
6.66883412441e-009	6.95069104495e-008
6.68916509814e-009	5.42890532529e-008
6.70949607186e-009	4.37091998151e-008
6.72982704558e-009	3.95348500604e-008
6.75015801931e-009	3.80110414255e-008
6.77048899303e-009	3.63038097362e-008
6.79081996676e-009	3.32483516274e-008
6.81115094048e-009	2.82376326766e-008
6.8314819142e-009	2.38799309216e-008
6.85181288793e-009	2.46742715149e-008
6.87214386165e-009	3.03718330485e-008
6.89247483538e-009	3.53712046319e-008
6.9128058091e-009	3.5748684013e-008
6.93313678282e-009	3.297185458e-008
6.95346775655e-009	3.06780805204e-008
6.97379873027e-009	3.05571035142e-008
6.994129704e-009	3.26689750807e-008
7.01446067772e-009	3.83832805539e-008
7.03479165145e-009	4.85942450723e-008
7.05512262517e-009	5.83303503277e-008
7.07545359889e-009	5.98346687752e-008
7.09578457262e-009	5.2402928219e-008
7.11611554634e-009	4.18131804736e-008
7.13644652007e-009	3.13361283588e-008
7.15677749379e-009	2.25128307108e-008
7.17710846751e-009	1.98281036035e-008
7.19743944124e-009	2.38556161491e-008
7.21777041496e-009	2.663112042e-008
7.23810138869e-009	2.30588899086e-008
7.25843236241e-009	1.80263892702e-008
7.27876333614e-009	1.69147522655e-008
7.29909430986e-009	1.95680609494e-008
7.31942528358e-009	2.42600872724e-008
7.33975625731e-009	2.81660064161e-008
7.36008723103e-009	2.79075980103e-008
7.38041820476e-009	2.49316673973e-008
7.40074917848e-009	2.29600551904e-008
7.4210801522e-009	2.20786304794e-008
7.44141112593e-009	2.33954828843e-008
7.46174209965e-009	3.00837861289e-008
7.48207307338e-009	3.83255134295e-008
7.5024040471e-009	4.09821581115e-008
7.52273502083e-009	3.87587490991e-008
7.54306599455e-009	3.41452768282e-008
7.56339696827e-009	2.50000660174e-008
7.583727942e-009	1.45750309599e-008
7.60405891572e-009	1.09078683863e-008
7.62438988945e-009	1.335404054e-008
7.64472086317e-009	1.59839785852e-008
7.66505183689e-009	1.75294996296e-008
7.68538281062e-009	1.69741731781e-008
7.70571378434e-009	1.36291307129e-008
7.72604475807e-009	1.28813688605e-008
7.74637573179e-009	1.67893325909e-008
7.76670670552e-009	1.9354974512e-008
7.78703767924e-009	2.00397156647e-008
7.80736865296e-009	2.21707026071e-008
7.82769962669e-009	2.04490380185e-008
7.84803060041e-009	1.33641853139e-008
7.86836157414e-009	1.2092573165e-008
7.88869254786e-009	1.91183069376e-008
7.90902352158e-009	2.43368702968e-008
7.92935449531e-009	2.69422635313e-008
7.94968546903e-009	3.0293904274e-008
7.97001644276e-009	2.77196416931e-008
7.99034741648e-009	1.86154700543e-008
8.01067839021e-009	1.23439818367e-008
8.03100936393e-009	7.88196263812e-009
8.05134033765e-009	2.88338553034e-009
8.07167131138e-009	6.88286938555e-009
8.0920022851e-009	1.62557718397e-008
8.11233325883e-009	1.40011433558e-008
8.13266423255e-009	6.98123336917e-009
8.15299520627e-009	1.1755012963e-008
8.17332618e-009	1.68690430513e-008
8.19365715372e-009	1.08356204009e-008
8.21398812745e-009	9.47547640351e-009
8.23431910117e-009	1.81565198432e-008
8.2546500749e-009	1.94048421776e-008
8.27498104862e-009	1.1175007586e-008
8.29531202234e-009	6.99935620574e-009
8.31564299607e-009	9.38054611765e-009
8.33597396979e-009	1.47630858649e-008
8.35630494352e-009	1.97127292267e-008
8.37663591724e-009	1.89519973048e-008
8.39696689096e-009	1.78070482804e-008
8.41729786469e-009	2.13455670917e-008
8.43762883841e-009	1.45635663529e-008
8.45795981214e-009	-3.32224647792e-009
8.47829078586e-009	-3.28128058058e-009
8.49862175958e-009	1.31916877422e-008
8.51895273331e-009	1.12511333583e-008
8.53928370703e-009	-1.25755228453e-009
8.55961468076e-009	8.22084267327e-009
8.57994565448e-009	2.0971718584e-008
8.60027662821e-009	9.25254095563e-009
8.62060760193e-009	-1.15861009675e-009
8.64093857565e-009	1.00484216503e-008
8.66126954938e-009	1.78748287283e-008
8.6816005231e-009	1.12948121966e-008
8.70193149683e-009	6.61377619338e-009
8.72226247055e-009	6.18098372485e-009
8.74259344427e-009	7.15228765102e-009
8.762924418e-009	1.1652903531e-008
8.78325539172e-009	9.83515580089e-009
8.80358636545e-009	4.56891813272e-009
8.82391733917e-009	1.62206195142e-008
8.8442483129e-009	2.74891505114e-008
8.86457928662e-009	8.26345569749e-009
8.88491026034e-009	-1.06171382797e-008
8.90524123407e-009	3.6980944973e-009
8.92557220779e-009	1.38680427142e-008
8.94590318152e-009	-2.68683297833e-009
8.96623415524e-009	-5.20648368862e-009
8.98656512896e-009	1.43287692822e-008
9.00689610269e-009	1.68247282772e-008
9.02722707641e-009	3.22733884062e-009
9.04755805014e-009	9.04071595365e-010
9.06788902386e-009	6.87653667342e-009
9.08821999759e-009	1.15624914088e-008
9.10855097131e-009	1.20667875692e-008
9.12888194503e-009	1.92305749103e-009
9.14921291876e-009	-1.86541759817e-009
9.16954389248e-009	1.49425805063e-008
9.18987486621e-009	1.53475774312e-008
9.21020583993e-009	-1.07899165158e-008
9.23053681365e-009	-4.44373160491e-009
9.25086778738e-009	3.14439567717e-008
9.2711987611e-009	2.16908926376e-008
9.29152973483e-009	-1.44514729072e-008
9.31186070855e-009	-1.2295751084e-009
9.33219168228e-009	2.40817890074e-008
9.352522656e-009	2.10463646511e-010
9.37285362972e-009	-2.04604635456e-008
9.39318460345e-009	3.28020499651e-009
9.41351557717e-009	1.92988682812e-008
9.4338465509e-009	8.15812306598e-009
9.45417752462e-009	2.23814522471e-009
9.47450849834e-009	6.16118045471e-010
9.49483947207e-009	1.80772463665e-009
9.51517044579e-009	1.59053783477e-008
9.53550141952e-009	1.12439604294e-008
9.55583239324e-009	-1.39686680001e-008
9.57616336697e-009	-6.76239508834e-010
9.59649434069e-009	2.99516287328e-008
9.61682531441e-009	4.98037344698e-009
9.63715628814e-009	-2.58881875936e-008
9.65748726186e-009	6.70544597625e-009
9.67781823559e-009	3.20599475856e-008
9.69814920931e-009	1.42504585909e-009
9.71848018303e-009	-1.08140678634e-008
9.73881115676e-009	1.28468666816e-008
9.75914213048e-009	1.23182442024e-008
9.77947310421e-009	-3.96721056006e-009
9.79980407793e-009	-5.71367220203e-009
9.82013505165e-009	-6.58644871976e-009
9.84046602538e-009	4.34226343771e-009
9.8607969991e-009	2.35203589938e-008
9.88112797283e-009	1.83734605308e-009
9.90145894655e-009	-2.23740688199e-008
9.92178992028e-009	1.72910716856e-008
9.942120894e-009	3.58688829749e-008
9.96245186772e-009	-2.34566144286e-008
9.98278284145e-009	-2.99562898931e-008
1.00031138152e-008	4.1336491563e-008
1.00234447889e-008	3.14105292887e-008
1.00437757626e-008	-4.09081266639e-008
1.00641067363e-008	-1.68429092895e-008
1.00844377101e-008	4.36014637728e-008
1.01047686838e-008	1.17519745046e-008
1.01250996575e-008	-2.77158189732e-008
1.01454306312e-008	3.97249877437e-009
1.0165761605e-008	2.38307009681e-008
1.01860925787e-008	4.840620349e-009
1.02064235524e-008	-2.42854891752e-009
1.02267545261e-008	-9.95712134966e-009
1.02470854999e-008	-1.33576651962e-008
1.02674164736e-008	1.78330292755e-008
1.02877474473e-008	2.31346746205e-008
1.0308078421e-008	-2.06245402978e-008
1.03284093948e-008	-1.49296006668e-008
1.03487403685e-008	3.42285204624e-008
1.03690713422e-008	1.72787935071e-008
1.03894023159e-008	-2.66191477749e-008
1.04097332897e-008	-6.8567160838e-009
1.04300642634e-008	1.96493346039e-008
1.04503952371e-008	6.17521500601e-009
1.04707262108e-008	1.04241681953e-009
1.04910571846e-008	-2.1355166524e-009
1.05113881583e-008	-1.5123246655e-008
1.0531719132e-008	1.14272022955e-008
1.05520501057e-008	3.27004059386e-008
1.05723810794e-008	-1.77709740257e-008
1.05927120532e-008	-3.27342633e-008
1.06130430269e-008	3.93779728824e-008
1.06333740006e-008	3.79558748875e-008
1.06537049743e-008	-4.91501879196e-008
1.06740359481e-008	-3.17294492902e-008
1.06943669218e-008	5.33848840689e-008
1.07146978955e-008	1.97977492178e-008
1.07350288692e-008	-5.02472481401e-008
1.0755359843e-008	-3.090270706e-009
1.07756908167e-008	5.05083086466e-008
1.07960217904e-008	3.83071485643e-009
1.08163527641e-008	-3.35033476517e-008
1.08366837379e-008	-2.45758036144e-009
1.08570147116e-008	2.04770991274e-008
1.08773456853e-008	1.33062272312e-008
1.0897676659e-008	-3.63265328929e-009
1.09180076328e-008	-2.49032439115e-008
1.09383386065e-008	-4.38578062756e-009
1.09586695802e-008	4.54598989563e-008
1.09790005539e-008	1.40444571528e-008
1.09993315277e-008	-6.10513666288e-008
1.10196625014e-008	-1.55393742318e-008
1.10399934751e-008	8.19396461793e-008
1.10603244488e-008	2.74190359306e-008
1.10806554226e-008	-8.89092461875e-008
1.11009863963e-008	-3.71700217272e-008
1.112131737e-008	9.11424251626e-008
1.11416483437e-008	4.96712928566e-008
1.11619793174e-008	-9.06429704628e-008
1.11823102912e-008	-6.58131966702e-008
1.12026412649e-008	9.35925896783e-008
1.12229722386e-008	9.55883123765e-008
1.12433032123e-008	-8.55559179058e-008
1.12636341861e-008	-1.18470637744e-007
1.12839651598e-008	8.46405114885e-008
1.13042961335e-008	1.43868490454e-007
1.13246271072e-008	-8.43392768957e-008
1.1344958081e-008	-1.64008540082e-007
1.13652890547e-008	9.0557065846e-008
1.13856200284e-008	1.83726584169e-007
1.14059510021e-008	-9.53559933237e-008
1.14262819759e-008	-1.94112644181e-007
1.14466129496e-008	1.05086535029e-007
1.14669439233e-008	2.02690813467e-007
1.1487274897e-008	-1.07785723458e-007
1.15076058708e-008	-1.97472758146e-007
1.15279368445e-008	1.1315925974e-007
1.15482678182e-008	1.89277898244e-007
1.15685987919e-008	-1.12929029683e-007
1.15889297657e-008	-1.79918572485e-007
1.16092607394e-008	1.01687703591e-007
1.16295917131e-008	1.7187312551e-007
1.16499226868e-008	-7.22749433635e-008
1.16702536606e-008	-1.57783659915e-007
1.16905846343e-008	3.88114145267e-008
1.1710915608e-008	1.55104004307e-007
1.17312465817e-008	6.69989974611e-009
1.17515775554e-008	-1.60186516496e-007
1.17719085292e-008	-5.57314585592e-008
1.17922395029e-008	1.75873410058e-007
1.18125704766e-008	1.04644477972e-007
1.18329014503e-008	-1.94421673427e-007
1.18532324241e-008	-1.4091440903e-007
1.18735633978e-008	2.15131450432e-007
1.18938943715e-008	1.66501664012e-007
1.19142253452e-008	-2.22047262355e-007
1.1934556319e-008	-1.7436127564e-007
1.19548872927e-008	2.14667807086e-007
1.19752182664e-008	1.7877326286e-007
1.19955492401e-008	-1.82817430527e-007
1.20158802139e-008	-1.89094478742e-007
1.20362111876e-008	1.27431448504e-007
1.20565421613e-008	2.14863263182e-007
1.2076873135e-008	-5.86593493779e-008
1.20972041088e-008	-2.57317765318e-007
1.21175350825e-008	3.69562158653e-009
1.21378660562e-008	3.25703155113e-007
1.21581970299e-008	2.99660172232e-008
1.21785280037e-008	-3.99506802751e-007
1.21988589774e-008	-2.84196204348e-008
1.22191899511e-008	4.56674939642e-007
1.22395209248e-008	-6.21684392854e-009
1.22598518986e-008	-4.71344947073e-007
1.22801828723e-008	6.070322911e-008
1.2300513846e-008	4.32412946338e-007
1.23208448197e-008	-1.01302219946e-007
1.23411757935e-008	-3.35797039952e-007
1.23615067672e-008	1.00133647152e-007
1.23818377409e-008	2.05979006296e-007
1.24021687146e-008	-2.70045674711e-008
1.24224996883e-008	-7.03508860056e-008
1.24428306621e-008	-1.18909383673e-007
1.24631616358e-008	-3.47662130196e-008
1.24834926095e-008	3.13666959073e-007
1.25038235832e-008	8.07534803471e-008
1.2524154557e-008	-5.12513395279e-007
1.25444855307e-008	-5.58397914574e-008
1.25648165044e-008	6.73547219776e-007
1.25851474781e-008	-9.50599954308e-009
1.26054784519e-008	-7.49546245515e-007
1.26258094256e-008	7.37033261089e-008
1.26461403993e-008	7.26323719391e-007
1.2666471373e-008	-8.46914929298e-008
1.26868023468e-008	-6.25015161404e-007
1.27071333205e-008	2.7991760021e-009
1.27274642942e-008	5.01727015489e-007
1.27477952679e-008	1.87599795254e-007
1.27681262417e-008	-4.19724813128e-007
1.27884572154e-008	-4.54630253444e-007
1.28087881891e-008	4.3941352601e-007
1.28291191628e-008	7.3836804404e-007
1.28494501366e-008	-5.79155482683e-007
1.28697811103e-008	-9.55540485847e-007
1.2890112084e-008	8.13548979295e-007
1.29104430577e-008	1.03612376279e-006
1.29307740315e-008	-1.07255698367e-006
1.29511050052e-008	-9.50907065089e-007
1.29714359789e-008	1.26175859805e-006
1.29917669526e-008	7.31296722734e-007
1.30120979263e-008	-1.28443684844e-006
1.30324289001e-008	-4.49087735888e-007
1.30527598738e-008	1.09693439754e-006
1.30730908475e-008	2.14462858139e-007
1.30934218212e-008	-7.16558076874e-007
1.3113752795e-008	-1.33853802708e-007
1.31340837687e-008	2.22868891342e-007
1.31544147424e-008	2.71156835652e-007
1.31747457161e-008	2.67520249508e-007
1.31950766899e-008	-6.14515897723e-007
1.32154076636e-008	-6.32484443486e-007
1.32357386373e-008	1.08095946416e-006
1.3256069611e-008	7.99027645826e-007
1.32764005848e-008	-1.52648203766e-006
1.32967315585e-008	-7.63831394579e-007
1.33170625322e-008	1.80029201147e-006
1.33373935059e-008	6.08417735748e-007
1.33577244797e-008	-1.79401445166e-006
1.33780554534e-008	-4.76581078601e-007
1.33983864271e-008	1.48428432567e-006
1.34187174008e-008	5.27392273852e-007
1.34390483746e-008	-9.44816918036e-007
1.34593793483e-008	-8.65394497396e-007
1.3479710322e-008	3.43480508036e-007
1.35000412957e-008	1.50692858369e-006
1.35203722695e-008	1.21009264831e-007
1.35407032432e-008	-2.35350512412e-006
1.35610342169e-008	-2.87380856889e-007
1.35813651906e-008	3.21032916872e-006
1.36016961643e-008	9.47114813243e-008
1.36220271381e-008	-3.84299391953e-006
1.36423581118e-008	3.88599460166e-007
1.36626890855e-008	4.0659356273e-006
1.36830200592e-008	-9.6562644103e-007
1.3703351033e-008	-3.80657911592e-006
1.37236820067e-008	1.37604274641e-006
1.37440129804e-008	3.15019724439e-006
1.37643439541e-008	-1.37984875437e-006
1.37846749279e-008	-2.32239290199e-006
1.38050059016e-008	8.49933769587e-007
1.38253368753e-008	1.62302023909e-006
1.3845667849e-008	1.69171414655e-007
1.38659988228e-008	-1.3259930256e-006
1.38863297965e-008	-1.45795240769e-006
1.39066607702e-008	1.58731461397e-006
1.39269917439e-008	2.70042528427e-006
1.39473227177e-008	-2.36544065046e-006
1.39676536914e-008	-3.58655984201e-006
1.39879846651e-008	3.419901077e-006
1.40083156388e-008	3.92850279241e-006
1.40286466126e-008	-4.38239749201e-006
1.40489775863e-008	-3.74365595235e-006
1.406930856e-008	4.88061004944e-006
1.40896395337e-008	3.26991812472e-006
1.41099705075e-008	-4.66734854854e-006
1.41303014812e-008	-2.88547948912e-006
1.41506324549e-008	3.7288968997e-006
1.41709634286e-008	2.97913038594e-006
1.41912944023e-008	-2.30575324167e-006
1.42116253761e-008	-3.79492098546e-006
1.42319563498e-008	8.25011511552e-007
1.42522873235e-008	5.31748082722e-006
1.42726182972e-008	2.42182807142e-007
1.4292949271e-008	-7.2433222158e-006
1.43132802447e-008	-5.46745980046e-007
1.43336112184e-008	9.06484910956e-006
1.43539421921e-008	3.60023477697e-009
1.43742731659e-008	-1.02269386844e-005
1.43946041396e-008	1.1684569472e-006
1.44149351133e-008	1.0327770724e-005
1.4435266087e-008	-2.50928883361e-006
1.44555970608e-008	-9.27838118514e-006
1.44759280345e-008	3.46937054019e-006
1.44962590082e-008	7.35559569875e-006
1.45165899819e-008	-3.60279000233e-006
1.45369209557e-008	-5.11914095114e-006
1.45572519294e-008	2.74266039924e-006
1.45775829031e-008	3.2319408092e-006
1.45979138768e-008	-1.07481901068e-006
1.46182448506e-008	-2.22803873839e-006
1.46385758243e-008	-9.08861125026e-007
1.4658906798e-008	2.32258730648e-006
1.46792377717e-008	2.57819783656e-006
1.46995687455e-008	-3.32663967129e-006
1.47198997192e-008	-3.39552957485e-006
1.47402306929e-008	4.69880615128e-006
1.47605616666e-008	3.12424936055e-006
1.47808926403e-008	-5.71860527998e-006
1.48012236141e-008	-1.92513357433e-006
1.48215545878e-008	5.74443947698e-006
1.48418855615e-008	3.22093910654e-007
1.48622165352e-008	-4.44756778961e-006
1.4882547509e-008	9.69632310444e-007
1.49028784827e-008	1.94115273189e-006
1.49232094564e-008	-1.30059765979e-006
1.49435404301e-008	1.24091206999e-006
1.49638714039e-008	3.3949572753e-007
1.49842023776e-008	-4.30914769822e-006
1.50045333513e-008	1.77961010195e-006
1.5024864325e-008	6.48682453175e-006
1.50451952988e-008	-4.45772775493e-006
1.50655262725e-008	-7.27460474081e-006
1.50858572462e-008	6.79677259541e-006
1.51061882199e-008	6.62112279315e-006
1.51265191937e-008	-7.88119632489e-006
1.51468501674e-008	-4.93700599691e-006
1.51671811411e-008	7.08570132701e-006
1.51875121148e-008	2.95003110296e-006
1.52078430886e-008	-4.29812916991e-006
1.52281740623e-008	-1.44562932292e-006
1.5248505036e-008	-1.68320184457e-008
1.52688360097e-008	9.93680259853e-007
1.52891669835e-008	4.95644417242e-006
1.53094979572e-008	-1.74372780748e-006
1.53298289309e-008	-9.47345051827e-006
1.53501599046e-008	3.36006951329e-006
1.53704908783e-008	1.27213552332e-005
1.53908218521e-008	-5.12725728186e-006
1.54111528258e-008	-1.4332603314e-005
1.54314837995e-008	6.19959882897e-006
1.54518147732e-008	1.45400999827e-005
1.5472145747e-008	-5.90166791881e-006
1.54924767207e-008	-1.40858810482e-005
1.55128076944e-008	3.98672318624e-006
1.55331386681e-008	1.39550811582e-005
1.55534696419e-008	-7.53557515054e-007
1.55738006156e-008	-1.50259565999e-005
1.55941315893e-008	-3.03195633933e-006
1.5614462563e-008	1.7751377527e-005
1.56347935368e-008	6.38871597403e-006
1.56551245105e-008	-2.19783123612e-005
1.56754554842e-008	-8.4497669377e-006
1.56957864579e-008	2.69838001259e-005
1.57161174317e-008	8.7652961156e-006
1.57364484054e-008	-3.17095436912e-005
1.57567793791e-008	-7.46978093957e-006
1.57771103528e-008	3.51118142135e-005
1.57974413266e-008	5.25638461113e-006
1.58177723003e-008	-3.64979605365e-005
1.5838103274e-008	-3.17165586239e-006
1.58584342477e-008	3.57233075192e-005
1.58787652215e-008	2.30466184803e-006
1.58990961952e-008	-3.31711671606e-005
1.59194271689e-008	-3.46240631188e-006
1.59397581426e-008	2.95468162221e-005
1.59600891163e-008	6.94013306202e-006
1.59804200901e-008	-2.55821869359e-005
1.60007510638e-008	-1.24591151689e-005
1.60210820375e-008	2.17748929572e-005
1.60414130112e-008	1.92838870134e-005
1.6061743985e-008	-1.82541589311e-005
1.60820749587e-008	-2.64616974164e-005
1.61024059324e-008	1.48085218825e-005
1.61227369061e-008	3.30925868184e-005
1.61430678799e-008	-1.10324817797e-005
1.61633988536e-008	-3.85297207686e-005
1.61837298273e-008	6.51995515e-006
1.6204060801e-008	4.2465471779e-005
1.62243917748e-008	-1.01724708657e-006
1.62447227485e-008	-4.49135914096e-005
1.62650537222e-008	-5.5234422689e-006
1.62853846959e-008	4.61316594738e-005
1.63057156697e-008	1.29887985167e-005
1.63260466434e-008	-4.65295815957e-005
1.63463776171e-008	-2.11824444705e-005
1.63667085908e-008	4.66022320325e-005
1.63870395646e-008	2.98695904348e-005
1.64073705383e-008	-4.68713187729e-005
1.6427701512e-008	-3.8743713958e-005
1.64480324857e-008	4.77956455143e-005
1.64683634595e-008	4.73264735774e-005
1.64886944332e-008	-4.96252287121e-005
1.65090254069e-008	-5.48831667402e-005
1.65293563806e-008	5.22157861269e-005
1.65496873544e-008	6.04705091973e-005
1.65700183281e-008	-5.48653333681e-005
1.65903493018e-008	-6.31828370388e-005
1.66106802755e-008	5.627914652e-005
1.66310112492e-008	6.25687825959e-005
1.6651342223e-008	-5.47490344616e-005
1.66716731967e-008	-5.90614436078e-005
1.66920041704e-008	4.85654381919e-005
1.67123351441e-008	5.41817498743e-005
1.67326661179e-008	-3.65895139112e-005
1.67529970916e-008	-5.03101255163e-005
1.67733280653e-008	1.88195463124e-005
1.6793659039e-008	4.99989182572e-005
1.68139900128e-008	3.2971552173e-006
1.68343209865e-008	-5.50022086827e-005
1.68546519602e-008	-2.70301534329e-005
1.68749829339e-008	6.53653914924e-005
1.68953139077e-008	4.90837701363e-005
1.69156448814e-008	-7.89618134149e-005
1.69359758551e-008	-6.67020576657e-005
1.69563068288e-008	9.17716461117e-005
1.69766378026e-008	7.8780009062e-005
1.69969687763e-008	-9.89591280813e-005
1.701729975e-008	-8.65192123456e-005
1.70376307237e-008	9.64976425166e-005
1.70579616975e-008	9.32783950702e-005
1.70782926712e-008	-8.27989788377e-005
1.70986236449e-008	-0.000103524507722
1.71189546186e-008	5.96896716161e-005
1.71392855924e-008	0.000121123521239
1.71596165661e-008	-3.22331979987e-005
1.71799475398e-008	-0.00014751550043
1.72002785135e-008	7.26769121684e-006
1.72206094872e-008	0.000180469913175
1.7240940461e-008	8.98305916053e-006
1.72612714347e-008	-0.000214008803596
1.72816024084e-008	-1.34373785841e-005
1.73019333821e-008	0.000239756656811
1.73222643559e-008	7.86374494055e-006
1.73425953296e-008	-0.000249486824032
1.73629263033e-008	9.89080035652e-007
1.7383257277e-008	0.000238112581428
1.74035882508e-008	-3.10521500069e-006
1.74239192245e-008	-0.000206047130632
1.74442501982e-008	-1.16105911729e-005
1.74645811719e-008	0.000159924835316
1.74849121457e-008	4.96431457577e-005
1.75052431194e-008	-0.000111136891064
1.75255740931e-008	-0.000110971166578
1.75459050668e-008	7.237571117e-005
1.75662360406e-008	0.000188143589185
1.75865670143e-008	-5.31692385266e-005
1.7606897988e-008	-0.000267924711807
1.76272289617e-008	5.59435284231e-005
1.76475599355e-008	0.000335265009198
1.76678909092e-008	-7.41769181332e-005
1.76882218829e-008	-0.000378457887564
1.77085528566e-008	9.36315627769e-005
1.77288838304e-008	0.000393741735024
1.77492148041e-008	-9.66281295405e-005
1.77695457778e-008	-0.000387526437407
1.77898767515e-008	6.82036043145e-005
1.78102077252e-008	0.000375066214474
1.7830538699e-008	-2.13920066017e-006
1.78508696727e-008	-0.000375600793632
1.78712006464e-008	-9.54305869527e-005
1.78915316201e-008	0.000405315804528
1.79118625939e-008	0.000206575627089
1.79321935676e-008	-0.000470453145681
1.79525245413e-008	-0.000306715781335
1.7972855515e-008	0.000563128327485
1.79931864888e-008	0.000373041839339
1.80135174625e-008	-0.000661784084514
1.80338484362e-008	-0.000393443013309
1.80541794099e-008	0.000736747286282
1.80745103837e-008	0.000372555688955
1.80948413574e-008	-0.000759549089707
1.81151723311e-008	-0.000332190131303
1.81355033048e-008	0.000713101413567
1.81558342786e-008	0.000305219378788
1.81761652523e-008	-0.000599092105404
1.8196496226e-008	-0.000324465072481
1.82168271997e-008	0.000439461262431
1.82371581735e-008	0.000410211418057
1.82574891472e-008	-0.000270602467936
1.82778201209e-008	-0.000560902990401
1.82981510946e-008	0.000131587163196
1.83184820684e-008	0.000750938779674
1.83388130421e-008	-5.01817412442e-005
1.83591440158e-008	-0.000937273318414
1.83794749895e-008	3.17011290463e-005
1.83998059632e-008	0.00107338442467
1.8420136937e-008	-5.52108103875e-005
1.84404679107e-008	-0.00112614128739
1.84607988844e-008	7.92902865214e-005
1.84811298581e-008	0.00108944345266
1.85014608319e-008	-5.61971828574e-005
1.85217918056e-008	-0.000989085063338
1.85421227793e-008	-5.00606111018e-005
1.8562453753e-008	0.000876030360814
1.85827847268e-008	0.000248188182013
1.86031157005e-008	-0.000809433229733
1.86234466742e-008	-0.000512748840265
1.86437776479e-008	0.000834794715047
1.86641086217e-008	0.000789482961409
1.86844395954e-008	-0.000965057406574
1.87047705691e-008	-0.00101208442356
1.87251015428e-008	0.00117201684043
1.87454325166e-008	0.00112534128129
1.87657634903e-008	-0.00139214412775
1.8786094464e-008	-0.00110655697063
1.88064254377e-008	0.00154582969844
1.88267564115e-008	0.000976975192316
1.88470873852e-008	-0.00156404462177
1.88674183589e-008	-0.000797865795903
1.88877493326e-008	0.00141323136631
1.89080803064e-008	0.000651252106763
1.89284112801e-008	-0.00110923871398
1.89487422538e-008	-0.000611060124356
1.89690732275e-008	0.00071451329859
1.89894042012e-008	0.000714627734851
1.9009735175e-008	-0.000318444072036
1.90300661487e-008	-0.00094525096938
1.90503971224e-008	6.88423460815e-006
1.90707280961e-008	0.00123316049576
1.90910590699e-008	0.000168743805261
1.91113900436e-008	-0.00147603894584
1.91317210173e-008	-0.000211395177757
1.9152051991e-008	0.0015731677413
1.91723829648e-008	0.000179312832188
1.91927139385e-008	-0.00146192184184
1.92130449122e-008	-0.000166313635418
1.92333758859e-008	0.00114364095498
1.92537068597e-008	0.000267477793386
1.92740378334e-008	-0.000688577943947
1.92943688071e-008	-0.000541902089026
1.93146997808e-008	0.000216418527998
1.93350307546e-008	0.000985922524706
1.93553617283e-008	0.000142598291859
1.9375692702e-008	-0.00152720708866
1.93960236757e-008	-0.000293327466352
1.94163546495e-008	0.00204334384762
1.94366856232e-008	0.000212172933971
1.94570165969e-008	-0.00240005925298
1.94773475706e-008	3.94893795601e-005
1.94976785444e-008	0.00249688141048
1.95180095181e-008	-0.000331243994879
1.95383404918e-008	-0.00230449181981
1.95586714655e-008	0.000505069619976
1.95790024392e-008	0.00187976984307
1.9599333413e-008	-0.000428879866377
1.96196643867e-008	-0.00135131715797
1.96399953604e-008	4.3711217586e-005
1.96603263341e-008	0.000878378166817
1.96806573079e-008	0.000612716190517
1.97009882816e-008	-0.000595807679929
1.97213192553e-008	-0.00141570984852
1.9741650229e-008	0.000563844921999
1.97619812028e-008	0.00219480111264
1.97823121765e-008	-0.000741071358789
1.98026431502e-008	-0.00279294513166
1.98229741239e-008	0.000992014072835
1.98433050977e-008	0.0031230149325
1.98636360714e-008	-0.00112913164776
1.98839670451e-008	-0.00320063857362
1.99042980188e-008	0.000976496026851
1.99246289926e-008	0.00313993357122
1.99449599663e-008	-0.000433878973126
1.996529094e-008	-0.00311174010858
1.99856219137e-008	-0.000481503666379
2.00059528875e-008	0.00327787105925
2.00262838612e-008	0.00163163780235
2.00466148349e-008	-0.00372480950318
2.00669458086e-008	-0.00279611069709
2.00872767824e-008	0.00442173238844
2.01076077561e-008	0.00374099658802
2.01279387298e-008	-0.00521969469264
2.01482697035e-008	-0.00429537706077
2.01686006772e-008	0.00589422695339
2.0188931651e-008	0.00440887548029
2.02092626247e-008	-0.00621741032228
2.02295935984e-008	-0.00416895933449
2.02499245721e-008	0.00603429926559
2.02702555459e-008	0.00377065991051
2.02905865196e-008	-0.00531641906127
2.03109174933e-008	-0.0034486441873
2.0331248467e-008	0.00417257519439
2.03515794408e-008	0.00339559768327
2.03719104145e-008	-0.00281219836324
2.03922413882e-008	-0.00369624327868
2.04125723619e-008	0.00147354672663
2.04329033357e-008	0.00430046580732
2.04532343094e-008	-0.000341971521266
2.04735652831e-008	-0.00504473177716
2.04938962568e-008	-0.000512611004524
2.05142272306e-008	0.00571319740266
2.05345582043e-008	0.00115696294233
2.0554889178e-008	-0.00611566891894
2.05752201517e-008	-0.00176771939732
2.05955511255e-008	0.00615365244448
2.06158820992e-008	0.0025671471376
2.06362130729e-008	-0.00585074536502
2.06565440466e-008	-0.00374486856163
2.06768750204e-008	0.00533726392314
2.06972059941e-008	0.00539260311052
2.07175369678e-008	-0.00479635596275
2.07378679415e-008	-0.00747254025191
2.07581989153e-008	0.00439273752272
2.0778529889e-008	0.00982676632702
2.07988608627e-008	-0.0042106541805
2.08191918364e-008	-0.0122206173837
2.08395228101e-008	0.00422287918627
2.08598537839e-008	0.0144027043134
2.08801847576e-008	-0.00429928814992
2.09005157313e-008	-0.0161615237594
2.0920846705e-008	0.00424851989374
2.09411776788e-008	0.017363358289
2.09615086525e-008	-0.00387479225174
2.09818396262e-008	-0.0179652161896
2.10021705999e-008	0.0030289911665
2.10225015737e-008	0.0180060826242
2.10428325474e-008	-0.00163870025426
2.10631635211e-008	-0.0175851508975
2.10834944948e-008	-0.000287410570309
2.11038254686e-008	0.0168363116682
2.11241564423e-008	0.00267459475435
2.1144487416e-008	-0.0159042477608
2.11648183897e-008	-0.00540509540588
2.11851493635e-008	0.0149225285277
2.12054803372e-008	0.00833927281201
2.12258113109e-008	-0.0139910243452
2.12461422846e-008	-0.0113309547305
2.12664732584e-008	0.0131515339017
2.12868042321e-008	0.0142400730401
2.13071352058e-008	-0.0123662315309
2.13274661795e-008	-0.0169488247484
2.13477971533e-008	0.0115097751841
2.1368128127e-008	0.0193855632097
2.13884591007e-008	-0.0103877037764
2.14087900744e-008	-0.0215530525893
2.14291210481e-008	0.00878668390214
2.14494520219e-008	0.0235480666161
2.14697829956e-008	-0.00654949061573
2.14901139693e-008	-0.0255531333387
2.1510444943e-008	0.0036534992978
2.15307759168e-008	0.0277859568596
2.15511068905e-008	-0.000262083252892
2.15714378642e-008	-0.0304066501558
2.15917688379e-008	-0.00328000122681
2.16120998117e-008	0.0334056466818
2.16324307854e-008	0.00652214884758
2.16527617591e-008	-0.0365140587091
2.16730927328e-008	-0.00904498249292
2.16934237066e-008	0.0391837209463
2.17137546803e-008	0.0106231365353
2.1734085654e-008	-0.0406695827842
2.17544166277e-008	-0.0113570578396
2.17747476015e-008	0.0402129665017
2.17950785752e-008	0.0117148607969
2.18154095489e-008	-0.0372824780643
2.18357405226e-008	-0.0124444328249
2.18560714964e-008	0.0317946262658
2.18764024701e-008	0.0143582830206
2.18967334438e-008	-0.0242249388248
2.19170644175e-008	-0.0180438831449
2.19373953913e-008	0.0155412480235
2.1957726365e-008	0.0235932115465
2.19780573387e-008	-0.00694543216377
2.19983883124e-008	-0.0304589439183
2.20187192861e-008	-0.000517574138939
2.20390502599e-008	0.0375179424882
2.20593812336e-008	0.00636000651866
2.20797122073e-008	-0.0433604158461
2.2100043181e-008	-0.0109065119177
2.21203741548e-008	0.0467394553125
2.21407051285e-008	0.0152765223756
2.21610361022e-008	-0.0470395945013
2.21813670759e-008	-0.0210472177714
2.22016980497e-008	0.0445904508233
2.22220290234e-008	0.0296690315008
2.22423599971e-008	-0.0406743623316
2.22626909708e-008	-0.0418189875782
2.22830219446e-008	0.0371675938368
2.23033529183e-008	0.0569354966283
2.2323683892e-008	-0.0358825176954
2.23440148657e-008	-0.0731512531638
2.23643458395e-008	0.0378087610006
2.23846768132e-008	0.0877208262682
2.24050077869e-008	-0.0425287559628
2.24253387606e-008	-0.0978624299169
2.24456697344e-008	0.0480673313141
2.24660007081e-008	0.101759031415
2.24863316818e-008	-0.0513124726713
2.25066626555e-008	-0.0993601381779
2.25269936293e-008	0.0489448718727
2.2547324603e-008	0.0926447436213
2.25676555767e-008	-0.038604952395
2.25879865504e-008	-0.0851621180773
2.26083175241e-008	0.0198871828616
2.26286484979e-008	0.0809144973755
2.26489794716e-008	0.00524402083829
2.26693104453e-008	-0.0829134583473
2.2689641419e-008	-0.032861482352
2.27099723928e-008	0.0919157862663
2.27303033665e-008	0.0582689233124
2.27506343402e-008	-0.105846479535
2.27709653139e-008	-0.0776350274682
2.27912962877e-008	0.120223388076
2.28116272614e-008	0.0895041450858
2.28319582351e-008	-0.129546821117
2.28522892088e-008	-0.0955821871758
2.28726201826e-008	0.129246756434
2.28929511563e-008	0.100396111608
2.291328213e-008	-0.117511495948
2.29336131037e-008	-0.109799481928
2.29539440775e-008	0.0962891727686
2.29742750512e-008	0.128745466471
2.29946060249e-008	-0.07098262012
2.30149369986e-008	-0.159083589911
2.30352679724e-008	0.0488005504012
2.30555989461e-008	0.198229402304
2.30759299198e-008	-0.0362349003553
2.30962608935e-008	-0.239331811666
2.31165918673e-008	0.0365137830377
2.3136922841e-008	0.273065239191
2.31572538147e-008	-0.0479899197817
2.31775847884e-008	-0.290576606989
2.31979157621e-008	0.0641688108444
2.32182467359e-008	0.286620348692
2.32385777096e-008	-0.0755518376827
2.32589086833e-008	-0.261742085218
2.3279239657e-008	0.0727972537279
2.32995706308e-008	0.222596362233
2.33199016045e-008	-0.0501670390368
2.33402325782e-008	-0.180092215538
2.33605635519e-008	0.00800073519349
2.33808945257e-008	0.145826071501
2.34012254994e-008	0.0467971377075
2.34215564731e-008	-0.127952978015
2.34418874468e-008	-0.102634564042
2.34622184206e-008	0.127962648869
2.34825493943e-008	0.147016450763
2.3502880368e-008	-0.139636933804
2.35232113417e-008	-0.171015456319
2.35435423155e-008	0.150782093406
2.35638732892e-008	0.172843456268
2.35842042629e-008	-0.147355780005
2.36045352366e-008	-0.159115701914
2.36248662104e-008	0.118674688041
2.36451971841e-008	0.143102914095
2.36655281578e-008	-0.0618786402047
2.36858591315e-008	-0.140306890011
2.37061901053e-008	-0.0160804726183
2.3726521079e-008	0.162708461285
2.37468520527e-008	0.0998829826713
2.37671830264e-008	-0.213657319546
2.37875140001e-008	-0.170493036509
2.38078449739e-008	0.285343647003
2.38281759476e-008	0.21159721911
2.38485069213e-008	-0.360036611557
2.3868837895e-008	-0.215608268976
2.38891688688e-008	0.415025144815
2.39094998425e-008	0.186997413635
2.39298308162e-008	-0.429829895496
2.39501617899e-008	-0.141486033797
2.39704927637e-008	0.393312066793
2.39908237374e-008	0.101043701172
2.40111547111e-008	-0.308113127947
2.40314856848e-008	-0.0861705243587
2.40518166586e-008	0.190614312887
2.40721476323e-008	0.10808776319
2.4092478606e-008	-0.066064670682
2.41128095797e-008	-0.163712203503
2.41331405535e-008	-0.0397386327386
2.41534715272e-008	0.235512077808
2.41738025009e-008	0.109469145536
2.41941334746e-008	-0.296706616879
2.42144644484e-008	-0.140761837363
2.42347954221e-008	0.320324540138
2.42551263958e-008	0.147607862949
2.42754573695e-008	-0.289104819298
2.42957883433e-008	-0.155768185854
2.4316119317e-008	0.202641010284
2.43364502907e-008	0.193445295095
2.43567812644e-008	-0.0789105594158
2.43771122381e-008	-0.280298292637
2.43974432119e-008	-0.0508115589619
2.44177741856e-008	0.418743133545
2.44381051593e-008	0.152333021164
2.4458436133e-008	-0.590918898582
2.44787671068e-008	-0.200823873281
2.44990980805e-008	0.762844562531
2.45194290542e-008	0.190691068769
2.45397600279e-008	-0.894742488861
2.45600910017e-008	-0.139309301972
2.45804219754e-008	0.954142391682
2.46007529491e-008	0.0828568041325
2.46210839228e-008	-0.927146911621
2.46414148966e-008	-0.0652458965778
2.46617458703e-008	0.823628306389
2.4682076844e-008	0.123709782958
2.47024078177e-008	-0.674127578735
2.47227387915e-008	-0.275988578796
2.47430697652e-008	0.519153237343
2.47634007389e-008	0.513713479042
2.47837317126e-008	-0.394405901432
2.48040626864e-008	-0.804576992989
2.48243936601e-008	0.317152380943
2.48447246338e-008	1.1027919054
2.48650556075e-008	-0.278807371855
2.48853865813e-008	-1.36436367035
2.4905717555e-008	0.246742725372
2.49260485287e-008	1.5618789196
2.49463795024e-008	-0.17511934042
2.49667104762e-008	-1.69350850582
2.49870414499e-008	0.0211905166507
2.50073724236e-008	1.78290224075
2.50277033973e-008	0.238575875759
2.5048034371e-008	-1.86977481842
2.50683653448e-008	-0.598382711411
2.50886963185e-008	1.9943434
2.51090272922e-008	1.02281212807
2.51293582659e-008	-2.18100714684
2.51496892397e-008	-1.4567848444
2.51700202134e-008	2.42706203461
2.51903511871e-008	1.84257018566
2.52106821608e-008	-2.70053076744
2.52310131346e-008	-2.13808917999
2.52513441083e-008	2.94803071022
2.5271675082e-008	2.33026027679
2.52920060557e-008	-3.11007022858
2.53123370295e-008	-2.43877410889
2.53326680032e-008	3.13860416412
2.53529989769e-008	2.5090367794
2.53733299506e-008	-3.01081609726
2.53936609244e-008	-2.59669685364
2.54139918981e-008	2.73455619812
2.54343228718e-008	2.74911260605
2.54546538455e-008	-2.34368276596
2.54749848193e-008	-2.98994922638
2.5495315793e-008	1.88512992859
2.55156467667e-008	3.31197619438
2.55359777404e-008	-1.40226137638
2.55563087142e-008	-3.68010425568
2.55766396879e-008	0.920249342918
2.55969706616e-008	4.04315567017
2.56173016353e-008	-0.438352227211
2.5637632609e-008	-4.34995222092
2.56579635828e-008	-0.0685110539198
2.56782945565e-008	4.56417751312
2.56986255302e-008	0.63966012001
2.57189565039e-008	-4.67317438126
2.57392874777e-008	-1.31365060806
2.57596184514e-008	4.68834066391
2.57799494251e-008	2.11336374283
2.58002803988e-008	-4.63776493073
2.58206113726e-008	-3.03590869904
2.58409423463e-008	4.55415868759
2.586127332e-008	4.0500535965
2.58816042937e-008	-4.46235466003
2.59019352675e-008	-5.10139894485
2.59222662412e-008	4.37007045746
2.59425972149e-008	6.12296152115
2.59629281886e-008	-4.26409292221
2.59832591624e-008	-7.047747612
2.60035901361e-008	4.11187696457
2.60239211098e-008	7.8199596405
2.60442520835e-008	-3.86706352234
2.60645830573e-008	-8.40264225006
2.6084914031e-008	3.47684073448
2.61052450047e-008	8.78118038177
2.61255759784e-008	-2.88955807686
2.61459069522e-008	-8.96312046051
2.61662379259e-008	2.06205654144
2.61865688996e-008	8.97511291504
2.62068998733e-008	-0.966853141785
2.6227230847e-008	-8.85726451874
2.62475618208e-008	-0.400972366333
2.62678927945e-008	8.65482711792
2.62882237682e-008	2.01825904846
2.63085547419e-008	-8.40711593628
2.63288857157e-008	-3.83231711388
2.63492166894e-008	8.13454532623
2.63695476631e-008	5.76647377014
2.63898786368e-008	-7.82668781281
2.64102096106e-008	-7.73439073563
2.64305405843e-008	7.43586492538
2.6450871558e-008	9.66163539886
2.64712025317e-008	-6.88126039505
2.64915335055e-008	-11.5088844299
2.65118644792e-008	6.06645393372
2.65321954529e-008	13.2878475189
2.65525264266e-008	-4.90871810913
2.65728574004e-008	-15.0607566833
2.65931883741e-008	3.37258243561
2.66135193478e-008	16.9180088043
2.66338503215e-008	-1.49552452564
2.66541812953e-008	-18.9362831116
2.6674512269e-008	-0.607181549072
2.66948432427e-008	21.1282482147
2.67151742164e-008	2.76696157455
2.67355051902e-008	-23.4020595551
2.67558361639e-008	-4.81408786774
2.67761671376e-008	25.5497722626
2.67964981113e-008	6.64416122437
2.6816829085e-008	-27.277130127
2.68371600588e-008	-8.27594852448
2.68574910325e-008	28.2735958099
2.68778220062e-008	9.87505149841
2.68981529799e-008	-28.3048992157
2.69184839537e-008	-11.7258768082
2.69388149274e-008	27.2975788116
2.69591459011e-008	14.1508321762
2.69794768748e-008	-25.3815498352
2.69998078486e-008	-17.3966960907
2.70201388223e-008	22.8662242889
2.7040469796e-008	21.525182724
2.70608007697e-008	-20.1480007172
2.70811317435e-008	-26.3506717682
2.71014627172e-008	17.5723209381
2.71217936909e-008	31.4581050873
2.71421246646e-008	-15.2963676453
2.71624556384e-008	-36.3081932068
2.71827866121e-008	13.2056808472
2.72031175858e-008	40.4047698975
2.72234485595e-008	-10.9256296158
2.72437795333e-008	-43.4699020386
2.7264110507e-008	7.9386177063
2.72844414807e-008	45.5608100891
2.73047724544e-008	-3.77828884125
2.73251034282e-008	-47.0737228394
2.73454344019e-008	-1.76270067692
2.73657653756e-008	48.6160392761
2.73860963493e-008	8.48972892761
2.7406427323e-008	-50.7752456665
2.74267582968e-008	-15.7941322327
2.74470892705e-008	53.8577804565
2.74674202442e-008	22.7963600159
2.74877512179e-008	-57.6934700012
2.75080821917e-008	-28.6144542694
2.75284131654e-008	61.5893669128
2.75487441391e-008	32.6739616394
2.75690751128e-008	-64.472946167
2.75894060866e-008	-34.9485359192
2.76097370603e-008	65.197013855
2.7630068034e-008	36.0310134888
2.76503990077e-008	-62.914768219
2.76707299815e-008	-36.9849395752
2.76910609552e-008	57.3944740295
2.77113919289e-008	39.0024185181
2.77317229026e-008	-49.1496696472
2.77520538764e-008	-42.9702224731
2.77723848501e-008	39.3147926331
2.77927158238e-008	49.0935249329
2.78130467975e-008	-29.2835025787
2.78333777713e-008	-56.7238845825
2.7853708745e-008	20.2184371948
2.78740397187e-008	64.4800949097
2.78943706924e-008	-12.6029872894
2.79147016662e-008	-70.6520004272
2.79350326399e-008	6.00994968414
2.79553636136e-008	73.7717895508
2.79756945873e-008	0.800113677979
2.7996025561e-008	-73.1596069336
2.80163565348e-008	-9.44759368896
2.80366875085e-008	69.2393264771
2.80570184822e-008	21.2944126129
2.80773494559e-008	-63.4793548584
2.80976804297e-008	-36.8119010925
2.81180114034e-008	57.9389953613
2.81383423771e-008	55.1974334717
2.81586733508e-008	-54.5434341431
2.81790043246e-008	-74.4148483276
2.81993352983e-008	54.3258399963
2.8219666272e-008	91.696762085
2.82399972457e-008	-56.913684845
2.82603282195e-008	-104.3776474
2.82806591932e-008	60.4768638611
2.83009901669e-008	110.789596558
2.83213211406e-008	-62.2068710327
2.83416521144e-008	-110.897384644
2.83619830881e-008	59.2062950134
2.83823140618e-008	106.411949158
2.84026450355e-008	-49.5039405823
2.84229760093e-008	-100.28553009
2.8443306983e-008	32.8335609436
2.84636379567e-008	95.711807251
2.84839689304e-008	-10.8666114807
2.85042999042e-008	-94.9493560791
2.85246308779e-008	-13.2402458191
2.85449618516e-008	98.3843917847
2.85652928253e-008	35.8768386841
2.8585623799e-008	-104.201721191
2.86059547728e-008	-54.260433197
2.86262857465e-008	108.842575073
2.86466167202e-008	67.5054016113
2.86669476939e-008	-108.155639648
2.86872786677e-008	-77.0608596802
2.87076096414e-008	98.8780059814
2.87279406151e-008	86.2856826782
2.87482715888e-008	-79.9335250854
2.87686025626e-008	-99.2354049683
2.87889335363e-008	53.0497360229
2.880926451e-008	119.038032532
2.88295954837e-008	-22.407989502
2.88499264575e-008	-146.424865723
2.88702574312e-008	-6.62628173828
2.88905884049e-008	178.981033325
2.89109193786e-008	29.3072280884
2.89312503524e-008	-211.466018677
2.89515813261e-008	-43.2236633301
2.89719122998e-008	237.18963623
2.89922432735e-008	49.2934303284
2.90125742473e-008	-250.041946411
2.9032905221e-008	-51.6180648804
2.90532361947e-008	246.495025635
2.90735671684e-008	56.1645088196
2.90938981422e-008	-226.856109619
2.91142291159e-008	-68.676864624
2.91345600896e-008	195.262512207
2.91548910633e-008	92.5272445679
2.91752220371e-008	-158.334350586
2.91955530108e-008	-127.288078308
2.92158839845e-008	122.883010864
2.92362149582e-008	168.60055542
2.92565459319e-008	-93.4464263916
2.92768769057e-008	-209.472717285
2.92972078794e-008	70.5349731445
2.93175388531e-008	242.622055054
2.93378698268e-008	-50.2724914551
2.93582008006e-008	-263.074523926
2.93785317743e-008	25.6486968994
2.9398862748e-008	270.072998047
2.94191937217e-008	10.97215271
2.94395246955e-008	-267.550811768
2.94598556692e-008	-64.9185638428
2.94801866429e-008	262.889831543
2.95005176166e-008	136.890823364
2.95208485904e-008	-264.30065918
2.95411795641e-008	-222.128570557
2.95615105378e-008	277.676696777
2.95818415115e-008	311.444152832
2.96021724853e-008	-304.019989014
2.9622503459e-008	-393.859741211
2.96428344327e-008	338.401306152
2.96631654064e-008	459.984680176
2.96834963802e-008	-370.916107178
2.97038273539e-008	-504.965942383
2.97241583276e-008	389.424133301
2.97444893013e-008	529.948120117
2.97648202751e-008	-383.208435059
2.97851512488e-008	-541.466918945
2.98054822225e-008	346.332855225
2.98258131962e-008	548.919128418
2.98461441699e-008	-279.525268555
2.98664751437e-008	-560.948974609
2.98868061174e-008	189.88835144
2.99071370911e-008	582.018188477
2.99274680648e-008	-88.4831848145
2.99477990386e-008	-610.393371582
2.99681300123e-008	-13.4287414551
2.9988460986e-008	638.331726074
3.00087919597e-008	108.196807861
3.00291229335e-008	-654.478759766
3.00494539072e-008	-194.296142578
3.00697848809e-008	647.694458008
3.00901158546e-008	276.638763428
3.01104468284e-008	-611
3.01307778021e-008	-364.510284424
3.01511087758e-008	544.238586426
3.01714397495e-008	467.81427002
3.01917707233e-008	-454.476287842
3.0212101697e-008	-592.904846191
3.02324326707e-008	353.926757812
3.02527636444e-008	739.451965332
3.02730946182e-008	-256.059417725
3.02934255919e-008	-899.454833984
3.03137565656e-008	171.184326172
3.03340875393e-008	1058.75524902
3.03544185131e-008	-103.011688232
3.03747494868e-008	-1200.55395508
3.03950804605e-008	47.3293151855
3.04154114342e-008	1309.7409668
3.04357424079e-008	6.75881958008
3.04560733817e-008	-1376.57409668
3.04764043554e-008	-73.5045471191
3.04967353291e-008	1398.52050781
3.05170663028e-008	166.21762085
3.05373972766e-008	-1379.71362305
3.05577282503e-008	-293.425292969
3.0578059224e-008	1328.35229492
3.05983901977e-008	456.666687012
3.06187211715e-008	-1253.03417969
3.06390521452e-008	-650.503845215
3.06593831189e-008	1159.33483887
3.06797140926e-008	864.521728516
3.07000450664e-008	-1047.75927734
3.07203760401e-008	-1086.5065918
3.07407070138e-008	913.653747559
3.07610379875e-008	1305.66455078
3.07813689613e-008	-748.933837891
3.0801699935e-008	-1514.91040039
3.08220309087e-008	544.924194336
3.08423618824e-008	1711.70166016
3.08626928562e-008	-295.34085083
3.08830238299e-008	-1897.421875
3.09033548036e-008	-1.42288208008
3.09236857773e-008	2075.77148438
3.09440167511e-008	341.185791016
3.09643477248e-008	-2250.72705078
3.09846786985e-008	-714.065551758
3.10050096722e-008	2424.58032227
3.10253406459e-008	1105.5
3.10456716197e-008	-2596.24926758
3.10660025934e-008	-1497.90063477
3.10863335671e-008	2759.99584961
3.11066645408e-008	1872.73083496
3.11269955146e-008	-2904.57104492
3.11473264883e-008	-2212.96484375
3.1167657462e-008	3013.08911133
3.11879884357e-008	2505.87207031
3.12083194095e-008	-3064.03442383
3.12286503832e-008	-2745.79492188
3.12489813569e-008	3033.87670898
3.12693123306e-008	2936.19506836
3.12896433044e-008	-2901.27075195
3.13099742781e-008	-3089.93652344
3.13303052518e-008	2652.26513672
3.13506362255e-008	3226.90063477
3.13709671993e-008	-2285.02514648
3.1391298173e-008	-3368.64404297
3.14116291467e-008	1812.20007324
3.14319601204e-008	3530.94702148
3.14522910942e-008	-1259.27954102
3.14726220679e-008	-3716.34741211
3.14929530416e-008	658.388183594
3.15132840153e-008	3909.49438477
3.15336149891e-008	-38.6444396973
3.15539459628e-008	-4077.86230469
3.15742769365e-008	-583.980834961
3.15946079102e-008	4179.00732422
3.16149388839e-008	1213.42089844
3.16352698577e-008	-4173.19677734
3.16556008314e-008	-1873.24084473
3.16759318051e-008	4037.72241211
3.16962627788e-008	2597.7109375
3.17165937526e-008	-3777.69140625
3.17369247263e-008	-3415.73583984
3.17572557e-008	3428.23120117
3.17775866737e-008	4332.2109375
3.17979176475e-008	-3045.38378906
3.18182486212e-008	-5313.73291016
3.18385795949e-008	2686.83105469
3.18589105686e-008	6285.18310547
3.18792415424e-008	-2387.94018555
3.18995725161e-008	-7140.99023438
3.19199034898e-008	2141.43310547
3.19402344635e-008	7769.84326172
3.19605654373e-008	-1889.63183594
3.1980896411e-008	-8086.48095703
3.20012273847e-008	1534.38012695
3.20215583584e-008	8059.91894531
3.20418893322e-008	-964.575073242
3.20622203059e-008	-7727.33007812
3.20825512796e-008	93.8760986328
3.21028822533e-008	7186.06640625
3.21232132271e-008	1103.80053711
3.21435442008e-008	-6563.47998047
3.21638751745e-008	-2574.78149414
3.21842061482e-008	5972.53417969
3.22045371219e-008	4191.90136719
3.22248680957e-008	-5467.68164062
3.22451990694e-008	-5788.31542969
3.22655300431e-008	5017.66210938
3.22858610168e-008	7210.00341797
3.23061919906e-008	-4508.0625
3.23265229643e-008	-8370.02636719
3.2346853938e-008	3776.68164062
3.23671849117e-008	9283.92675781
3.23875158855e-008	-2673.16503906
3.24078468592e-008	-10069.9824219
3.24281778329e-008	1123.57189941
3.24485088066e-008	10908.9511719
3.24688397804e-008	824.033081055
3.24891707541e-008	-11972.4433594
3.25095017278e-008	-2993.12548828
3.25298327015e-008	13342.5791016
3.25501636753e-008	5119.63769531
3.2570494649e-008	-14951.9511719
3.25908256227e-008	-6931.45117188
3.26111565964e-008	16569.5742188
3.26314875702e-008	8242.16992188
3.26518185439e-008	-17844.7753906
3.26721495176e-008	-9025.63964844
3.26924804913e-008	18401
3.27128114651e-008	9440.6953125
3.27331424388e-008	-17951.6640625
3.27534734125e-008	-9790.10839844
3.27738043862e-008	16398.6308594
3.27941353599e-008	10420.3808594
3.28144663337e-008	-13875.6757812
3.28347973074e-008	-11592.2353516
3.28551282811e-008	10714.6386719
3.28754592548e-008	13366.2666016
3.28957902286e-008	-7339.29052734
3.29161212023e-008	-15548.5976562
3.2936452176e-008	4118.34765625
3.29567831497e-008	17723.9511719
3.29771141235e-008	-1228.79248047
3.29974450972e-008	-19374.3925781
3.30177760709e-008	-1418.09277344
3.30381070446e-008	20049.4921875
3.30584380184e-008	4153.05126953
3.30787689921e-008	-19530.6445312
3.30990999658e-008	-7425.95898438
3.31194309395e-008	17927.1289062
3.31397619133e-008	11619.1689453
3.3160092887e-008	-15660.8085938
3.31804238607e-008	-16860.7441406
3.32007548344e-008	13331.9072266
3.32210858082e-008	22908.2832031
3.32414167819e-008	-11502.5527344
3.32617477556e-008	-29155.2441406
3.32820787293e-008	10469.4980469
3.33024097031e-008	34772.0742188
3.33227406768e-008	-10108.2148438
3.33430716505e-008	-38943.7421875
3.33634026242e-008	9854.25976562
3.3383733598e-008	41127.7148438
3.34040645717e-008	-8842.15429688
3.34243955454e-008	-41239.09375
3.34447265191e-008	6167.61523438
3.34650574928e-008	39687.4609375
3.34853884666e-008	-1189.01855469
3.35057194403e-008	-37238.796875
3.3526050414e-008	-6236.61474609
3.35463813877e-008	34736.3828125
3.35667123615e-008	15674.7050781
3.35870433352e-008	-32770.0390625
3.36073743089e-008	-26231.0429688
3.36277052826e-008	31412.2148438
3.36480362564e-008	36838.59375
3.36683672301e-008	-30122.9804688
3.36886982038e-008	-46619.5742188
3.37090291775e-008	27874.8222656
3.37293601513e-008	55193.828125
3.3749691125e-008	-23472.3398438
3.37700220987e-008	-62813.734375
3.37903530724e-008	15966.0224609
3.38106840462e-008	70261.2890625
3.38310150199e-008	-5019.36914062
3.38513459936e-008	-78524.171875
3.38716769673e-008	-8909.78515625
3.38920079411e-008	88353.5859375
3.39123389148e-008	24653.1328125
3.39326698885e-008	-99857.9453125
3.39530008622e-008	-40673.7070312
3.3973331836e-008	112286.359375
3.39936628097e-008	55562.4726562
3.40139937834e-008	-124100.140625
3.40343247571e-008	-68523.1015625
3.40546557308e-008	133331.796875
3.40749867046e-008	79671.0625
3.40953176783e-008	-138126.609375
3.4115648652e-008	-90025.734375
3.41359796257e-008	137288.109375
3.41563105995e-008	101179.6875
3.41766415732e-008	-130632.5
3.41969725469e-008	-114741.203125
3.42173035206e-008	119014.304688
3.42376344944e-008	131735.671875
3.42579654681e-008	-103993.109375
3.42782964418e-008	-152177.734375
3.42986274155e-008	87241.3203125
3.43189583893e-008	174976.875
3.4339289363e-008	-69890.9375
3.43596203367e-008	-198226.5
3.43799513104e-008	52052.296875
3.44002822842e-008	219793.78125
3.44206132579e-008	-32693.2460938
3.44409442316e-008	-238007.296875
3.44612752053e-008	9943.34765625
3.44816061791e-008	252199.59375
3.45019371528e-008	18258.6171875
3.45222681265e-008	-262892.8125
3.45425991002e-008	-53381.8828125
3.4562930074e-008	271540.65625
3.45832610477e-008	95659.09375
3.46035920214e-008	-279889.71875
3.46239229951e-008	-143815.5
3.46442539688e-008	289173.75
3.46645849426e-008	195284.59375
3.46849159163e-008	-299418.78125
3.470524689e-008	-246859.84375
3.47255778637e-008	309121.28125
3.47459088375e-008	295572.96875
3.47662398112e-008	-315435.6875
3.47865707849e-008	-339502.40625
3.48069017586e-008	314836.84375
3.48272327324e-008	378229.6875
3.48475637061e-008	-304050.25
3.48678946798e-008	-412779.9375
3.48882256535e-008	280940.8125
3.49085566273e-008	445058.40625
3.4928887601e-008	-245058.703125
3.49492185747e-008	-476974.65625
3.49695495484e-008	197643.515625
3.49898805222e-008	509559.78125
3.50102114959e-008	-141087.8125
3.50305424696e-008	-542388.125
3.50508734433e-008	78035.890625
3.50712044171e-008	573511
3.50915353908e-008	-10439.6992188
3.51118663645e-008	-599932.5625
3.51321973382e-008	-61099.875
3.5152528312e-008	618462.6875
3.51728592857e-008	137466.46875
3.51931902594e-008	-626649.25
3.52135212331e-008	-220586.15625
3.52338522068e-008	623465.25
3.52541831806e-008	312553.0625
3.52745141543e-008	-609509.4375
3.5294845128e-008	-414622.4375
3.53151761017e-008	586649.375
3.53355070755e-008	526403.9375
3.53558380492e-008	-557233.25
3.53761690229e-008	-645528.75
3.53964999966e-008	523130.6875
3.54168309704e-008	767877.875
3.54371619441e-008	-484927.3125
3.54574929178e-008	-888290.9375
3.54778238915e-008	441530.25
3.54981548653e-008	1001511.9375
3.5518485839e-008	-390284.375
3.55388168127e-008	-1103069
3.55591477864e-008	327561.71875
3.55794787602e-008	1189837.25
3.55998097339e-008	-249611.265625
3.56201407076e-008	-1260161.75
3.56404716813e-008	153413.875
3.56608026551e-008	1313569.25
3.56811336288e-008	-37315.125
3.57014646025e-008	-1350203.875
3.57217955762e-008	-98702.390625
3.574212655e-008	1370217.875
3.57624575237e-008	253114.625
3.57827884974e-008	-1373274.625
3.58031194711e-008	-423238.1875
3.58234504448e-008	1358288
3.58437814186e-008	605764.75
3.58641123923e-008	-1323410.625
3.5884443366e-008	-797310.1875
3.59047743397e-008	1266237.375
3.59251053135e-008	994882.625
3.59454362872e-008	-1184171.125
3.59657672609e-008	-1196207.25
3.59860982346e-008	1074890.25
3.60064292084e-008	1399853.625
3.60267601821e-008	-936891.4375
3.60470911558e-008	-1605110.25
3.60674221295e-008	770038.375
3.60877531033e-008	1811570.5
3.6108084077e-008	-576009.625
3.61284150507e-008	-2018409.75
3.61487460244e-008	358488.78125
3.61690769982e-008	2223441
3.61894079719e-008	-122886.34375
3.62097389456e-008	-2422153.75
3.62300699193e-008	-124505.53125
3.62504008931e-008	2607079.75
3.62707318668e-008	377894.65625
3.62910628405e-008	-2767813.5
3.63113938142e-008	-633593.5625
3.6331724788e-008	2891954.5
3.63520557617e-008	891374.25
3.63723867354e-008	-2966951.25
3.63927177091e-008	-1154976.75
3.64130486828e-008	2982488
3.64333796566e-008	1431323.5
3.64537106303e-008	-2932736
3.6474041604e-008	-1728369.5
3.64943725777e-008	2817656.75
3.65147035515e-008	2052010.5
3.65350345252e-008	-2642710
3.65553654989e-008	-2402949
3.65756964726e-008	2416734.5
3.65960274464e-008	2774690.5
3.66163584201e-008	-2148468.5
3.66366893938e-008	-3153607.25
3.66570203675e-008	1842819.125
3.66773513413e-008	3521525.75
3.6697682315e-008	-1498235.75
3.67180132887e-008	-3860294
3.67383442624e-008	1106541
3.67586752362e-008	4157024.5
3.67790062099e-008	-655779.3125
3.67993371836e-008	-4408083
3.68196681573e-008	135601
3.68399991311e-008	4620110.5
3.68603301048e-008	456358.5625
3.68806610785e-008	-4807109
3.69009920522e-008	-1109456.25
3.6921323026e-008	4983985
3.69416539997e-008	1798532.25
3.69619849734e-008	-5158455
3.69823159471e-008	-2487302.25
3.70026469208e-008	5324112.5
3.70229778946e-008	3136275
3.70433088683e-008	-5457526
3.7063639842e-008	-3713140
3.70839708157e-008	5521226
3.71043017895e-008	4202230
3.71246327632e-008	-5472488
3.71449637369e-008	-4609408.5
3.71652947106e-008	5275530.5
3.71856256844e-008	4959914.5
3.72059566581e-008	-4913266.5
3.72262876318e-008	-5288961
3.72466186055e-008	4394065.5
3.72669495793e-008	5627517.5
3.7287280553e-008	-3750483
3.73076115267e-008	-5987953
3.73279425004e-008	3029350.25
3.73482734742e-008	6354869
3.73686044479e-008	-2275879.5
3.73889354216e-008	-6685357
3.74092663953e-008	1517102.875
3.74295973691e-008	6919731
3.74499283428e-008	-750954.875
3.74702593165e-008	-7000255
3.74905902902e-008	-53971
3.7510921264e-008	6891689
3.75312522377e-008	946407
3.75515832114e-008	-6596246
3.75719141851e-008	-1970808.625
3.75922451589e-008	6156500
3.76125761326e-008	3143165.75
3.76329071063e-008	-5643674.5
3.765323808e-008	-4433005.5
3.76735690537e-008	5133679.5
3.76939000275e-008	5759113.5
3.77142310012e-008	-4678556
3.77345619749e-008	-7002780
3.77548929486e-008	4283368.5
3.77752239224e-008	8035943
3.77955548961e-008	-3897889.5
3.78158858698e-008	-8755962
3.78362168435e-008	3428027
3.78565478173e-008	9115411
3.7876878791e-008	-2765113.5
3.78972097647e-008	-9135513
3.79175407384e-008	1824215
3.79378717122e-008	8896900
3.79582026859e-008	-578298
3.79785336596e-008	-8508987
3.79988646333e-008	-924903
3.80191956071e-008	8066975.5
3.80395265808e-008	2571290
3.80598575545e-008	-7611642.5
3.80801885282e-008	-4213660
3.8100519502e-008	7106908.5
3.81208504757e-008	5719904
3.81411814494e-008	-6445503
3.81615124231e-008	-7019588
3.81818433969e-008	5483597
3.82021743706e-008	8131230
3.82225053443e-008	-4094383
3.8242836318e-008	-9157806
3.82631672917e-008	2222693
3.82834982655e-008	10248627
3.83038292392e-008	79629
3.83241602129e-008	-11538181
3.83444911866e-008	-2652700
3.83648221604e-008	13081668
3.83851531341e-008	5265865
3.84054841078e-008	-14811128
3.84258150815e-008	-7683518.5
3.84461460553e-008	16530104
3.8466477029e-008	9738150
3.84868080027e-008	-17953030
3.85071389764e-008	-11384704
3.85274699502e-008	18779608
3.85478009239e-008	12714591
3.85681318976e-008	-18780896
3.85884628713e-008	-13921304
3.86087938451e-008	17867832
3.86291248188e-008	15225284
3.86494557925e-008	-16116452
3.86697867662e-008	-16783020
3.869011774e-008	13738044
3.87104487137e-008	18612048
3.87307796874e-008	-11001628
3.87511106611e-008	-20561326
3.87714416349e-008	8133907
3.87917726086e-008	22341604
3.88121035823e-008	-5232270
3.8832434556e-008	-23610200
3.88527655297e-008	2223992
3.88730965035e-008	24083316
3.88934274772e-008	1109166
3.89137584509e-008	-23637728
3.89340894246e-008	-5045050
3.89544203984e-008	22363030
3.89747513721e-008	9800277
3.89950823458e-008	-20541252
3.90154133195e-008	-15416488
3.90357442933e-008	18555396
3.9056075267e-008	21695036
3.90764062407e-008	-16753848
3.90967372144e-008	-28209678
3.91170681882e-008	15315561
3.91373991619e-008	34397164
3.91577301356e-008	-14165460
3.91780611093e-008	-39700728
3.91983920831e-008	12972362
3.92187230568e-008	43718720
3.92390540305e-008	-11237152
3.92593850042e-008	-46306116
3.9279715978e-008	8444834
3.93000469517e-008	47591380
3.93203779254e-008	-4230984
3.93407088991e-008	-47897712
3.93610398729e-008	-1494692
3.93813708466e-008	47593244
3.94017018203e-008	8513336
3.9422032794e-008	-46921232
3.94423637677e-008	-16365767
3.94626947415e-008	45870848
3.94830257152e-008	24503608
3.95033566889e-008	-44138864
3.95236876626e-008	-32472124
3.95440186364e-008	41201552
3.95643496101e-008	40057536
3.95846805838e-008	-36478304
3.96050115575e-008	-47344556
3.96253425313e-008	29533558
3.9645673505e-008	54658000
3.96660044787e-008	-20248872
3.96863354524e-008	-62403372
3.97066664262e-008	8901541
3.97269973999e-008	70859328
3.97473283736e-008	3879857
3.97676593473e-008	-79993336
3.97879903211e-008	-17275360
3.98083212948e-008	89367744
3.98286522685e-008	30497278
3.98489832422e-008	-98173096
3.9869314216e-008	-43003028
3.98896451897e-008	105383656
3.99099761634e-008	54627608
3.99303071371e-008	-109985712
3.99506381109e-008	-65588548
3.99709690846e-008	111206016
3.99913000583e-008	76360768
4.0011631032e-008	-108664128
4.00319620057e-008	-87466336
4.00522929795e-008	102400232
4.00726239532e-008	99248544
4.00929549269e-008	-92770816
4.01132859006e-008	-111707496
4.01336168744e-008	80252032
4.01539478481e-008	124453504
4.01742788218e-008	-65221904
4.01946097955e-008	-136790304
4.02149407693e-008	47794752
4.0235271743e-008	147900384
4.02556027167e-008	-27769544
4.02759336904e-008	-157063664
4.02962646642e-008	4708627
4.03165956379e-008	163839488
4.03369266116e-008	21879138
4.03572575853e-008	-168147392
4.03775885591e-008	-52308588
4.03979195328e-008	170223616
4.04182505065e-008	86515456
4.04385814802e-008	-170470752
4.0458912454e-008	-123942408
4.04792434277e-008	169248640
4.04995744014e-008	163540368
4.05199053751e-008	-166674272
4.05402363489e-008	-203886928
4.05605673226e-008	162490512
4.05808982963e-008	243376288
4.060122927e-008	-156036704
4.06215602437e-008	-280431584
4.06418912175e-008	146324704
4.06622221912e-008	313687872
4.06825531649e-008	-132196968
4.07028841386e-008	-342107648
4.07232151124e-008	112521904
4.07435460861e-008	365016832
4.07638770598e-008	-86387328
4.07842080335e-008	-382067200
4.08045390073e-008	53252736
4.0824869981e-008	393136160
4.08452009547e-008	-13043992
4.08655319284e-008	-398196288
4.08858629022e-008	-33828344
4.09061938759e-008	397169344
4.09265248496e-008	86522032
4.09468558233e-008	-389796864
4.09671867971e-008	-143890176
4.09875177708e-008	375558688
4.10078487445e-008	204663728
4.10281797182e-008	-353668992
4.1048510692e-008	-267656416
4.10688416657e-008	323184640
4.10891726394e-008	331947072
4.11095036131e-008	-283220288
4.11298345869e-008	-396961312
4.11501655606e-008	233250208
4.11704965343e-008	462402112
4.1190827508e-008	-173407968
4.12111584817e-008	-527995264
4.12314894555e-008	104685784
4.12518204292e-008	593077888
4.12721514029e-008	-28923308
4.12924823766e-008	-656136896
4.13128133504e-008	-51477968
4.13331443241e-008	714451328
4.13534752978e-008	134092632
4.13738062715e-008	-764007872
4.13941372453e-008	-217131440
4.1414468219e-008	799808512
4.14347991927e-008	300014400
4.14551301664e-008	-816572160
4.14754611402e-008	-383618880
4.14957921139e-008	809691840
4.15161230876e-008	470032928
4.15364540613e-008	-776166208
4.15567850351e-008	-561784832
4.15771160088e-008	715200320
4.15974469825e-008	660708096
4.16177779562e-008	-628197824
4.163810893e-008	-766799168
4.16584399037e-008	518069024
4.16787708774e-008	877456576
4.16991018511e-008	-388012992
4.17194328249e-008	-987468224
4.17397637986e-008	240163888
4.17600947723e-008	1089884544
4.1780425746e-008	-74615520
4.18007567198e-008	-1177585408
4.18210876935e-008	-110715088
4.18414186672e-008	1245080320
4.18617496409e-008	319178272
4.18820806146e-008	-1289905408
4.19024115884e-008	-553574656
4.19227425621e-008	1313009024
4.19430735358e-008	814014464
4.19634045095e-008	-1317825024
4.19837354833e-008	-1096172032
4.2004066457e-008	1308155392
4.20243974307e-008	1390733440
4.20447284044e-008	-1285515648
4.20650593782e-008	-1684444928
4.20853903519e-008	1246823552
4.21057213256e-008	1962649728
4.21260522993e-008	-1183409792
4.21463832731e-008	-2212644864
4.21667142468e-008	1081940608
4.21870452205e-008	2426756608
4.22073761942e-008	-927219136
4.2227707168e-008	-2603938048
4.22480381417e-008	706137728
4.22683691154e-008	2749169920
4.22887000891e-008	-411546368
4.23090310629e-008	-2870521344
4.23293620366e-008	44634432
4.23496930103e-008	2974756352
4.2370023984e-008	385202848
4.23903549578e-008	-3062851072
4.24106859315e-008	-863155712
4.24310169052e-008	3127161088
4.24513478789e-008	1373745792
4.24716788526e-008	-3151464960
4.24920098264e-008	-1905851392
4.25123408001e-008	3114292224
4.25326717738e-008	2456124672
4.25530027475e-008	-2994660096
4.25733337213e-008	-3029273344
4.2593664695e-008	2778433792
4.26139956687e-008	3634608640
4.26343266424e-008	-2463035904
4.26546576162e-008	-4279736064
4.26749885899e-008	2058502784
4.26953195636e-008	4963323392
4.27156505373e-008	-1584169856
4.27359815111e-008	-5669624832
4.27563124848e-008	1061625600
4.27766434585e-008	6367034368
4.27969744322e-008	-506195456
4.2817305406e-008	-7011817472
4.28376363797e-008	-80097280
4.28579673534e-008	7556307968
4.28782983271e-008	711230976
4.28986293009e-008	-7959292416
4.29189602746e-008	-1414125056
4.29392912483e-008	8195018240
4.2959622222e-008	2220212224
4.29799531958e-008	-8257626112
4.30002841695e-008	-3154152448
4.30206151432e-008	8159008768
4.30409461169e-008	4223502848
4.30612770906e-008	-7920275968
4.30816080644e-008	-5413150208
4.31019390381e-008	7559523840
4.31222700118e-008	6686875648
4.31426009855e-008	-7080149504
4.31629319593e-008	-7996244480
4.3183262933e-008	6464076288
4.32035939067e-008	9293928448
4.32239248804e-008	-5673114624
4.32442558542e-008	-10546957312
4.32645868279e-008	4658726912
4.32849178016e-008	11744883712
4.33052487753e-008	-3377529856
4.33255797491e-008	-12899139584
4.33459107228e-008	1807482880
4.33662416965e-008	14032909312
4.33865726702e-008	41214464
4.3406903644e-008	-15164289024
4.34272346177e-008	-2124762624
4.34475655914e-008	16288206848
4.34678965651e-008	4375520256
4.34882275389e-008	-17363822592
4.35085585126e-008	-6720177152
4.35288894863e-008	18312409088
4.354922046e-008	9100481536
4.35695514338e-008	-19028013056
4.35898824075e-008	-11489318912
4.36102133812e-008	19397969920
4.36305443549e-008	13895778304
4.36508753286e-008	-19327535104
4.36712063024e-008	-16356582400
4.36915372761e-008	18760026112
4.37118682498e-008	18916071424
4.37321992235e-008	-17685458944
4.37525301973e-008	-21600991232
4.3772861171e-008	16134169600
4.37931921447e-008	24399110144
4.38135231184e-008	-14156877824
4.38338540922e-008	-27249741824
4.38541850659e-008	11798028288
4.38745160396e-008	30050463744
4.38948470133e-008	-9071931392
4.39151779871e-008	-32678973440
4.39355089608e-008	5950840320
4.39558399345e-008	35022954496
4.39761709082e-008	-2370723840
4.3996501882e-008	-37007712256
4.40168328557e-008	-1746115584
4.40371638294e-008	38611439616
4.40574948031e-008	6458040832
4.40778257769e-008	-39861153792
4.40981567506e-008	-11772301312
4.41184877243e-008	40809721856
4.4138818698e-008	17625194496
4.41591496718e-008	-41500483584
4.41794806455e-008	-23882682368
4.41998116192e-008	41931829248
4.42201425929e-008	30362460160
4.42404735666e-008	-42033745920
4.42608045404e-008	-36870705152
4.42811355141e-008	41666301952
4.43014664878e-008	43242012672
4.43217974615e-008	-40641605632
4.43421284353e-008	-49368612864
4.4362459409e-008	38763642880
4.43827903827e-008	55207845888
4.44031213564e-008	-35873222656
4.44234523302e-008	-60765614080
4.44437833039e-008	31883128832
4.44641142776e-008	66060128256
4.44844452513e-008	-26791747584
4.45047762251e-008	-71079034880
4.45251071988e-008	20670089216
4.45454381725e-008	75745533952
4.45657691462e-008	-13626986496
4.458610012e-008	-79905964032
4.46064310937e-008	5765018624
4.46267620674e-008	83345506304
4.46470930411e-008	2857444352
4.46674240149e-008	-85827600384
4.46877549886e-008	-12242375680
4.47080859623e-008	87144923136
4.4728416936e-008	22440534016
4.47487479098e-008	-87164592128
4.47690788835e-008	-33514196992
4.47894098572e-008	85852315648
4.48097408309e-008	45485195264
4.48300718046e-008	-83265691648
4.48504027784e-008	-58287300608
4.48707337521e-008	79519244288
4.48910647258e-008	71737663488
4.49113956995e-008	-74731356160
4.49317266733e-008	-85538922496
4.4952057647e-008	68970971136
4.49723886207e-008	99311443968
4.49927195944e-008	-62221725696
4.50130505682e-008	-112646225920
4.50333815419e-008	54375743488
4.50537125156e-008	125162110976
4.50740434893e-008	-45258858496
4.50943744631e-008	-136548122624
4.51147054368e-008	34679234560
4.51350364105e-008	146580537344
4.51553673842e-008	-22483918848
4.5175698358e-008	-155109392384
4.51960293317e-008	8603971584
4.52163603054e-008	162021490688
4.52366912791e-008	6922975232
4.52570222529e-008	-167194951680
4.52773532266e-008	-23960485888
4.52976842003e-008	170460774400
4.5318015174e-008	42304520192
4.53383461478e-008	-171587485696
4.53586771215e-008	-61727997952
4.53790080952e-008	170292019200
4.53993390689e-008	82021801984
4.54196700426e-008	-166275923968
4.54400010164e-008	-103018397696
4.54603319901e-008	159277481984
4.54806629638e-008	124593569792
4.55009939375e-008	-149121892352
4.55213249113e-008	-146642944000
4.5541655885e-008	135760740352
4.55619868587e-008	169044230144
4.55823178324e-008	-119288938496
4.56026488062e-008	-191612403712
4.56229797799e-008	99936968704
4.56433107536e-008	214063890432
4.56636417273e-008	-78041628672
4.56839727011e-008	-235991924736
4.57043036748e-008	54002311168
4.57246346485e-008	256864780288
4.57449656222e-008	-28229394432
4.5765296596e-008	-276042153984
4.57856275697e-008	1097342976
4.58059585434e-008	292814585856
4.58262895171e-008	27095592960
4.58466204909e-008	-306453184512
4.58669514646e-008	-56144195584
4.58872824383e-008	316276408320
4.5907613412e-008	85933170688
4.59279443858e-008	-321708982272
4.59482753595e-008	-116403863552
4.59686063332e-008	322332983296
4.59889373069e-008	147495993344
4.60092682807e-008	-317909991424
4.60295992544e-008	-179078119424
4.60499302281e-008	308367687680
4.60702612018e-008	210879512576
4.60905921755e-008	-293744934912
4.61109231493e-008	-242454478848
4.6131254123e-008	274112774144
4.61515850967e-008	273193107456
4.61719160704e-008	-249490456576
4.61922470442e-008	-302389886976
4.62125780179e-008	219794669568
4.62329089916e-008	329362014208
4.62532399653e-008	-184850071552
4.62735709391e-008	-353580318720
4.62939019128e-008	144482074624
4.63142328865e-008	374770991104
4.63345638602e-008	-98677424128
4.6354894834e-008	-392942583808
4.63752258077e-008	47771680768
4.63955567814e-008	408302583808
4.64158877551e-008	7396311040
4.64362187289e-008	-421079482368
4.64565497026e-008	-65428897792
4.64768806763e-008	431289466880
4.649721165e-008	124468584448
4.65175426238e-008	-438522773504
4.65378735975e-008	-182435905536
4.65582045712e-008	441848954880
4.65785355449e-008	237373423616
4.65988665187e-008	-439885168640
4.66191974924e-008	-287778177024
4.66395284661e-008	431057141760
4.66598594398e-008	332826673152
4.66801904135e-008	-413985636352
4.67005213873e-008	-372389740544
4.6720852361e-008	387887595520
4.67411833347e-008	406809083904
4.67615143084e-008	-352853917696
4.67818452822e-008	-436498497536
4.68021762559e-008	309880094720
4.68225072296e-008	461491404800
4.68428382033e-008	-260616519680
4.68631691771e-008	-481106853888
4.68835001508e-008	206881849344
4.69038311245e-008	493893844992
4.69241620982e-008	-150101229568
4.6944493072e-008	-497917689856
4.69648240457e-008	90870087680
4.69851550194e-008	491324571648
4.70054859931e-008	-28842065920
4.70258169669e-008	-473038684160
4.70461479406e-008	-36967317504
4.70664789143e-008	443331215360
4.7086809888e-008	107511382016
4.71071408618e-008	-404016758784
4.71274718355e-008	-182851338240
4.71478028092e-008	358167609344
4.71681337829e-008	261420269568
4.71884647567e-008	-309348990976
4.72087957304e-008	-339692683264
4.72291267041e-008	260610588672
4.72494576778e-008	412464250880
4.72697886515e-008	-213542436864
4.72901196253e-008	-473715769344
4.7310450599e-008	167786053632
4.73307815727e-008	517855215616
4.73511125464e-008	-121203130368
4.73714435202e-008	-540955869184
4.73917744939e-008	70747750400
4.74121054676e-008	541543989248
4.74324364413e-008	-13801684992
4.74527674151e-008	-520641183744
4.74730983888e-008	-50472419328
4.74934293625e-008	480976076800
4.75137603362e-008	120242503680
4.753409131e-008	-425610018816
4.75544222837e-008	-190991826944
4.75747532574e-008	356437524480
4.75950842311e-008	256473235456
4.76154152049e-008	-273139892224
4.76357461786e-008	-310375677952
4.76560771523e-008	173087784960
4.7676408126e-008	348212690944
4.76967390998e-008	-52319027200
4.77170700735e-008	-368725426176
4.77374010472e-008	-92592865280
4.77577320209e-008	374188965888
4.77780629947e-008	262390546432
4.77983939684e-008	-369481547776
4.78187249421e-008	-453476089856
4.78390559158e-008	359965917184
4.78593868895e-008	657404067840
4.78797178633e-008	-348984115200
4.7900048837e-008	-861908107264
4.79203798107e-008	335715401728
4.79407107844e-008	1.05325500826e+012
4.79610417582e-008	-314312851456
4.79813727319e-008	-1.21922637005e+012
4.80017037056e-008	274738708480
4.80220346793e-008	1.35179822694e+012
4.80423656531e-008	-205208387584
4.80626966268e-008	-1.44847929344e+012
4.80830276005e-008	95497043968
4.81033585742e-008	1.51176950579e+012
4.8123689548e-008	59916582912
4.81440205217e-008	-1.5468003328e+012
4.81643514954e-008	-260023451648
4.81846824691e-008	1.55786005709e+012
4.82050134429e-008	497536532480
4.82253444166e-008	-1.5450332201e+012
4.82456753903e-008	-761181372416
4.8266006364e-008	1.50226049434e+012
4.82863373378e-008	1.03938942566e+012
4.83066683115e-008	-1.41764145971e+012
4.83269992852e-008	-1.32401790976e+012
4.83473302589e-008	1.27622289818e+012
4.83676612327e-008	1.61271460659e+012
4.83879922064e-008	-1.06436185293e+012
4.84083231801e-008	-1.90885501338e+012
4.84286541538e-008	774390677504
4.84489851275e-008	2.21879939891e+012
4.84693161013e-008	-407843700736
4.8489647075e-008	-2.54722336358e+012
4.85099780487e-008	-24013373440
4.85303090224e-008	2.89201717248e+012
4.85506399962e-008	502798417920
4.85709709699e-008	-3.24061888512e+012
4.85913019436e-008	-1.0080476201e+012
4.86116329173e-008	3.56928769229e+012
4.86319638911e-008	1.52311955456e+012
4.86522948648e-008	-3.84585433088e+012
4.86726258385e-008	-2.03985702093e+012
4.86929568122e-008	4.03539440435e+012
4.8713287786e-008	2.56031247565e+012
4.87336187597e-008	-4.10711752704e+012
4.87539497334e-008	-3.09472211763e+012
4.87742807071e-008	4.0401722409e+012
4.87946116809e-008	3.65614569882e+012
4.88149426546e-008	-3.82644178125e+012
4.88352736283e-008	-4.2535265239e+012
4.8855604602e-008	3.46925904691e+012
4.88759355758e-008	4.88558559232e+012
4.88962665495e-008	-2.97827198566e+012
4.89165975232e-008	-5.53777102848e+012
4.89369284969e-008	2.36241761075e+012
4.89572594707e-008	6.18348937216e+012
4.89775904444e-008	-1.62345490842e+012
4.89979214181e-008	-6.78956158157e+012
4.90182523918e-008	752520265728
4.90385833655e-008	7.32404436173e+012
4.90589143393e-008	268491030528
4.9079245313e-008	-7.76361895526e+012
4.90995762867e-008	-1.46094502707e+012
4.91199072604e-008	8.09811207782e+012
4.91402382342e-008	2.84057901466e+012
4.91605692079e-008	-8.32981119795e+012
4.91809001816e-008	-4.40849924096e+012
4.92012311553e-008	8.46788139418e+012
4.92215621291e-008	6.14527716557e+012
4.92418931028e-008	-8.51917668352e+012
4.92622240765e-008	-8.01043434701e+012
4.92825550502e-008	8.47885264486e+012
4.9302886024e-008	9.94762974822e+012
4.93232169977e-008	-8.32371267994e+012
4.93435479714e-008	-1.18943027036e+013
4.93638789451e-008	8.0112254976e+012
4.93842099189e-008	1.37924045701e+013
4.94045408926e-008	-7.48492632883e+012
4.94248718663e-008	-1.55969304658e+013
4.944520284e-008	6.6846809129e+012
4.94655338138e-008	1.72792081285e+013
4.94858647875e-008	-5.55866233242e+012
4.95061957612e-008	-1.8823705002e+013
4.95265267349e-008	4.0737922089e+012
4.95468577087e-008	2.0219732951e+013
4.95671886824e-008	-2.22035391283e+012
4.95875196561e-008	-2.1450719232e+013
4.96078506298e-008	10607394816
4.96281816036e-008	2.24853680456e+013
4.96485125773e-008	2.52918051635e+012
4.9668843551e-008	-2.32736329564e+013
4.96891745247e-008	-5.36918464922e+012
4.97095054984e-008	2.37498563297e+013
4.97298364722e-008	8.48565685453e+012
4.97501674459e-008	-2.3841803862e+013
4.97704984196e-008	-1.18658579825e+013
4.97908293933e-008	2.34834047795e+013
4.98111603671e-008	1.55058899517e+013
4.98314913408e-008	-2.26267202847e+013
4.98518223145e-008	-1.9402284073e+013
4.98721532882e-008	2.12489732096e+013
4.9892484262e-008	2.35390736794e+013
4.99128152357e-008	-1.93529338921e+013
4.99331462094e-008	-2.78751912919e+013
4.99534771831e-008	1.69597877617e+013
4.99738081569e-008	3.23360034652e+013
4.99941391306e-008	-1.40968649032e+013
5.00144701043e-008	-3.68115649085e+013
5.0034801078e-008	1.07851640996e+013
5.00551320518e-008	4.116284493e+013
5.00754630255e-008	-7.02906105856e+012
5.00957939992e-008	-4.52337021747e+013
5.01161249729e-008	2.81341853696e+012
5.01364559467e-008	4.88651473551e+013
5.01567869204e-008	1.89232473702e+012
5.01771178941e-008	-5.19082407363e+013
5.01974488678e-008	-7.12381353165e+012
5.02177798416e-008	5.42314699162e+013
5.02381108153e-008	1.29080355717e+013
5.0258441789e-008	-5.5722570154e+013
5.02787727627e-008	-1.92507228979e+013
5.02991037364e-008	5.62838267494e+013
5.03194347102e-008	2.61273723863e+013
5.03397656839e-008	-5.58250621665e+013
5.03600966576e-008	-3.34803102597e+013
5.03804276313e-008	5.42554781123e+013
5.04007586051e-008	4.1221674238e+013
5.04210895788e-008	-5.14799645491e+013
5.04414205525e-008	-4.92407346954e+013
5.04617515262e-008	4.73993891021e+013
5.04820825e-008	5.74128285286e+013
5.05024134737e-008	-4.19166284677e+013
5.05227444474e-008	-6.560711023e+013
5.05430754211e-008	3.49475700736e+013
5.05634063949e-008	7.36915053609e+013
5.05837373686e-008	-2.64336949903e+013
5.06040683423e-008	-8.15327734661e+013
5.0624399316e-008	1.63551683543e+013
5.06447302898e-008	8.89921334149e+013
5.06650612635e-008	-4.74167535206e+012
5.06853922372e-008	-9.59173906924e+013
5.07057232109e-008	-8.32258650931e+012
5.07260541847e-008	1.02131788939e+014
5.07463851584e-008	2.26989063537e+013
5.07667161321e-008	-1.07423406752e+014
5.07870471058e-008	-3.82010916864e+013
5.08073780796e-008	1.11537062674e+014
5.08277090533e-008	5.46102575104e+013
5.0848040027e-008	-1.14172276769e+014
5.08683710007e-008	-7.16922148618e+013
5.08887019744e-008	1.14988790317e+014
5.09090329482e-008	8.92170068296e+013
5.09293639219e-008	-1.13623947018e+014
5.09496948956e-008	-1.06973727031e+014
5.09700258693e-008	1.09717313552e+014
5.09903568431e-008	1.24775947043e+014
5.10106878168e-008	-1.02941935534e+014
5.10310187905e-008	-1.42454737076e+014
5.10513497642e-008	9.30331859354e+013
5.1071680738e-008	1.59837375693e+014
5.10920117117e-008	-7.98096275538e+013
5.11123426854e-008	-1.76718660764e+014
5.11326736591e-008	6.31775051121e+013
5.11530046329e-008	1.92828781101e+014
5.11733356066e-008	-4.31187705201e+013
5.11936665803e-008	-2.07814475645e+014
5.1213997554e-008	1.96647782973e+013
5.12343285278e-008	2.2123712086e+014
5.12546595015e-008	7.13407909069e+012
5.12749904752e-008	-2.32597074477e+014
5.12953214489e-008	-3.72289904312e+013
5.13156524227e-008	2.41378084782e+014
5.13359833964e-008	7.05706663608e+013
5.13563143701e-008	-2.4710109515e+014
5.13766453438e-008	-1.07077183734e+014
5.13969763176e-008	2.49371706786e+014
5.14173072913e-008	1.46577956012e+014
5.1437638265e-008	-2.47896838504e+014
5.14579692387e-008	-1.88742220382e+014
