% time-domain voltage integration by openEMS v0.0.35 @Wed Apr 01 21:40:06 2020
% start-coordinates: (0.049685,-0.06569,0) m -> [40,25,5]
% stop-coordinates: (0.049685,-0.06569,0.0015) m -> [40,25,11]
% t/s	voltage
0	0
2.03309737242e-011	-1.07487298351e-006
4.06619474483e-011	-3.92505972968e-006
6.09929211725e-011	-1.27904827423e-005
8.13238948966e-011	-3.65675341527e-005
1.01654868621e-010	-9.13382464205e-005
1.21985842345e-010	-0.000198921661649
1.42316816069e-010	-0.000376824500563
1.62647789793e-010	-0.00061869432102
1.82978763517e-010	-0.000875368175912
2.03309737242e-010	-0.00105659698602
2.23640710966e-010	-0.00106696649163
2.4397168469e-010	-0.000862084591063
2.64302658414e-010	-0.000485428114189
2.84633632138e-010	-5.30179968337e-005
3.04964605862e-010	0.000306140820612
3.25295579586e-010	0.000510449055582
3.45626553311e-010	0.000548369716853
3.65957527035e-010	0.000460540977656
3.86288500759e-010	0.000306687325065
4.06619474483e-010	0.000141425074617
4.26950448207e-010	4.61639172045e-006
4.47281421931e-010	-8.07088581496e-005
4.67612395656e-010	-0.000108903564978
4.8794336938e-010	-9.08139718376e-005
5.08274343104e-010	-4.82417763124e-005
5.28605316828e-010	-6.92065532348e-006
5.48936290552e-010	1.05551321212e-005
5.69267264276e-010	-1.19104942087e-005
5.89598238e-010	-8.31936104078e-005
6.09929211725e-010	-0.000203452407732
6.30260185449e-010	-0.000360733152775
6.50591159173e-010	-0.00052869047795
6.70922132897e-010	-0.00067043461604
6.91253106621e-010	-0.000750262668589
7.11584080345e-010	-0.000749555969378
7.3191505407e-010	-0.00067707481503
7.52246027794e-010	-0.000565370792174
7.72577001518e-010	-0.00045308296103
7.92907975242e-010	-0.000363677616406
8.13238948966e-010	-0.000295268757327
8.3356992269e-010	-0.000228984441492
8.53900896415e-010	-0.000148988017827
8.74231870139e-010	-5.86915903114e-005
8.94562843863e-010	1.90265375295e-005
9.14893817587e-010	5.69574967813e-005
9.35224791311e-010	4.22124930992e-005
9.55555765035e-010	-1.48459787397e-005
9.75886738759e-010	-8.69434124979e-005
9.96217712484e-010	-0.000146866173964
1.01654868621e-009	-0.0001837972668
1.03687965993e-009	-0.000207709348615
1.05721063366e-009	-0.000239187451371
1.07754160738e-009	-0.000292882839858
1.0978725811e-009	-0.000366502197721
1.11820355483e-009	-0.000441860313003
1.13853452855e-009	-0.00049465426855
1.15886550228e-009	-0.000505159732711
1.179196476e-009	-0.000465265118692
1.19952744973e-009	-0.000381198289688
1.21985842345e-009	-0.000271856373729
1.24018939717e-009	-0.000162541104146
1.2605203709e-009	-7.58149390094e-005
1.28085134462e-009	-2.40137492256e-005
1.30118231835e-009	-7.24521237316e-006
1.32151329207e-009	-1.66779573192e-005
1.34184426579e-009	-3.93575169255e-005
1.36217523952e-009	-6.24313197477e-005
1.38250621324e-009	-7.6561138485e-005
1.40283718697e-009	-7.90282174421e-005
1.42316816069e-009	-7.54803668315e-005
1.44349913441e-009	-7.846097742e-005
1.46383010814e-009	-0.000101987574453
1.48416108186e-009	-0.000153806722665
1.50449205559e-009	-0.000228792872804
1.52482302931e-009	-0.000307782520395
1.54515400304e-009	-0.000364374354831
1.56548497676e-009	-0.000377420139557
1.58581595048e-009	-0.000342148792697
1.60614692421e-009	-0.000272617482551
1.62647789793e-009	-0.000193503070477
1.64680887166e-009	-0.000127151166453
1.66713984538e-009	-8.46145112519e-005
1.6874708191e-009	-6.49341427561e-005
1.70780179283e-009	-6.01614901825e-005
1.72813276655e-009	-6.05535478826e-005
1.74846374028e-009	-5.77628979954e-005
1.768794714e-009	-4.72360925414e-005
1.78912568773e-009	-3.06103238472e-005
1.80945666145e-009	-1.60121035151e-005
1.82978763517e-009	-1.4245215425e-005
1.8501186089e-009	-3.251840144e-005
1.87044958262e-009	-7.00037762726e-005
1.89078055635e-009	-0.000118358606414
1.91111153007e-009	-0.000166163417816
1.93144250379e-009	-0.000203741230507
1.95177347752e-009	-0.000225396113819
1.97210445124e-009	-0.000229139528528
1.99243542497e-009	-0.0002159924843
2.01276639869e-009	-0.000190156813915
2.03309737242e-009	-0.000158849063155
2.05342834614e-009	-0.000129913458295
2.07375931986e-009	-0.000107805284642
2.09409029359e-009	-9.12325340323e-005
2.11442126731e-009	-7.52178693801e-005
2.13475224104e-009	-5.61114538868e-005
2.15508321476e-009	-3.50060631717e-005
2.17541418848e-009	-1.68931635471e-005
2.19574516221e-009	-6.94505581578e-006
2.21607613593e-009	-7.45011561776e-006
2.23640710966e-009	-1.73887319761e-005
2.25673808338e-009	-3.39721777891e-005
2.27706905711e-009	-5.42263032912e-005
2.29740003083e-009	-7.56738791097e-005
2.31773100455e-009	-9.63397706073e-005
2.33806197828e-009	-0.000114562933959
2.358392952e-009	-0.000128981471789
2.37872392573e-009	-0.000138621053338
2.39905489945e-009	-0.000142922197483
2.41938587317e-009	-0.000141611617437
2.4397168469e-009	-0.000134486768729
2.46004782062e-009	-0.000121451343148
2.48037879435e-009	-0.000102987483842
2.50070976807e-009	-8.08470804259e-005
2.5210407418e-009	-5.82610837228e-005
2.54137171552e-009	-3.89924653064e-005
2.56170268924e-009	-2.56119260484e-005
2.58203366297e-009	-1.84668112979e-005
2.60236463669e-009	-1.62179778727e-005
2.62269561042e-009	-1.72535280853e-005
2.64302658414e-009	-2.05670983178e-005
2.66335755786e-009	-2.55689255937e-005
2.68368853159e-009	-3.17362378155e-005
2.70401950531e-009	-3.89455881304e-005
2.72435047904e-009	-4.80217568111e-005
2.74468145276e-009	-6.02769296165e-005
2.76501242649e-009	-7.58225914979e-005
2.78534340021e-009	-9.21591908991e-005
2.80567437393e-009	-0.000104632483271
2.82600534766e-009	-0.000108842159534
2.84633632138e-009	-0.000103286356534
2.86666729511e-009	-9.02022038645e-005
2.88699826883e-009	-7.40345012673e-005
2.90732924255e-009	-5.88670582147e-005
2.92766021628e-009	-4.67402514914e-005
2.94799119e-009	-3.77575879611e-005
2.96832216373e-009	-3.12062697958e-005
2.98865313745e-009	-2.63543406618e-005
3.00898411117e-009	-2.25065734867e-005
3.0293150849e-009	-1.89620693618e-005
3.04964605862e-009	-1.54921283411e-005
3.06997703235e-009	-1.29329837364e-005
3.09030800607e-009	-1.30105386233e-005
3.1106389798e-009	-1.73273494966e-005
3.13096995352e-009	-2.6242430522e-005
3.15130092724e-009	-3.84662721444e-005
3.17163190097e-009	-5.15660030942e-005
3.19196287469e-009	-6.29080686849e-005
3.21229384842e-009	-7.04135909473e-005
3.23262482214e-009	-7.29300973035e-005
3.25295579586e-009	-7.03469504515e-005
3.27328676959e-009	-6.36314962321e-005
3.29361774331e-009	-5.47106355953e-005
3.31394871704e-009	-4.59614220745e-005
3.33427969076e-009	-3.92817059947e-005
3.35461066449e-009	-3.51116595994e-005
3.37494163821e-009	-3.2179511436e-005
3.39527261193e-009	-2.84150255538e-005
3.41560358566e-009	-2.25496783059e-005
3.43593455938e-009	-1.52610903115e-005
3.45626553311e-009	-8.88267220489e-006
3.47659650683e-009	-5.83347048178e-006
3.49692748055e-009	-7.05919228494e-006
3.51725845428e-009	-1.17619263165e-005
3.537589428e-009	-1.83570170975e-005
3.55792040173e-009	-2.55415120591e-005
3.57825137545e-009	-3.25627679558e-005
3.59858234918e-009	-3.88233634112e-005
3.6189133229e-009	-4.35918404946e-005
3.63924429662e-009	-4.62394482383e-005
3.65957527035e-009	-4.66478240924e-005
3.67990624407e-009	-4.52108006357e-005
3.7002372178e-009	-4.24576041951e-005
3.72056819152e-009	-3.87671520912e-005
3.74089916524e-009	-3.43920110026e-005
3.76123013897e-009	-2.96584039461e-005
3.78156111269e-009	-2.50398807111e-005
3.80189208642e-009	-2.0948653173e-005
3.82222306014e-009	-1.74250988039e-005
3.84255403387e-009	-1.41460789109e-005
3.86288500759e-009	-1.0896177514e-005
3.88321598131e-009	-8.07753497156e-006
3.90354695504e-009	-6.66189123422e-006
3.92387792876e-009	-7.51356481032e-006
3.94420890249e-009	-1.06309497596e-005
3.96453987621e-009	-1.50216799284e-005
3.98487084993e-009	-1.94042240764e-005
4.00520182366e-009	-2.30920131798e-005
4.02553279738e-009	-2.62279008894e-005
4.04586377111e-009	-2.92084396278e-005
4.06619474483e-009	-3.19221285281e-005
4.08652571856e-009	-3.35555573656e-005
4.10685669228e-009	-3.31824621753e-005
4.127187666e-009	-3.05833777929e-005
4.14751863973e-009	-2.65072958427e-005
4.16784961345e-009	-2.21607144795e-005
4.18818058718e-009	-1.84774553418e-005
4.2085115609e-009	-1.57860627041e-005
4.22884253462e-009	-1.39383766964e-005
4.24917350835e-009	-1.25888382172e-005
4.26950448207e-009	-1.13658724104e-005
4.2898354558e-009	-9.93934315829e-006
4.31016642952e-009	-8.17827924493e-006
4.33049740324e-009	-6.42581971988e-006
4.35082837697e-009	-5.54559875354e-006
4.37115935069e-009	-6.45627847007e-006
4.39149032442e-009	-9.41306279856e-006
4.41182129814e-009	-1.36549729177e-005
4.43215227187e-009	-1.78093478098e-005
4.45248324559e-009	-2.07824707559e-005
4.47281421931e-009	-2.23495501359e-005
4.49314519304e-009	-2.29114461945e-005
4.51347616676e-009	-2.27884386277e-005
4.53380714049e-009	-2.18959139602e-005
4.55413811421e-009	-2.00553818104e-005
4.57446908793e-009	-1.74594356395e-005
4.59480006166e-009	-1.47406528868e-005
4.61513103538e-009	-1.25824690258e-005
4.63546200911e-009	-1.12640026373e-005
4.65579298283e-009	-1.05344837493e-005
4.67612395656e-009	-9.86712927897e-006
4.69645493028e-009	-8.83797906681e-006
4.716785904e-009	-7.3626390531e-006
4.73711687773e-009	-5.72945560862e-006
4.75744785145e-009	-4.48333713621e-006
4.77777882518e-009	-4.2065174739e-006
4.7981097989e-009	-5.25909604221e-006
4.81844077262e-009	-7.56555959924e-006
4.83877174635e-009	-1.0557467931e-005
4.85910272007e-009	-1.33842752348e-005
4.8794336938e-009	-1.53253570261e-005
4.89976466752e-009	-1.60965864779e-005
4.92009564125e-009	-1.58667223786e-005
4.94042661497e-009	-1.50761904933e-005
4.96075758869e-009	-1.4175663182e-005
4.98108856242e-009	-1.33545022436e-005
5.00141953614e-009	-1.24570599382e-005
5.02175050987e-009	-1.12233890377e-005
5.04208148359e-009	-9.62648766745e-006
5.06241245731e-009	-7.97923758e-006
5.08274343104e-009	-6.73193130751e-006
5.10307440476e-009	-6.11064433542e-006
5.12340537849e-009	-5.90281808854e-006
5.14373635221e-009	-5.64232834677e-006
5.16406732594e-009	-5.0494938364e-006
5.18439829966e-009	-4.30130427276e-006
5.20472927338e-009	-3.91309112047e-006
5.22506024711e-009	-4.35385754827e-006
5.24539122083e-009	-5.68629241116e-006
5.26572219456e-009	-7.51026914259e-006
5.28605316828e-009	-9.26550740132e-006
5.306384142e-009	-1.05763458578e-005
5.32671511573e-009	-1.13080992605e-005
5.34704608945e-009	-1.14404519991e-005
5.36737706318e-009	-1.10215190716e-005
5.3877080369e-009	-1.02130163668e-005
5.40803901063e-009	-9.26627762965e-006
5.42836998435e-009	-8.38128823943e-006
5.44870095807e-009	-7.56581766836e-006
5.4690319318e-009	-6.67161134515e-006
5.48936290552e-009	-5.64149297588e-006
5.50969387925e-009	-4.68934672426e-006
5.53002485297e-009	-4.14840314988e-006
5.55035582669e-009	-4.13673171806e-006
5.57068680042e-009	-4.4092609528e-006
5.59101777414e-009	-4.50532530749e-006
5.61134874787e-009	-4.12105157466e-006
5.63167972159e-009	-3.46255291106e-006
5.65201069532e-009	-3.15620559377e-006
5.67234166904e-009	-3.69277273649e-006
5.69267264276e-009	-5.00599674069e-006
5.71300361649e-009	-6.58445662793e-006
5.73333459021e-009	-7.84625524375e-006
5.75366556394e-009	-8.44366786623e-006
5.77399653766e-009	-8.37511652207e-006
5.79432751138e-009	-7.86233772487e-006
5.81465848511e-009	-7.12608573394e-006
5.83498945883e-009	-6.32443834547e-006
5.85532043256e-009	-5.60391112003e-006
5.87565140628e-009	-5.05583301447e-006
5.89598238e-009	-4.6394135893e-006
5.91631335373e-009	-4.22790725452e-006
5.93664432745e-009	-3.74359541411e-006
5.95697530118e-009	-3.26143918983e-006
5.9773062749e-009	-2.9766025591e-006
5.99763724863e-009	-3.00804686049e-006
6.01796822235e-009	-3.22182762602e-006
6.03829919607e-009	-3.32037518547e-006
6.0586301698e-009	-3.14575515858e-006
6.07896114352e-009	-2.87209633143e-006
6.09929211725e-009	-2.88409705718e-006
6.11962309097e-009	-3.45115483924e-006
6.13995406469e-009	-4.4679990765e-006
6.16028503842e-009	-5.50596604398e-006
6.18061601214e-009	-6.13450333731e-006
6.20094698587e-009	-6.17825560312e-006
6.22127795959e-009	-5.72408862354e-006
6.24160893332e-009	-5.02110691514e-006
6.26193990704e-009	-4.36567995621e-006
6.28227088076e-009	-3.92605090838e-006
6.30260185449e-009	-3.64726037105e-006
6.32293282821e-009	-3.38647890885e-006
6.34326380194e-009	-3.07492877027e-006
6.36359477566e-009	-2.71702705845e-006
6.38392574938e-009	-2.36927024844e-006
6.40425672311e-009	-2.16021570054e-006
6.42458769683e-009	-2.20421705421e-006
6.44491867056e-009	-2.45318167913e-006
6.46524964428e-009	-2.69937029884e-006
6.48558061801e-009	-2.75248538628e-006
6.50591159173e-009	-2.60555935938e-006
6.52624256545e-009	-2.44753718448e-006
6.54657353918e-009	-2.51304038557e-006
6.5669045129e-009	-2.90238278922e-006
6.58723548663e-009	-3.526881585e-006
6.60756646035e-009	-4.17759537186e-006
6.62789743407e-009	-4.58780112922e-006
6.6482284078e-009	-4.51760791975e-006
6.66855938152e-009	-3.95085328364e-006
6.68889035525e-009	-3.20415074384e-006
6.70922132897e-009	-2.6622038547e-006
6.7295523027e-009	-2.42258025196e-006
6.74988327642e-009	-2.33938811789e-006
6.77021425014e-009	-2.27375372219e-006
6.79054522387e-009	-2.12987467307e-006
6.81087619759e-009	-1.8660886667e-006
6.83120717132e-009	-1.6361931614e-006
6.85153814504e-009	-1.67393389461e-006
6.87186911876e-009	-1.95435754335e-006
6.89220009249e-009	-2.19740579155e-006
6.91253106621e-009	-2.22323339472e-006
6.93286203994e-009	-2.10654297916e-006
6.95319301366e-009	-2.0001288874e-006
6.97352398739e-009	-1.96931793539e-006
6.99385496111e-009	-2.04816029736e-006
7.01418593483e-009	-2.34020180301e-006
7.03451690856e-009	-2.86556598894e-006
7.05484788228e-009	-3.34304883154e-006
7.07517885601e-009	-3.4181995261e-006
7.09550982973e-009	-3.08862325937e-006
7.11584080345e-009	-2.59301356209e-006
7.13617177718e-009	-2.04521535352e-006
7.1565027509e-009	-1.5646619147e-006
7.17683372463e-009	-1.42884520926e-006
7.19716469835e-009	-1.64499815014e-006
7.21749567207e-009	-1.7826283738e-006
7.2378266458e-009	-1.59934910471e-006
7.25815761952e-009	-1.35046541061e-006
7.27848859325e-009	-1.29506368296e-006
7.29881956697e-009	-1.42059899133e-006
7.3191505407e-009	-1.64118452517e-006
7.33948151442e-009	-1.83015600896e-006
7.35981248814e-009	-1.8429290094e-006
7.38014346187e-009	-1.72264003595e-006
7.40047443559e-009	-1.60140965022e-006
7.42080540932e-009	-1.52180084001e-006
7.44113638304e-009	-1.60434743179e-006
7.46146735676e-009	-1.9558623876e-006
7.48179833049e-009	-2.33476865219e-006
7.50212930421e-009	-2.4618631187e-006
7.52246027794e-009	-2.4055604797e-006
7.54279125166e-009	-2.19662661038e-006
7.56312222539e-009	-1.70912232988e-006
7.58345319911e-009	-1.17966304458e-006
7.60378417283e-009	-1.00414041526e-006
7.62411514656e-009	-1.11141876857e-006
7.64444612028e-009	-1.23477416025e-006
7.66477709401e-009	-1.31769306222e-006
7.68510806773e-009	-1.28840432012e-006
7.70543904145e-009	-1.13679594449e-006
7.72577001518e-009	-1.11161965322e-006
7.7461009889e-009	-1.26248374954e-006
7.76643196263e-009	-1.36576430521e-006
7.78676293635e-009	-1.46293530179e-006
7.80709391008e-009	-1.59718001669e-006
7.8274248838e-009	-1.44913073541e-006
7.84775585752e-009	-1.08779939012e-006
7.86808683125e-009	-1.08080062944e-006
7.88841780497e-009	-1.4100391752e-006
7.9087487787e-009	-1.61433538892e-006
7.92907975242e-009	-1.76737697188e-006
7.94941072614e-009	-1.97264586177e-006
7.96974169987e-009	-1.84941234238e-006
7.99007267359e-009	-1.41195653214e-006
8.01040364732e-009	-1.08033350443e-006
8.03073462104e-009	-8.07621461263e-007
8.05106559477e-009	-5.98168170995e-007
8.07139656849e-009	-8.43620838964e-007
8.09172754221e-009	-1.21875655168e-006
8.11205851594e-009	-1.06682388434e-006
8.13238948966e-009	-8.49972380479e-007
8.15272046339e-009	-1.1102957842e-006
8.17305143711e-009	-1.21678846199e-006
8.19338241083e-009	-9.19113162468e-007
8.21371338456e-009	-9.854636005e-007
8.23404435828e-009	-1.39196760074e-006
8.25437533201e-009	-1.35825548853e-006
8.27470630573e-009	-9.87151466347e-007
8.29503727946e-009	-8.38015310478e-007
8.31536825318e-009	-9.34954826448e-007
8.3356992269e-009	-1.16534590688e-006
8.35603020063e-009	-1.3733760369e-006
8.37636117435e-009	-1.35946535806e-006
8.39669214808e-009	-1.41620340344e-006
8.4170231218e-009	-1.57284205216e-006
8.43735409552e-009	-1.07779661107e-006
8.45768506925e-009	-2.48642127332e-007
8.47801604297e-009	-4.32957548924e-007
8.4983470167e-009	-1.12164853761e-006
8.51867799042e-009	-8.25546266014e-007
8.53900896415e-009	-3.76509447619e-007
8.55933993787e-009	-1.02499318189e-006
8.57967091159e-009	-1.47497337366e-006
8.60000188532e-009	-7.67065159835e-007
8.62033285904e-009	-4.11753738661e-007
8.64066383277e-009	-1.0424540875e-006
8.66099480649e-009	-1.32714964707e-006
8.68132578021e-009	-9.53916654112e-007
8.70165675394e-009	-7.44265577168e-007
8.72198772766e-009	-7.87545559433e-007
8.74231870139e-009	-9.04448285155e-007
8.76264967511e-009	-1.00237980405e-006
8.78298064883e-009	-7.62839206914e-007
8.80331162256e-009	-7.02056098589e-007
8.82364259628e-009	-1.46100603615e-006
8.84397357001e-009	-1.7474751246e-006
8.86430454373e-009	-6.49168633515e-007
8.88463551746e-009	-5.46311493821e-008
8.90496649118e-009	-8.47078453603e-007
8.9252974649e-009	-9.8130649917e-007
8.94562843863e-009	-1.29326995335e-007
8.96595941235e-009	-3.23069908603e-007
8.98629038608e-009	-1.28006747957e-006
9.0066213598e-009	-1.18283905692e-006
9.02695233352e-009	-5.22560874572e-007
9.04728330725e-009	-5.23217195791e-007
9.06761428097e-009	-8.71549033832e-007
9.0879452547e-009	-1.07419268147e-006
9.10827622842e-009	-9.22961447714e-007
9.12860720215e-009	-4.11793266153e-007
9.14893817587e-009	-5.5273655164e-007
9.16926914959e-009	-1.37257907795e-006
9.18960012332e-009	-9.2976591759e-007
9.20993109704e-009	2.77380348024e-007
9.23026207077e-009	-5.70052442583e-007
9.25059304449e-009	-2.15005402993e-006
9.27092401821e-009	-1.1392216237e-006
9.29125499194e-009	3.55014815767e-007
9.31158596566e-009	-7.63059830433e-007
9.33191693939e-009	-1.70488533513e-006
9.35224791311e-009	-1.75021028781e-007
9.37257888684e-009	6.28099314781e-007
9.39290986056e-009	-7.60663226629e-007
9.41324083428e-009	-1.50009029198e-006
9.43357180801e-009	-8.08152265108e-007
9.45390278173e-009	-3.48400568839e-007
9.47423375546e-009	-4.4115394715e-007
9.49456472918e-009	-8.98557729556e-007
9.5148957029e-009	-1.29610076272e-006
9.53522667663e-009	-4.96163995223e-007
9.55555765035e-009	2.64368303249e-007
9.57588862408e-009	-1.02029623861e-006
9.5962195978e-009	-1.86277793546e-006
9.61655057153e-009	-6.90464538877e-008
9.63688154525e-009	6.69250724172e-007
9.65721251897e-009	-1.34045518507e-006
9.6775434927e-009	-1.8064583287e-006
9.69787446642e-009	-6.44381188408e-008
9.71820544015e-009	-1.08891651251e-007
9.73853641387e-009	-1.41464111891e-006
9.75886738759e-009	-9.95898645328e-007
9.77919836132e-009	-2.07847623557e-008
9.79952933504e-009	-3.86747665004e-008
9.81986030877e-009	-3.40056271142e-007
9.84019128249e-009	-9.8326823661e-007
9.86052225622e-009	-1.28245274311e-006
9.88085322994e-009	-3.88308478705e-008
9.90118420366e-009	1.61557512257e-007
9.92151517739e-009	-1.88601393347e-006
9.94184615111e-009	-1.53863220476e-006
9.96217712484e-009	1.26375567788e-006
9.98250809856e-009	2.14382414043e-007
1.00028390723e-008	-2.91432780841e-006
1.0023170046e-008	-1.14621882119e-006
1.00435010197e-008	1.83483879823e-006
1.00638319935e-008	-3.70654184678e-007
1.00841629672e-008	-2.73409170859e-006
1.01044939409e-008	-4.84102500309e-007
1.01248249146e-008	1.03374945581e-006
1.01451558884e-008	-8.99326629167e-007
1.01654868621e-008	-1.83191808389e-006
1.01858178358e-008	-7.05049505001e-007
1.02061488095e-008	7.20885573458e-008
1.02264797832e-008	2.33911380931e-007
1.0246810757e-008	-4.36794547198e-007
1.02671417307e-008	-1.55303931137e-006
1.02874727044e-008	-7.05381882682e-007
1.03078036781e-008	7.32634745759e-007
1.03281346519e-008	-6.98833400037e-007
1.03484656256e-008	-2.15473994558e-006
1.03687965993e-008	-3.63735431108e-007
1.0389127573e-008	7.42660111186e-007
1.04094585468e-008	-8.47660077241e-007
1.04297895205e-008	-1.23696136711e-006
1.04501204942e-008	-3.00007176435e-007
1.04704514679e-008	-5.92865482929e-007
1.04907824417e-008	-4.93381605793e-007
1.05111134154e-008	1.72239968066e-007
1.05314443891e-008	-1.08216360672e-006
1.05517753628e-008	-1.61810885402e-006
1.05721063366e-008	6.04236159774e-007
1.05924373103e-008	4.18284940906e-007
1.0612768284e-008	-2.52182866234e-006
1.06330992577e-008	-1.35139482182e-006
1.06534302315e-008	1.95850267914e-006
1.06737612052e-008	7.09175580482e-008
1.06940921789e-008	-2.89107981644e-006
1.07144231526e-008	-4.53980465664e-007
1.07347541264e-008	1.76016979481e-006
1.07550851001e-008	-1.03001461582e-006
1.07754160738e-008	-2.70753085374e-006
1.07957470475e-008	-1.93880064003e-007
1.08160780213e-008	1.17558596457e-006
1.0836408995e-008	-5.03695087417e-007
1.08567399687e-008	-1.77065562923e-006
1.08770709424e-008	-1.09008524873e-006
1.08974019161e-008	4.71265451552e-007
1.09177328899e-008	8.11133702427e-007
1.09380638636e-008	-1.37614718199e-006
1.09583948373e-008	-2.64322787302e-006
1.0978725811e-008	3.25079327013e-007
1.09990567848e-008	2.39272864633e-006
1.10193877585e-008	-1.32132174713e-006
1.10397187322e-008	-4.20848328986e-006
1.10600497059e-008	-1.05030352415e-007
1.10803806797e-008	3.65754502241e-006
1.11007116534e-008	-2.86626193002e-007
1.11210426271e-008	-4.82636727384e-006
1.11413736008e-008	-1.25331148126e-006
1.11617045746e-008	4.25211970878e-006
1.11820355483e-008	1.15185659411e-006
1.1202366522e-008	-5.73812820903e-006
1.12226974957e-008	-3.4060407188e-006
1.12430284695e-008	4.94377394489e-006
1.12633594432e-008	3.43562214766e-006
1.12836904169e-008	-6.26324435871e-006
1.13040213906e-008	-5.32527349151e-006
1.13243523644e-008	5.74565251554e-006
1.13446833381e-008	5.19412714084e-006
1.13650143118e-008	-7.21904552847e-006
1.13853452855e-008	-6.90829608629e-006
1.14056762593e-008	6.74512739351e-006
1.1426007233e-008	6.51510646321e-006
1.14463382067e-008	-8.23624327495e-006
1.14666691804e-008	-7.96003678261e-006
1.14870001541e-008	7.58764417697e-006
1.15073311279e-008	7.07154720203e-006
1.15276621016e-008	-8.88022407253e-006
1.15479930753e-008	-7.91895797647e-006
1.1568324049e-008	8.14610484667e-006
1.15886550228e-008	6.98438316249e-006
1.16089859965e-008	-8.67181051944e-006
1.16293169702e-008	-7.91096522335e-006
1.16496479439e-008	6.54537024047e-006
1.16699789177e-008	6.77202751831e-006
1.16903098914e-008	-6.01432657277e-006
1.17106408651e-008	-7.99215672487e-006
1.17309718388e-008	3.11077751647e-006
1.17513028126e-008	7.80612629114e-006
1.17716337863e-008	-1.82828459216e-006
1.179196476e-008	-9.88711121863e-006
1.18122957337e-008	-1.21066040037e-006
1.18326267075e-008	1.02639723991e-005
1.18529576812e-008	1.85551091647e-006
1.18732886549e-008	-1.24477298868e-005
1.18936196286e-008	-3.82758576123e-006
1.19139506024e-008	1.21155120496e-005
1.19342815761e-008	3.31082085836e-006
1.19546125498e-008	-1.28721810597e-005
1.19749435235e-008	-4.65121028981e-006
1.19952744973e-008	1.07484906948e-005
1.2015605471e-008	4.75235536612e-006
1.20359364447e-008	-9.46135753566e-006
1.20562674184e-008	-7.56258998535e-006
1.20765983921e-008	6.02326372245e-006
1.20969293659e-008	9.45143165154e-006
1.21172603396e-008	-5.2792327665e-006
1.21375913133e-008	-1.42750993746e-005
1.2157922287e-008	3.84235977435e-006
1.21782532608e-008	1.73401706434e-005
1.21985842345e-008	-5.68223867958e-006
1.22189152082e-008	-2.11373369439e-005
1.22392461819e-008	6.84501844717e-006
1.22595771557e-008	2.10132068332e-005
1.22799081294e-008	-1.00465999822e-005
1.23002391031e-008	-2.02768560484e-005
1.23205700768e-008	1.00827897995e-005
1.23409010506e-008	1.54825617074e-005
1.23612320243e-008	-9.40231075219e-006
1.2381562998e-008	-1.15954922535e-005
1.24018939717e-008	3.40358866424e-006
1.24222249455e-008	6.36549449595e-006
1.24425559192e-008	3.90899404579e-006
1.24628868929e-008	-4.82557888404e-006
1.24832178666e-008	-1.45942788095e-005
1.25035488404e-008	4.2828366702e-006
1.25238798141e-008	2.28864992096e-005
1.25442107878e-008	-8.26303698886e-006
1.25645417615e-008	-3.06301099045e-005
1.25848727353e-008	1.1274987969e-005
1.2605203709e-008	3.2568448205e-005
1.26255346827e-008	-1.47909149746e-005
1.26458656564e-008	-3.2288073271e-005
1.26661966301e-008	1.30916214403e-005
1.26865276039e-008	2.780067598e-005
1.27068585776e-008	-8.54075869938e-006
1.27271895513e-008	-2.5513428227e-005
1.2747520525e-008	-2.31565311992e-006
1.27678514988e-008	2.45336871103e-005
1.27881824725e-008	1.37049576097e-005
1.28085134462e-008	-3.05061407744e-005
1.28288444199e-008	-2.61259526724e-005
1.28491753937e-008	3.97256544602e-005
1.28695063674e-008	3.24724974234e-005
1.28898373411e-008	-5.3688620028e-005
1.29101683148e-008	-3.39841858477e-005
1.29304992886e-008	6.51588879919e-005
1.29508302623e-008	2.70383361567e-005
1.2971161236e-008	-7.35568082746e-005
1.29914922097e-008	-1.7869631165e-005
1.30118231835e-008	7.17278971933e-005
1.30321541572e-008	6.89562745038e-006
1.30524851309e-008	-6.25482830401e-005
1.30728161046e-008	-2.61633533682e-006
1.30931470784e-008	4.45374848823e-005
1.31134780521e-008	5.34957720788e-006
1.31338090258e-008	-2.56631587945e-005
1.31541399995e-008	-1.99492851607e-005
1.31744709733e-008	7.58385942845e-006
1.3194801947e-008	4.05743794545e-005
1.32151329207e-008	1.63330878422e-006
1.32354638944e-008	-6.58013705106e-005
1.32557948681e-008	-4.03573841368e-006
1.32761258419e-008	8.53115661812e-005
1.32964568156e-008	-2.10636812881e-006
1.33167877893e-008	-9.68161939454e-005
1.3337118763e-008	8.04026723245e-006
1.33574497368e-008	9.37889180932e-005
1.33777807105e-008	-1.04089959905e-005
1.33981116842e-008	-8.10010633359e-005
1.34184426579e-008	-5.6334221199e-007
1.34387736317e-008	6.00038770244e-005
1.34591046054e-008	2.3853442201e-005
1.34794355791e-008	-4.2524410901e-005
1.34997665528e-008	-6.10876618339e-005
1.35200975266e-008	3.29012334532e-005
1.35404285003e-008	0.000101996167359
1.3560759474e-008	-3.94209308752e-005
1.35810904477e-008	-0.000140380598168
1.36014214215e-008	5.8016813e-005
1.36217523952e-008	0.000162990165336
1.36420833689e-008	-8.63229988681e-005
1.36624143426e-008	-0.000167697935467
1.36827453164e-008	0.000110532707367
1.37030762901e-008	0.000151356616698
1.37234072638e-008	-0.00012327132572
1.37437382375e-008	-0.000124832366055
1.37640692113e-008	0.000113048527965
1.3784400185e-008	9.66287016126e-005
1.38047311587e-008	-8.1822012362e-005
1.38250621324e-008	-8.3229365373e-005
1.38453931061e-008	3.20146293689e-005
1.38657240799e-008	9.02836427485e-005
1.38860550536e-008	2.06125579325e-005
1.39063860273e-008	-0.000123608446302
1.3926717001e-008	-6.5853770252e-005
1.39470479748e-008	0.000172906949956
1.39673789485e-008	8.95404612038e-005
1.39877099222e-008	-0.000227761342103
1.40080408959e-008	-9.2072953521e-005
1.40283718697e-008	0.00026796595921
1.40487028434e-008	7.61779099321e-005
1.40690338171e-008	-0.000283651141217
1.40893647908e-008	-5.98241447278e-005
1.41096957646e-008	0.00026588302353
1.41300267383e-008	5.68063202309e-005
1.4150357712e-008	-0.000223814924539
1.41706886857e-008	-8.47339933898e-005
1.41910196595e-008	0.000168999004018
1.42113506332e-008	0.000144758158058
1.42316816069e-008	-0.000124691709061
1.42520125806e-008	-0.000232760336075
1.42723435544e-008	0.000104556089809
1.42926745281e-008	0.00032638308403
1.43130055018e-008	-0.000120389528092
1.43333364755e-008	-0.000405108497944
1.43536674493e-008	0.000163873244674
1.4373998423e-008	0.000443784472736
1.43943293967e-008	-0.000222092623517
1.44146603704e-008	-0.000434999783465
1.44349913441e-008	0.000268686300842
1.44553223179e-008	0.000379656183213
1.44756532916e-008	-0.000285979924229
1.44959842653e-008	-0.000300483665342
1.4516315239e-008	0.000258526546531
1.45366462128e-008	0.000221379947106
1.45569771865e-008	-0.000192558065464
1.45773081602e-008	-0.000172338874108
1.45976391339e-008	0.000101451326373
1.46179701077e-008	0.000165512546118
1.46383010814e-008	-1.46818795201e-005
1.46586320551e-008	-0.000203550803235
1.46789630288e-008	-4.5547508762e-005
1.46992940026e-008	0.000265262542598
1.47196249763e-008	5.98466986048e-005
1.473995595e-008	-0.00032561282751
1.47602869237e-008	-3.25275887008e-005
1.47806178975e-008	0.000351110687916
1.48009488712e-008	-2.23228825007e-005
1.48212798449e-008	-0.000325156834151
1.48416108186e-008	7.20148341316e-005
1.48619417924e-008	0.000241528250626
1.48822727661e-008	-8.95154043974e-005
1.49026037398e-008	-0.000120186628294
1.49229347135e-008	5.05738108814e-005
1.49432656873e-008	-1.21349795563e-005
1.4963596661e-008	4.34658574022e-005
1.49839276347e-008	0.000117858926842
1.50042586084e-008	-0.000177702779183
1.50245895822e-008	-0.000175051676479
1.50449205559e-008	0.000313947075483
1.50652515296e-008	0.000172448857938
1.50855825033e-008	-0.000415335598518
1.5105913477e-008	-0.000126659732132
1.51262444508e-008	0.00044497383351
1.51465754245e-008	6.33167965134e-005
1.51669063982e-008	-0.00039132242091
1.51872373719e-008	-2.08149705259e-005
1.52075683457e-008	0.000259308544628
1.52278993194e-008	2.32259030781e-005
1.52482302931e-008	-8.23543662136e-005
1.52685612668e-008	-8.44904452606e-005
1.52888922406e-008	-0.000101830871245
1.53092232143e-008	0.00018992067271
1.5329554188e-008	0.000251131921686
1.53498851617e-008	-0.000313501968776
1.53702161355e-008	-0.000346336940993
1.53905471092e-008	0.000413414083596
1.54108780829e-008	0.000384339979973
1.54312090566e-008	-0.000459666767711
1.54515400304e-008	-0.000391881913401
1.54718710041e-008	0.000431760545325
1.54922019778e-008	0.0004023803167
1.55125329515e-008	-0.00033962674388
1.55328639253e-008	-0.000456317982753
1.5553194899e-008	0.000208196842323
1.55735258727e-008	0.000573274321141
1.55938568464e-008	-8.23992645564e-005
1.56141878202e-008	-0.000757245328714
1.56345187939e-008	-1.29463944631e-006
1.56548497676e-008	0.000981270059128
1.56751807413e-008	1.43898205351e-005
1.5695511715e-008	-0.0012092932011
1.57158426888e-008	4.05865607682e-005
1.57361736625e-008	0.00139532152389
1.57565046362e-008	-0.00014373875274
1.57768356099e-008	-0.00151206061128
1.57971665837e-008	0.000251132547419
1.58174975574e-008	0.00154673744692
1.58378285311e-008	-0.000321532374073
1.58581595048e-008	-0.00151701524737
1.58784904786e-008	0.00031494011364
1.58988214523e-008	0.00144903238106
1.5919152426e-008	-0.00021621095857
1.59394833997e-008	-0.00137830164749
1.59598143735e-008	2.39650182721e-005
1.59801453472e-008	0.00132230721647
1.60004763209e-008	0.000238691474806
1.60208072946e-008	-0.00128716899781
1.60411382684e-008	-0.000546606715943
1.60614692421e-008	0.00125402904814
1.60818002158e-008	0.000867610702699
1.61021311895e-008	-0.00120106957911
1.61224621633e-008	-0.00118358390318
1.6142793137e-008	0.00109986033931
1.61631241107e-008	0.00147813122021
1.61834550844e-008	-0.000938530443818
1.62037860582e-008	-0.00174856404192
1.62241170319e-008	0.000711350548954
1.62444480056e-008	0.0019881890621
1.62647789793e-008	-0.000430557807704
1.6285109953e-008	-0.00219875131734
1.63054409268e-008	0.000105615885218
1.63257719005e-008	0.00237716647098
1.63461028742e-008	0.00024848837802
1.63664338479e-008	-0.00253287292435
1.63867648217e-008	-0.000627189408988
1.64070957954e-008	0.002675620839
1.64274267691e-008	0.00101825986349
1.64477577428e-008	-0.00282715383219
1.64680887166e-008	-0.00140879968239
1.64884196903e-008	0.00299860176165
1.6508750664e-008	0.00176571594784
1.65290816377e-008	-0.00319268490421
1.65494126115e-008	-0.00205259615905
1.65697435852e-008	0.00337883463362
1.65900745589e-008	0.00222845934331
1.66104055326e-008	-0.00350488588447
1.66307365064e-008	-0.00228260477888
1.66510674801e-008	0.00349269871367
1.66713984538e-008	0.00223997005378
1.66917294275e-008	-0.00327398089576
1.67120604013e-008	-0.00218210427556
1.6732391375e-008	0.00280352853588
1.67527223487e-008	0.00221802704618
1.67730533224e-008	-0.00209719149279
1.67933842962e-008	-0.0024625446531
1.68137152699e-008	0.00122601244129
1.68340462436e-008	0.00297594530275
1.68543772173e-008	-0.000315209443215
1.6874708191e-008	-0.00373968941858
1.68950391648e-008	-0.00050874866065
1.69153701385e-008	0.00462897884427
1.69357011122e-008	0.00115481244211
1.69560320859e-008	-0.00544989149785
1.69763630597e-008	-0.00162496550547
1.69966940334e-008	0.00598238047678
1.70170250071e-008	0.00201538861165
1.70373559808e-008	-0.00607035891153
1.70576869546e-008	-0.00250642711762
1.70780179283e-008	0.00567491602851
1.7098348902e-008	0.00328711580369
1.71186798757e-008	-0.00491851405241
1.71390108495e-008	-0.00448895344744
1.71593418232e-008	0.00404461691505
1.71796727969e-008	0.00610035657883
1.72000037706e-008	-0.00335049914429
1.72203347444e-008	-0.00794851989485
1.72406657181e-008	0.00305964284053
1.72609966918e-008	0.00971093948465
1.72813276655e-008	-0.00323114736238
1.73016586393e-008	-0.0110146827064
1.7321989613e-008	0.00369227453484
1.73423205867e-008	0.0115457611391
1.73626515604e-008	-0.00407882031868
1.73829825342e-008	-0.0111856483854
1.74033135079e-008	0.00392692090827
1.74236444816e-008	0.0100704202196
1.74439754553e-008	-0.00284437726077
1.7464306429e-008	-0.00859295728151
1.74846374028e-008	0.000652433842333
1.75049683765e-008	0.00728185905609
1.75252993502e-008	0.00250396840238
1.75456303239e-008	-0.00663925794652
1.75659612977e-008	-0.00617899978533
1.75862922714e-008	0.0069361460628
1.76066232451e-008	0.00973551091738
1.76269542188e-008	-0.00809218100039
1.76472851926e-008	-0.0125678345794
1.76676161663e-008	0.00964217237197
1.768794714e-008	0.0143142357701
1.77082781137e-008	-0.0108696393436
1.77286090875e-008	-0.0150333318161
1.77489400612e-008	0.0110245280666
1.77692710349e-008	0.0152159730205
1.77896020086e-008	-0.00961059692781
1.78099329824e-008	-0.0156597258756
1.78302639561e-008	0.00658963667229
1.78505949298e-008	0.017179404851
1.78709259035e-008	-0.00246986182401
1.78912568773e-008	-0.0202978104353
1.7911587851e-008	-0.00182885794493
1.79319188247e-008	0.0249757210258
1.79522497984e-008	0.00525950541305
1.79725807722e-008	-0.0305424723774
1.79929117459e-008	-0.0070506054326
1.80132427196e-008	0.0358237670735
1.80335736933e-008	0.00703312346013
1.8053904667e-008	-0.0394996413961
1.80742356408e-008	-0.00580873829313
1.80945666145e-008	0.0405341163278
1.81148975882e-008	0.00461506645661
1.81352285619e-008	-0.0385826816782
1.81555595357e-008	-0.0049536297447
1.81758905094e-008	0.0341696329415
1.81962214831e-008	0.00803931441624
1.82165524568e-008	-0.028594997013
1.82368834306e-008	-0.0143165346235
1.82572144043e-008	0.023515780922
1.8277545378e-008	0.0231791757978
1.82978763517e-008	-0.0203754575923
1.83182073255e-008	-0.0330793424509
1.83385382992e-008	0.0198282300262
1.83588692729e-008	0.0419747936539
1.83792002466e-008	-0.02143308823
1.83995312204e-008	-0.048041141592
1.84198621941e-008	0.0237084461842
1.84401931678e-008	0.0503536453471
1.84605241415e-008	-0.0246180994436
1.84808551153e-008	-0.0493281148374
1.8501186089e-008	0.022293503047
1.85215170627e-008	0.0466709947214
1.85418480364e-008	-0.0157966514817
1.85621790102e-008	-0.044858652167
1.85825099839e-008	0.00558304353035
1.86028409576e-008	0.0462410543114
1.86231719313e-008	0.0064868691843
1.8643502905e-008	-0.0521272164769
1.86638338788e-008	-0.0176922021201
1.86841648525e-008	0.0621455842629
1.87044958262e-008	0.0253504440188
1.87248267999e-008	-0.0742015317082
1.87451577737e-008	-0.0278253832366
1.87654887474e-008	0.0850448524579
1.87858197211e-008	0.0252224843716
1.88061506948e-008	-0.0913372728974
1.88264816686e-008	-0.0195331732975
1.88468126423e-008	0.0908063640818
1.8867143616e-008	0.0140629484085
1.88874745897e-008	-0.0831189099699
1.89078055635e-008	-0.0123414379777
1.89281365372e-008	0.0700776283629
1.89484675109e-008	0.0168174328282
1.89687984846e-008	-0.0550788408145
1.89891294584e-008	-0.0278590582311
1.90094604321e-008	0.0419296299224
1.90297914058e-008	0.043403416872
1.90501223795e-008	-0.0334726094734
1.90704533533e-008	-0.0594920972362
1.9090784327e-008	0.0304616135545
1.91111153007e-008	0.0715101398528
1.91314462744e-008	-0.0311790578999
1.91517772482e-008	-0.0757827972993
1.91721082219e-008	0.0319408205687
1.91924391956e-008	0.0709270639345
1.92127701693e-008	-0.0284171042731
1.92331011431e-008	-0.0585094960406
1.92534321168e-008	0.0172779192217
1.92737630905e-008	0.0426684916019
1.92940940642e-008	0.00237667857436
1.93144250379e-008	-0.0288110608235
1.93347560117e-008	-0.0283982921392
1.93550869854e-008	0.0217290366418
1.93754179591e-008	0.0560124558397
1.93957489328e-008	-0.0238287935499
1.94160799066e-008	-0.0792535312939
1.94364108803e-008	0.0340719507076
1.9456741854e-008	0.0929145365953
1.94770728277e-008	-0.0481153302826
1.94974038015e-008	-0.0944052515551
1.95177347752e-008	0.0596224330366
1.95380657489e-008	0.0847966941074
1.95583967226e-008	-0.0623948741704
1.95787276964e-008	-0.0686749881133
1.95990586701e-008	0.0525409369729
1.96193896438e-008	0.0527139031328
1.96397206175e-008	-0.0299477042281
1.96600515913e-008	-0.0434373668395
1.9680382565e-008	-0.00156997761223
1.97007135387e-008	0.0448586037382
1.97210445124e-008	0.0355148696108
1.97413754862e-008	-0.0568851567805
1.97617064599e-008	-0.0650166133419
1.97820374336e-008	0.0750546231866
1.98023684073e-008	0.0853512014728
1.98226993811e-008	-0.0918329954147
1.98430303548e-008	-0.0957952213939
1.98633613285e-008	0.0990519989282
1.98836923022e-008	0.100023626001
1.99040232759e-008	-0.0907360631973
1.99243542497e-008	-0.104861916509
1.99446852234e-008	0.0652810167521
1.99650161971e-008	0.117703506723
1.99853471708e-008	-0.0262359217741
2.00056781446e-008	-0.143534148112
2.00260091183e-008	-0.018700825749
2.0046340092e-008	0.18261092715
2.00666710657e-008	0.0601321593858
2.00870020395e-008	-0.229770584032
2.01073330132e-008	-0.090100960806
2.01276639869e-008	0.275671437383
2.01479949606e-008	0.104774773121
2.01683259344e-008	-0.309663448483
2.01886569081e-008	-0.105766171589
2.02089878818e-008	0.323244452477
2.02293188555e-008	0.0995231643319
2.02496498293e-008	-0.312913980335
2.0269980803e-008	-0.0950220907107
2.02903117767e-008	0.281324055046
2.03106427504e-008	0.100526449271
2.03309737242e-008	-0.236332852393
2.03513046979e-008	-0.120652024634
2.03716356716e-008	0.188213512301
2.03919666453e-008	0.154772788286
2.04122976191e-008	-0.146051375195
2.04326285928e-008	-0.197398049757
2.04529595665e-008	0.114564504474
2.04732905402e-008	0.240302104503
2.04936215139e-008	-0.0925456752302
2.05139524877e-008	-0.27563405782
2.05342834614e-008	0.0734161067521
2.05546144351e-008	0.29877891764
2.05749454088e-008	-0.04769561172
2.05952763826e-008	-0.309953689575
2.06156073563e-008	0.00638006604277
2.063593833e-008	0.313906762749
2.06562693037e-008	0.0559652347583
2.06766002775e-008	-0.317912608385
2.06969312512e-008	-0.139514539624
2.07172622249e-008	0.328793752939
2.07375931986e-008	0.23930484429
2.07579241724e-008	-0.350154865533
2.07782551461e-008	-0.346979994327
2.07985861198e-008	0.380794133991
2.08189170935e-008	0.453294165432
2.08392480673e-008	-0.414874613285
2.0859579041e-008	-0.55045171082
2.08799100147e-008	0.443627856672
2.09002409884e-008	0.633471086621
2.09205719622e-008	-0.457898288965
2.09409029359e-008	-0.700379364192
2.09612339096e-008	0.450487025082
2.09815648833e-008	0.751451857388
2.10018958571e-008	-0.417556360364
2.10222268308e-008	-0.788165397942
2.10425578045e-008	0.358742792159
2.10628887782e-008	0.812404751778
2.10832197519e-008	-0.276297951117
2.11035507257e-008	-0.82626645267
2.11238816994e-008	0.173838974792
2.11442126731e-008	0.83225518465
2.11645436468e-008	-0.0554131865501
2.11848746206e-008	-0.83345541358
2.12052055943e-008	-0.0748683162965
2.1225536568e-008	0.833116546273
2.12458675417e-008	0.212715893751
2.12661985155e-008	-0.833502218127
2.12865294892e-008	-0.353594304994
2.13068604629e-008	0.834284856915
2.13271914366e-008	0.493147779256
2.13475224104e-008	-0.831364765763
2.13678533841e-008	-0.628373660147
2.13881843578e-008	0.817001380026
2.14085153315e-008	0.759163014591
2.14288463053e-008	-0.781820043921
2.1449177279e-008	-0.889454051852
2.14695082527e-008	0.718311347067
2.14898392264e-008	1.02689229697
2.15101702002e-008	-0.624692961574
2.15305011739e-008	-1.18038079143
2.15508321476e-008	0.507381219417
2.15711631213e-008	1.35561983287
2.15914940951e-008	-0.380615426227
2.16118250688e-008	-1.55000065267
2.16321560425e-008	0.262542891316
2.16524870162e-008	1.74892130494
2.16728179899e-008	-0.168536292389
2.16931489637e-008	-1.92575609684
2.17134799374e-008	0.103743844433
2.17338109111e-008	2.04665121436
2.17541418848e-008	-0.057837654138
2.17744728586e-008	-2.07961198688
2.17948038323e-008	0.00462181598414
2.1815134806e-008	2.00531440973
2.18354657797e-008	0.092028525658
2.18557967535e-008	-1.82582443953
2.18761277272e-008	-0.266823545098
2.18964587009e-008	1.56727181375
2.19167896746e-008	0.539532676339
2.19371206484e-008	-1.27412955463
2.19574516221e-008	-0.904196873307
2.19777825958e-008	0.995464898646
2.19981135695e-008	1.32582245767
2.20184445433e-008	-0.766981371911
2.2038775517e-008	-1.74737256765
2.20591064907e-008	0.595008895732
2.20794374644e-008	2.10628977418
2.20997684382e-008	-0.449274156243
2.21200994119e-008	-2.35595995188
2.21404303856e-008	0.269002963556
2.21607613593e-008	2.4846111834
2.21810923331e-008	0.0174111630768
2.22014233068e-008	-2.52392503619
2.22217542805e-008	-0.464470759034
2.22420852542e-008	2.54207193851
2.22624162279e-008	1.08298430219
2.22827472017e-008	-2.62114623189
2.23030781754e-008	-1.82575297356
2.23234091491e-008	2.82487121224
2.23437401228e-008	2.59344956279
2.23640710966e-008	-3.16745275259
2.23844020703e-008	-3.26196414232
2.2404733044e-008	3.59587988257
2.24250640177e-008	3.7240960598
2.24453949915e-008	-3.99505889416
2.24657259652e-008	-3.93174409866
2.24860569389e-008	4.21773582697
2.25063879126e-008	3.92225790024
2.25267188864e-008	-4.13188233972
2.25470498601e-008	-3.81631499529
2.25673808338e-008	3.67003884912
2.25877118075e-008	3.78379142284
2.26080427813e-008	-2.86192016304
2.2628373755e-008	-3.98602110147
2.26487047287e-008	1.83520929038
2.26690357024e-008	4.51320528984
2.26893666762e-008	-0.77972342819
2.27096976499e-008	-5.3405072093
2.27300286236e-008	-0.11646309495
2.27503595973e-008	6.32219463587
2.27706905711e-008	0.738193511963
2.27910215448e-008	-7.23121035099
2.28113525185e-008	-1.09538860619
2.28316834922e-008	7.83451259136
2.28520144659e-008	1.33334472775
2.28723454397e-008	-7.97955203056
2.28926764134e-008	-1.69150479883
2.29130073871e-008	7.65982437134
2.29333383608e-008	2.41932853125
2.29536693346e-008	-7.03182649612
2.29740003083e-008	-3.67594920192
2.2994331282e-008	6.37120324373
2.30146622557e-008	5.44975796342
2.30349932295e-008	-5.9779034853
2.30553242032e-008	-7.53145498037
2.30756551769e-008	6.06083831191
2.30959861506e-008	9.55755221844
2.31163171244e-008	-6.64369601011
2.31366480981e-008	-11.1168519258
2.31569790718e-008	7.53019970655
2.31773100455e-008	11.8874337673
2.31976410193e-008	-8.34861063957
2.3217971993e-008	-11.7565670013
2.32383029667e-008	8.66741257906
2.32586339404e-008	10.8772177696
2.32789649142e-008	-8.14643752575
2.32992958879e-008	-9.63361287117
2.33196268616e-008	6.67044350505
2.33399578353e-008	8.51952397823
2.33602888091e-008	-4.41340664867
2.33806197828e-008	-7.96588695049
2.34009507565e-008	1.80240255408
2.34212817302e-008	8.17676776648
2.3441612704e-008	0.615356326103
2.34619436777e-008	-9.03527534008
2.34822746514e-008	-2.36243602633
2.35026056251e-008	10.1208851337
2.35229365988e-008	3.21272805333
2.35432675726e-008	-10.8421860933
2.35635985463e-008	-3.29642370343
2.358392952e-008	10.6462477446
2.36042604937e-008	3.0817963779
2.36245914675e-008	-9.23346400261
2.36449224412e-008	-3.2284527868
2.36652534149e-008	6.69806751609
2.36855843886e-008	4.35298754275
2.37059153624e-008	-3.53471392393
2.37262463361e-008	-6.78435361385
2.37465773098e-008	0.496220096946
2.37669082835e-008	10.3972498775
2.37872392573e-008	1.65785732865
2.3807570231e-008	-14.5919156075
2.38279012047e-008	-2.43843668699
2.38482321784e-008	18.4419836998
2.38685631522e-008	1.82877029479
2.38888941259e-008	-20.9726610184
2.39092250996e-008	-0.32939915359
2.39295560733e-008	21.4806158543
2.39498870471e-008	-1.18501400948
2.39702180208e-008	-19.7843329906
2.39905489945e-008	1.7606049031
2.40108799682e-008	16.3093025684
2.4031210942e-008	-0.715304687619
2.40515419157e-008	-11.9650075436
2.40718728894e-008	-2.07965029776
2.40922038631e-008	7.84277357161
2.41125348368e-008	6.09824353456
2.41328658106e-008	-4.83136191964
2.41531967843e-008	-10.2916437387
2.4173527758e-008	3.2846403718
2.41938587317e-008	13.4244596958
2.42141897055e-008	-2.86721557379
2.42345206792e-008	-14.5076326728
2.42548516529e-008	2.64778527617
2.42751826266e-008	13.1757989526
2.42955136004e-008	-1.42409956455
2.43158445741e-008	-9.86489161849
2.43361755478e-008	-1.82392163668
2.43565065215e-008	5.70827376842
2.43768374953e-008	7.51171800494
2.4397168469e-008	-2.16799306311
2.44174994427e-008	-15.2175725102
2.44378304164e-008	0.515881639905
2.44581613902e-008	23.7408543825
2.44784923639e-008	-1.34309082106
2.44988233376e-008	-31.4501547813
2.45191543113e-008	4.27826228738
2.45394852851e-008	36.8130555153
2.45598162588e-008	-8.02980184555
2.45801472325e-008	-38.9238200188
2.46004782062e-008	10.7568019629
2.462080918e-008	37.8345990181
2.46411401537e-008	-10.654081583
2.46614711274e-008	-34.5561954975
2.46818021011e-008	6.55180460215
2.47021330748e-008	30.7093300819
2.47224640486e-008	1.68350231647
2.47427950223e-008	-27.9356529713
2.4763125996e-008	-13.0975857973
2.47834569697e-008	27.271750927
2.48037879435e-008	25.9760611057
2.48241189172e-008	-28.7146191597
2.48444498909e-008	-38.4423303604
2.48647808646e-008	31.1480898857
2.48851118384e-008	49.1161189079
2.49054428121e-008	-32.6749987602
2.49257737858e-008	-57.5946400166
2.49461047595e-008	31.2538905144
2.49664357333e-008	64.5769572258
2.4986766707e-008	-25.421302557
2.50070976807e-008	-71.5786018372
2.50274286544e-008	14.8423167467
2.50477596282e-008	80.3298473358
2.50680906019e-008	-0.484346570447
2.50884215756e-008	-92.068655014
2.51087525493e-008	-15.6589764357
2.51290835231e-008	106.981233597
2.51494144968e-008	31.2079124451
2.51697454705e-008	-123.994686127
2.51900764442e-008	-44.1821875572
2.5210407418e-008	141.002435684
2.52307383917e-008	53.6591901779
2.52510693654e-008	-155.448863983
2.52714003391e-008	-60.0758123398
2.52917313128e-008	165.071115494
2.53120622866e-008	65.0697784424
2.53323932603e-008	-168.540428162
2.5352724234e-008	-70.9183425903
2.53730552077e-008	165.781515121
2.53933861815e-008	79.773434639
2.54137171552e-008	-157.867364883
2.54340481289e-008	-92.9601259232
2.54543791026e-008	146.535749435
2.54747100764e-008	110.575353622
2.54950410501e-008	-133.505971909
2.55153720238e-008	-131.512979507
2.55357029975e-008	119.839323044
2.55560339713e-008	153.884838104
2.5576364945e-008	-105.561092377
2.55966959187e-008	-175.667419434
2.56170268924e-008	89.6641044617
2.56373578662e-008	195.334323883
2.56576888399e-008	-70.4746375084
2.56780198136e-008	-212.253334045
2.56983507873e-008	46.2414019108
2.57186817611e-008	226.726779938
2.57390127348e-008	-15.7391358018
2.57593437085e-008	-239.69197464
2.57796746822e-008	-21.310218364
2.5800005656e-008	252.220222473
2.58203366297e-008	64.1146821976
2.58406676034e-008	-265.00750351
2.58609985771e-008	-110.992119789
2.58813295508e-008	278.02765274
2.59016605246e-008	159.752950668
2.59219914983e-008	-290.436847687
2.5942322472e-008	-208.134565353
2.59626534457e-008	300.706905365
2.59829844195e-008	254.153434753
2.60033153932e-008	-306.887207031
2.60236463669e-008	-296.308078766
2.60439773406e-008	306.874721527
2.60643083144e-008	333.646720886
2.60846392881e-008	-298.608283997
2.61049702618e-008	-365.764972687
2.61253012355e-008	280.186553955
2.61456322093e-008	392.796146393
2.6165963183e-008	-249.978050232
2.61862941567e-008	-415.407608032
2.62066251304e-008	206.806694031
2.62269561042e-008	434.740989685
2.62472870779e-008	-150.24113369
2.62676180516e-008	-452.208374023
2.62879490253e-008	80.915394783
2.63082799991e-008	469.081199646
2.63286109728e-008	-0.699975013733
2.63489419465e-008	-485.903190613
2.63692729202e-008	-87.4747123718
2.6389603894e-008	501.900413513
2.64099348677e-008	180.252540112
2.64302658414e-008	-514.656715393
2.64505968151e-008	-274.857489109
2.64709277888e-008	520.320899963
2.64912587626e-008	370.156986237
2.65115897363e-008	-514.471359253
2.653192071e-008	-467.319065094
2.65522516837e-008	493.502819061
2.65725826575e-008	569.623146057
2.65929136312e-008	-456.104957581
2.66132446049e-008	-681.229942322
2.66335755786e-008	404.223445892
2.66539065524e-008	805.119438171
2.66742375261e-008	-342.928943634
2.66945684998e-008	-940.832633972
2.67148994735e-008	278.923928261
2.67352304473e-008	1082.91661072
2.6755561421e-008	-217.944898605
2.67758923947e-008	-1220.90797424
2.67962233684e-008	161.848046303
2.68165543422e-008	1341.25271606
2.68368853159e-008	-106.509407997
2.68572162896e-008	-1430.86239624
2.68775472633e-008	41.6076145172
2.68978782371e-008	1481.25260925
2.69182092108e-008	47.1671752632
2.69385401845e-008	-1491.76602173
2.69588711582e-008	-173.810674667
2.6979202132e-008	1470.43823242
2.69995331057e-008	346.845212936
2.70198640794e-008	-1431.73161316
2.70401950531e-008	-565.145048141
2.70605260269e-008	1391.49497986
2.70808570006e-008	816.542171478
2.71011879743e-008	-1360.65365601
2.7121518948e-008	-1080.26864624
2.71418499217e-008	1339.91976929
2.71621808955e-008	1332.92616272
2.71825118692e-008	-1317.77883911
2.72028428429e-008	-1556.28077698
2.72231738166e-008	1273.07647705
2.72435047904e-008	1744.12098694
2.72638357641e-008	-1181.92288208
2.72841667378e-008	-1905.39294434
2.73044977115e-008	1026.88658142
2.73248286853e-008	2061.78530884
2.7345159659e-008	-805.224182129
2.73654906327e-008	-2239.87384033
2.73858216064e-008	532.765939653
2.74061525802e-008	2460.02282715
2.74264835539e-008	-241.267808914
2.74468145276e-008	-2725.86633301
2.74671455013e-008	-30.7592983246
2.74874764751e-008	3018.48477173
2.75078074488e-008	251.201021194
2.75281384225e-008	-3298.20465088
2.75484693962e-008	-407.033115417
2.756880037e-008	3514.41717529
2.75891313437e-008	511.664163589
2.76094623174e-008	-3620.80010986
2.76297932911e-008	-603.40524292
2.76501242649e-008	3590.94903564
2.76704552386e-008	734.429943085
2.76907862123e-008	-3428.6005249
2.7711117186e-008	-953.113319397
2.77314481597e-008	3167.97802734
2.77517791335e-008	1285.45805359
2.77721101072e-008	-2862.97637939
2.77924410809e-008	-1722.43183899
2.78127720546e-008	2567.99938965
2.78331030284e-008	2218.59381104
2.78534340021e-008	-2316.76779175
2.78737649758e-008	-2703.8637085
2.78940959495e-008	2106.96540833
2.79144269233e-008	3105.54211426
2.7934757897e-008	-1897.28527832
2.79550888707e-008	-3373.56945801
2.79754198444e-008	1619.54600525
2.79957508182e-008	3499.95751953
2.80160817919e-008	-1203.09967422
2.80364127656e-008	-3524.49621582
2.80567437393e-008	603.771717012
2.80770747131e-008	3523.0534668
2.80974056868e-008	173.076503754
2.81177366605e-008	-3580.95385742
2.81380676342e-008	-1064.84208298
2.8158398608e-008	3759.69213867
2.81787295817e-008	1964.123806
2.81990605554e-008	-4068.7097168
2.82193915291e-008	-2749.12449646
2.82397225029e-008	4453.35400391
2.82600534766e-008	3322.8669281
2.82803844503e-008	-4805.22503662
2.8300715424e-008	-3647.71282959
2.83210463977e-008	4993.55151367
2.83413773715e-008	3761.9395752
2.83617083452e-008	-4908.09503174
2.83820393189e-008	-3770.42544556
2.84023702926e-008	4498.92749023
2.84227012664e-008	3810.19561768
2.84430322401e-008	-3797.962677
2.84633632138e-008	-4001.11456299
2.84836941875e-008	2912.56721878
2.85040251613e-008	4398.47442627
2.8524356135e-008	-1990.88549042
2.85446871087e-008	-4965.17004395
2.85650180824e-008	1169.30431747
2.85853490562e-008	5575.63208008
2.86056800299e-008	-520.10244751
2.86260110036e-008	-6052.9006958
2.86463419773e-008	19.1607055664
2.86666729511e-008	6228.15386963
2.86870039248e-008	452.068477631
2.87073348985e-008	-6002.51501465
2.87276658722e-008	-1067.54338074
2.8747996846e-008	5388.46508789
2.87683278197e-008	1991.42424011
2.87886587934e-008	-4513.58795166
2.88089897671e-008	-3308.52159119
2.88293207409e-008	3582.15353394
2.88496517146e-008	4975.84779358
2.88699826883e-008	-2805.18101501
2.8890313662e-008	-6815.31332397
2.89106446357e-008	2322.37871552
2.89309756095e-008	8554.26376343
2.89513065832e-008	-2144.34048462
2.89716375569e-008	-9903.38269043
2.89919685306e-008	2137.91040039
2.90122995044e-008	10646.9380493
2.90326304781e-008	-2063.60722351
2.90529614518e-008	-10713.6907959
2.90732924255e-008	1655.16412354
2.90936233993e-008	10201.541626
2.9113954373e-008	-714.913223267
2.91342853467e-008	-9343.85620117
2.91546163204e-008	-809.015678406
2.91749472942e-008	8425.99963379
2.91952782679e-008	2793.37579346
2.92156092416e-008	-7679.37683105
2.92359402153e-008	-4972.49206543
2.92562711891e-008	7190.48327637
2.92766021628e-008	7025.04110718
2.92969331365e-008	-6859.06677246
2.93172641102e-008	-8686.46661377
2.9337595084e-008	6423.88909912
2.93579260577e-008	9847.28948975
2.93782570314e-008	-5550.63092041
2.93985880051e-008	-10599.8918457
2.94189189789e-008	3953.44311523
2.94392499526e-008	11213.0170898
2.94595809263e-008	-1507.75721741
2.94799119e-008	-12038.204834
2.95002428737e-008	-1687.4050827
2.95205738475e-008	13377.5793457
2.95409048212e-008	5323.19094849
2.95612357949e-008	-15358.2199707
2.95815667686e-008	-8969.8338623
2.96018977424e-008	17858.5356445
2.96222287161e-008	12212.6121826
2.96425596898e-008	-20516.0627441
2.96628906635e-008	-14788.0065918
2.96832216373e-008	22818.2253418
2.9703552611e-008	16670.8190918
2.97238835847e-008	-24248.5358887
2.97442145584e-008	-18078.8276367
2.97645455322e-008	24439.5332031
2.97848765059e-008	19389.7683105
2.98052074796e-008	-23279.7460938
2.98255384533e-008	-20997.1677246
2.98458694271e-008	20936.3459473
2.98662004008e-008	23154.8752441
2.98865313745e-008	-17783.9841309
2.99068623482e-008	-25866.3349609
2.9927193322e-008	14263.1860352
2.99475242957e-008	28860.2006836
2.99678552694e-008	-10717.7003784
2.99881862431e-008	-31664.6469727
3.00085172169e-008	7268.36242676
3.00288481906e-008	33756.9584961
3.00491791643e-008	-3770.19546509
3.0069510138e-008	-34737.7094727
3.00898411117e-008	-130.688323975
3.01101720855e-008	34467.8959961
3.01305030592e-008	4858.18234253
3.01508340329e-008	-33119.1083984
3.01711650066e-008	-10733.7855835
3.01914959804e-008	31116.9863281
3.02118269541e-008	17831.3911743
3.02321579278e-008	-28995.0092773
3.02524889015e-008	-25911.1743164
3.02728198753e-008	27208.0913086
3.0293150849e-008	34456.984375
3.03134818227e-008	-25969.777832
3.03338127964e-008	-42804.2890625
3.03541437702e-008	25168.4799805
3.03744747439e-008	50314.2749023
3.03948057176e-008	-24389.979248
3.04151366913e-008	-56533.8344727
3.04354676651e-008	23036.6208496
3.04557986388e-008	61286.7255859
3.04761296125e-008	-20499.2595215
3.04964605862e-008	-64667.8769531
3.051679156e-008	16323.0981445
3.05371225337e-008	66947.3193359
3.05574535074e-008	-10313.0858765
3.05777844811e-008	-68422.5673828
3.05981154549e-008	2550.20977783
3.06184464286e-008	69274.3300781
3.06387774023e-008	6677.2779541
3.0659108376e-008	-69475.9052734
3.06794393497e-008	-16992.605835
3.06997703235e-008	68783.4433594
3.07201012972e-008	28052.5263062
3.07404322709e-008	-66803.7070312
3.07607632446e-008	-39629.0810547
3.07810942184e-008	63108.2675781
3.08014251921e-008	51630.6123047
3.08217561658e-008	-57351.5546875
3.08420871395e-008	-64067.2495117
3.08624181133e-008	49356.0981445
3.0882749087e-008	76985.3359375
3.09030800607e-008	-39147.1003418
3.09234110344e-008	-90402.1445312
3.09437420082e-008	26941.5688477
3.09640729819e-008	104260.135742
3.09844039556e-008	-13111.1799316
3.10047349293e-008	-118403.825195
3.10250659031e-008	-1859.99853516
3.10453968768e-008	132565.482422
3.10657278505e-008	17416.4161377
3.10860588242e-008	-146343.949219
3.1106389798e-008	-32977.1065674
3.11267207717e-008	159172.429688
3.11470517454e-008	48004.4329834
3.11673827191e-008	-170293.572266
3.11877136929e-008	-62104.484375
3.12080446666e-008	178774.330078
3.12283756403e-008	75146.9335938
3.1248706614e-008	-183596.615234
3.12690375878e-008	-87362.2841797
3.12893685615e-008	183830.851562
3.13096995352e-008	99359.0820312
3.13300305089e-008	-178862.550781
3.13503614826e-008	-112011.787109
3.13706924564e-008	168595.9375
3.13910234301e-008	126209.998047
3.14113544038e-008	-153540.005859
3.14316853775e-008	-142517.966797
3.14520163513e-008	134702.647461
3.1472347325e-008	160855.623047
3.14926782987e-008	-113278.381348
3.15130092724e-008	-180334.056641
3.15333402462e-008	90203.8083496
3.15536712199e-008	199355.052734
3.15740021936e-008	-65733.510498
3.15943331673e-008	-216000.371094
3.16146641411e-008	39219.6259766
3.16349951148e-008	228623.375
3.16553260885e-008	-9242.91699219
3.16756570622e-008	-236447.984375
3.1695988036e-008	-25870.6621094
3.17163190097e-008	239933.390625
3.17366499834e-008	67266.5737305
3.17569809571e-008	-240702.931641
3.17773119309e-008	-114763.935547
3.17976429046e-008	240974.146484
3.18179738783e-008	166361.896973
3.1838304852e-008	-242611.751953
3.18586358258e-008	-218313.392578
3.18789667995e-008	246111.091797
3.18992977732e-008	265858.085938
3.19196287469e-008	-249898.345703
3.19399597206e-008	-304467.273438
3.19602906944e-008	250302.746094
3.19806216681e-008	331226.535156
3.20009526418e-008	-242334.292969
3.20212836155e-008	-345861.789062
3.20416145893e-008	221130.015625
3.2061945563e-008	350966.046875
3.20822765367e-008	-183634.221191
3.21026075104e-008	-351222.152344
3.21229384842e-008	129913.788086
3.21432694579e-008	351758.898438
3.21636004316e-008	-63553.574707
3.21839314053e-008	-356148.355469
3.22042623791e-008	-9163.21582031
3.22245933528e-008	364742.449219
3.22449243265e-008	81159.8144531
3.22652553002e-008	-374045.589844
3.2285586274e-008	-146992.467773
3.23059172477e-008	377506.097656
3.23262482214e-008	204940.557617
3.23465791951e-008	-367625.265625
3.23669101689e-008	-257911.756348
3.23872411426e-008	338763.345703
3.24075721163e-008	312630.458984
3.242790309e-008	-289661.121094
3.24482340638e-008	-377166.046875
3.24685650375e-008	224661.73291
3.24888960112e-008	457495.946777
3.25092269849e-008	-152975.205566
3.25295579586e-008	-554272.009766
3.25498889324e-008	85979.6645508
3.25702199061e-008	661044.90625
3.25905508798e-008	-33310.6796875
3.26108818535e-008	-764826.484375
3.26312128273e-008	-953.901855469
3.2651543801e-008	849106.984375
3.26718747747e-008	20542.4970703
3.26922057484e-008	-898534.828125
3.27125367222e-008	-36610.6054688
3.27328676959e-008	903748.164062
3.27531986696e-008	64513.7294922
3.27735296433e-008	-864592.570312
3.27938606171e-008	-118565.841797
3.28141915908e-008	790376.992188
3.28345225645e-008	206474.344727
3.28548535382e-008	-696748.671875
3.2875184512e-008	-325490.481934
3.28955154857e-008	600020.0625
3.29158464594e-008	461908.134766
3.29361774331e-008	-510823.167969
3.29565084069e-008	-594495.986816
3.29768393806e-008	429438.980469
3.29971703543e-008	701037.708496
3.3017501328e-008	-344767.790039
3.30378323018e-008	-765882.27832
3.30581632755e-008	237761.174805
3.30784942492e-008	785814.277344
3.30988252229e-008	-88503.4335938
3.31191561966e-008	-771842.304688
3.31394871704e-008	-115334.609375
3.31598181441e-008	745802.945312
3.31801491178e-008	371726.524902
3.32004800915e-008	-732469.132812
3.32208110653e-008	-661979.804688
3.3241142039e-008	749610.898438
3.32614730127e-008	954269.103516
3.32818039864e-008	-799495.644531
3.33021349602e-008	-1212373.80469
3.33224659339e-008	865125.695312
3.33427969076e-008	1406923.46875
3.33631278813e-008	-913090.265625
3.33834588551e-008	-1525282.60156
3.34037898288e-008	902650.273438
3.34241208025e-008	1576285.76562
3.34444517762e-008	-798323.664062
3.346478275e-008	-1587562.25
3.34851137237e-008	581689.539062
3.35054446974e-008	1595758.57812
3.35257756711e-008	-258072.671875
3.35461066449e-008	-1632573.03125
3.35664376186e-008	-144758.679688
3.35867685923e-008	1711364.78125
3.3607099566e-008	585968.0625
3.36274305398e-008	-1819335.125
3.36477615135e-008	-1026230.08594
3.36680924872e-008	1918605.25
3.36884234609e-008	1442423.08594
3.37087544346e-008	-1956610.375
3.37290854084e-008	-1836912.30469
3.37494163821e-008	1882790.75
3.37697473558e-008	2237394.35938
3.37900783295e-008	-1665986.78125
3.38104093033e-008	-2686541.46875
3.3830740277e-008	1306315.6875
3.38510712507e-008	3224349.1875
3.38714022244e-008	-836702.859375
3.38917331982e-008	-3869150.78125
3.39120641719e-008	312779.398438
3.39323951456e-008	4604212.4375
3.39527261193e-008	206095.03125
3.39730570931e-008	-5375425.3125
3.39933880668e-008	-678438.855469
3.40137190405e-008	6101950.8125
3.40340500142e-008	1097249.35156
3.4054380988e-008	-6697095.125
3.40747119617e-008	-1495251.11719
3.40950429354e-008	7092736.625
3.41153739091e-008	1936085.53125
3.41357048829e-008	-7258862.875
3.41560358566e-008	-2493783.375
3.41763668303e-008	7210888.75
3.4196697804e-008	3227113.8125
3.42170287778e-008	-7001435.4375
3.42373597515e-008	-4157779.75
3.42576907252e-008	6698564.875
3.42780216989e-008	5260526.625
3.42983526726e-008	-6357628.25
3.43186836464e-008	-6469376.9375
3.43390146201e-008	5996539.8125
3.43593455938e-008	7698474.25
3.43796765675e-008	-5583680
3.44000075413e-008	-8870700.5
3.4420338515e-008	5043702.6875
3.44406694887e-008	9943802.75
3.44610004624e-008	-4280111.0625
3.44813314362e-008	-10924238.75
3.45016624099e-008	3207545.125
3.45219933836e-008	11862700.875
3.45423243573e-008	-1782755.64062
3.45626553311e-008	-12831833
3.45829863048e-008	23123.8125
3.46033172785e-008	13892986.5
3.46236482522e-008	1994452.64844
3.4643979226e-008	-15063541.5
3.46643101997e-008	-4154713.0625
3.46846411734e-008	16296519
3.47049721471e-008	6338468.4375
3.47253031209e-008	-17480664.75
3.47456340946e-008	-8458675.125
3.47659650683e-008	18462124.25
3.4786296042e-008	10485313.5
3.48066270158e-008	-19081239.5
3.48269579895e-008	-12450077.625
3.48472889632e-008	19212399
3.48676199369e-008	14428816.75
3.48879509106e-008	-18793375.5
3.49082818844e-008	-16507581.25
3.49286128581e-008	17834025.5
3.49489438318e-008	18744226.25
3.49692748055e-008	-16401091.5
3.49896057793e-008	-21139270
3.5009936753e-008	14584662.25
3.50302677267e-008	23626498.75
3.50505987004e-008	-12458006.5
3.50709296742e-008	-26086968
3.50912606479e-008	10045317.875
3.51115916216e-008	28381484
3.51319225953e-008	-7308974.6875
3.51522535691e-008	-30389974
3.51725845428e-008	4161100.21875
3.51929155165e-008	32043784
3.52132464902e-008	-495460.59375
3.5233577464e-008	-33339220
3.52539084377e-008	-3771136.0625
3.52742394114e-008	34327701
3.52945703851e-008	8662449
3.53149013589e-008	-35085815
3.53352323326e-008	-14123319.75
3.53555633063e-008	35675879.5
3.537589428e-008	20023395.25
3.53962252538e-008	-36110362.5
3.54165562275e-008	-26181524.75
3.54368872012e-008	36331930.5
3.54572181749e-008	32401921.5
3.54775491487e-008	-36214820
3.54978801224e-008	-38509510.5
3.55182110961e-008	35585894
3.55385420698e-008	44373458.5
3.55588730435e-008	-34257615.5
3.55792040173e-008	-49912880
3.5599534991e-008	32061885.25
3.56198659647e-008	55085807
3.56401969384e-008	-28875392
3.56605279122e-008	-59867952
3.56808588859e-008	24631114.25
3.57011898596e-008	64229777
3.57215208333e-008	-19316080.625
3.57418518071e-008	-68120192
3.57621827808e-008	12960286.625
3.57825137545e-008	71459815
3.58028447282e-008	-5622327.4375
3.5823175702e-008	-74143525
3.58435066757e-008	-2623811.9375
3.58638376494e-008	76048234
3.58841686231e-008	11698588.4375
3.59044995969e-008	-77042567
3.59248305706e-008	-21524738.75
3.59451615443e-008	76996656
3.5965492518e-008	32033497.5
3.59858234918e-008	-75792997
3.60061544655e-008	-43169267
3.60264854392e-008	73341077
3.60468164129e-008	54888497.5
3.60671473867e-008	-69595629.5
3.60874783604e-008	-67148331
3.61078093341e-008	64574249
3.61281403078e-008	79881288
3.61484712815e-008	-58366918
3.61688022553e-008	-92957674
3.6189133229e-008	51125634.25
3.62094642027e-008	106145762
3.62297951764e-008	-43028676.25
3.62501261502e-008	-119085538
3.62704571239e-008	34220830
3.62907880976e-008	131293208
3.63111190713e-008	-24745430.125
3.63314500451e-008	-142207404
3.63517810188e-008	14491439.375
3.63721119925e-008	151274380
3.63924429662e-008	-3183175.75
3.641277394e-008	-158052082
3.64331049137e-008	-9569571.875
3.64534358874e-008	162299212
3.64737668611e-008	24162730.875
3.64940978349e-008	-164013250
3.65144288086e-008	-40855567.75
3.65347597823e-008	163392158
3.6555090756e-008	59640817.625
3.65754217298e-008	-160718770
3.65957527035e-008	-80179087.5
3.66160836772e-008	156198952
3.66364146509e-008	101834238
3.66567456247e-008	-149810538
3.66770765984e-008	-123817136
3.66974075721e-008	141224964
3.67177385458e-008	145400836
3.67380695195e-008	-129852639
3.67584004933e-008	-166136798
3.6778731467e-008	115019569
3.67990624407e-008	185986086
3.68193934144e-008	-96234024
3.68397243882e-008	-205299594
3.68600553619e-008	73457519.25
3.68803863356e-008	224625688
3.69007173093e-008	-47273880
3.69210482831e-008	-244390188
3.69413792568e-008	18871509.25
3.69617102305e-008	264552744
3.69820412042e-008	10192624
3.7002372178e-008	-284369496
3.70227031517e-008	-38397345.75
3.70430341254e-008	302375276
3.70633650991e-008	64709790
3.70836960729e-008	-316631628
3.71040270466e-008	-88924599.5
3.71243580203e-008	325193140
3.7144688994e-008	111746981
3.71650199678e-008	-326651292
3.71853509415e-008	-134550874
3.72056819152e-008	320566652
3.72260128889e-008	158855222
3.72463438627e-008	-307609872
3.72666748364e-008	-185677048
3.72870058101e-008	289324088
3.73073367838e-008	214986752
3.73276677575e-008	-267547344
3.73479987313e-008	-245484084
3.7368329705e-008	243675940
3.73886606787e-008	274823388
3.74089916524e-008	-218033366
3.74293226262e-008	-300258944
3.74496535999e-008	189604639
3.74699845736e-008	319521456
3.74903155473e-008	-156297587
3.75106465211e-008	-331618616
3.75309774948e-008	115704079.75
3.75513084685e-008	337247448
3.75716394422e-008	-66148595.75
3.7591970416e-008	-338605500
3.76123013897e-008	7663581.5
3.76326323634e-008	338602084
3.76529633371e-008	57485073
3.76732943109e-008	-339685804
3.76936252846e-008	-124979384.75
3.77139562583e-008	342690828
3.7734287232e-008	189369695
3.77546182058e-008	-346143052
3.77749491795e-008	-245487240
3.77952801532e-008	346344564
3.78156111269e-008	289897063
3.78359421007e-008	-338305188
3.78562730744e-008	-321869902
3.78766040481e-008	317279534
3.78969350218e-008	343473964
3.79172659955e-008	-280403386
3.79375969693e-008	-358671756
3.7957927943e-008	227842374
3.79782589167e-008	371667224
3.79985898904e-008	-162966156.5
3.80189208642e-008	-385044300
3.80392518379e-008	91391530.5
3.80595828116e-008	398383472
3.80799137853e-008	-19133437
3.81002447591e-008	-407918916
3.81205757328e-008	-49532404
3.81409067065e-008	407479660
3.81612376802e-008	113715815
3.8181568654e-008	-390487780
3.82018996277e-008	-176392337
3.82222306014e-008	352378088
3.82425615751e-008	243400613
3.82628925489e-008	-292577578
3.82832235226e-008	-321169812
3.83035544963e-008	215250388
3.832388547e-008	413880185
3.83442164438e-008	-128418328
3.83645474175e-008	-521036660.5
3.83848783912e-008	41601668
3.84052093649e-008	636403112
3.84255403387e-008	37285753.5
3.84458713124e-008	-748815776
3.84662022861e-008	-104714897
3.84865332598e-008	844772340
3.85068642335e-008	162948598.5
3.85271952073e-008	-912030432
3.8547526181e-008	-219417750
3.85678571547e-008	943014096
3.85881881284e-008	284134741
3.86085191022e-008	-936814576
3.86288500759e-008	-365901290
3.86491810496e-008	898963360
3.86695120233e-008	468606878
3.86898429971e-008	-838934312
3.87101739708e-008	-588994984
3.87305049445e-008	766153592
3.87508359182e-008	716833696
3.8771166892e-008	-685905936
3.87914978657e-008	-837637128
3.88118288394e-008	596670432
3.88321598131e-008	937152096
3.88524907869e-008	-490015016
3.88728217606e-008	-1006102432
3.88931527343e-008	353297748
3.8913483708e-008	1043480896
3.89338146818e-008	-174423827
3.89541456555e-008	-1057047624
3.89744766292e-008	-52931379
3.89948076029e-008	1060624768
3.90151385767e-008	325533912
3.90354695504e-008	-1068926784
3.90558005241e-008	-629710340
3.90761314978e-008	1091582560
3.90964624715e-008	943976440
3.91167934453e-008	-1128454752
3.9137124419e-008	-1244461568
3.91574553927e-008	1168047392
3.91777863664e-008	1511394512
3.91981173402e-008	-1189740176
3.92184483139e-008	-1734430560
3.92387792876e-008	1169336704
3.92591102613e-008	1914817312
3.92794412351e-008	-1086133920
3.92997722088e-008	-2063508032
3.93201031825e-008	929096224
3.93404341562e-008	2195678144
3.936076513e-008	-699932072
3.93810961037e-008	-2323459968
3.94014270774e-008	411863918
3.94217580511e-008	2449486752
3.94420890249e-008	-84413278
3.94624199986e-008	-2563611296
3.94827509723e-008	-264017366
3.9503081946e-008	2644216512
3.95234129198e-008	623104960
3.95437438935e-008	-2663900736
3.95640748672e-008	-994468624
3.95844058409e-008	2597747392
3.96047368147e-008	1390819648
3.96250677884e-008	-2431381120
3.96453987621e-008	-1830454120
3.96657297358e-008	2165962432
3.96860607096e-008	2328779120
3.97063916833e-008	-1818224064
3.9726722657e-008	-2889802112
3.97470536307e-008	1415398644
3.97673846044e-008	3500599968
3.97877155782e-008	-986586832
3.98080465519e-008	-4130840000
3.98283775256e-008	553512408
3.98487084993e-008	4737813824
3.98690394731e-008	-123796416
3.98893704468e-008	-5275336640
3.99097014205e-008	-310889756
3.99300323942e-008	5703705280
3.9950363368e-008	771191696
3.99706943417e-008	-5997359616
3.99910253154e-008	-1282086452
4.00113562891e-008	6147742144
4.00316872629e-008	1863479004
4.00520182366e-008	-6160521984
4.00723492103e-008	-2522491024
4.0092680184e-008	6048283584
4.01130111578e-008	3250099536
4.01333421315e-008	-5821424000
4.01536731052e-008	-4023243680
4.01740040789e-008	5480545280
4.01943350527e-008	4811372896
4.02146660264e-008	-5013001824
4.02349970001e-008	-5585231104
4.02553279738e-008	4394872288
4.02756589476e-008	6324478144
4.02959899213e-008	-3597645856
4.0316320895e-008	-7021776448
4.03366518687e-008	2597358520
4.03569828424e-008	7681749760
4.03773138162e-008	-1383181096
4.03976447899e-008	-8315410496
4.04179757636e-008	-37117776
4.04383067373e-008	8932011136
4.04586377111e-008	1636399680
4.04789686848e-008	-9530911232
4.04992996585e-008	-3371712408
4.05196306322e-008	10095971200
4.0539961606e-008	5190921568
4.05602925797e-008	-10594012416
4.05806235534e-008	-7040066808
4.06009545271e-008	10977287296
4.06212855009e-008	8869550016
4.06416164746e-008	-11188991104
4.06619474483e-008	-10637916160
4.0682278422e-008	11170184448
4.07026093958e-008	12313067008
4.07229403695e-008	-10866424960
4.07432713432e-008	-13871412480
4.07636023169e-008	10233277568
4.07839332907e-008	15295774464
4.08042642644e-008	-9240215424
4.08245952381e-008	-16572503424
4.08449262118e-008	7872946496
4.08652571856e-008	17688268032
4.08855881593e-008	-6134071648
4.0905919133e-008	-18626238976
4.09262501067e-008	4041834880
4.09465810804e-008	19362363648
4.09669120542e-008	-1626486928
4.09872430279e-008	-19862449152
4.10075740016e-008	-1075668208
4.10279049753e-008	20081950208
4.10482359491e-008	4029817760
4.10685669228e-008	-19969785088
4.10888978965e-008	-7209399824
4.11092288702e-008	19476969216
4.1129559844e-008	10598969120
4.11498908177e-008	-18568780288
4.11702217914e-008	-14190305184
4.11905527651e-008	17236718080
4.12108837389e-008	17970454080
4.12312147126e-008	-15505638784
4.12515456863e-008	-21903438080
4.127187666e-008	13430895744
4.12922076338e-008	25910713600
4.13125386075e-008	-11083658240
4.13328695812e-008	-29857731072
4.13532005549e-008	8526112768
4.13735315287e-008	33554194432
4.13938625024e-008	-5783449056
4.14141934761e-008	-36771734272
4.14345244498e-008	2823091680
4.14548554236e-008	39277795840
4.14751863973e-008	449011360
4.1495517371e-008	-40877241344
4.15158483447e-008	-4168697216
4.15361793184e-008	41448398336
4.15565102922e-008	8472493824
4.15768412659e-008	-40960229888
4.15971722396e-008	-13445021504
4.16175032133e-008	39460613120
4.16378341871e-008	19072167968
4.16581651608e-008	-37036952576
4.16784961345e-008	-25218147456
4.16988271082e-008	33759131648
4.1719158082e-008	31638557312
4.17394890557e-008	-29625950208
4.17598200294e-008	-38031240128
4.17801510031e-008	24537049088
4.18004819769e-008	44110524672
4.18208129506e-008	-18306977728
4.18411439243e-008	-49680815488
4.1861474898e-008	10723894592
4.18818058718e-008	54680812032
4.19021368455e-008	-1639631488
4.19224678192e-008	-59175913984
4.19427987929e-008	-8940516096
4.19631297667e-008	63293969408
4.19834607404e-008	20800047616
4.20037917141e-008	-67119151104
4.20241226878e-008	-33516809216
4.20444536616e-008	70578944000
4.20647846353e-008	46538697280
4.2085115609e-008	-73366419968
4.21054465827e-008	-59313731840
4.21257775564e-008	74933976064
4.21461085302e-008	71434703616
4.21664395039e-008	-74573049344
4.21867704776e-008	-82747556352
4.22071014513e-008	71563685888
4.22274324251e-008	93376186368
4.22477633988e-008	-65350277632
4.22680943725e-008	-103646023680
4.22884253462e-008	55683345408
4.230875632e-008	113918115840
4.23290872937e-008	-42673144320
4.23494182674e-008	-124386721792
4.23697492411e-008	26725485056
4.23900802149e-008	134909374464
4.24104111886e-008	-8374114944
4.24307421623e-008	-144937504768
4.2451073136e-008	-11937860480
4.24714041098e-008	153585907712
4.24917350835e-008	34047894016
4.25120660572e-008	-159832702976
4.25323970309e-008	-58154262016
4.25527280047e-008	162789074944
4.25730589784e-008	84742320128
4.25933899521e-008	-161947787264
4.26137209258e-008	-114359504896
4.26340518996e-008	157314316288
4.26543828733e-008	147304507392
4.2674713847e-008	-149357594624
4.26950448207e-008	-183336124416
4.27153757944e-008	138778841088
4.27357067682e-008	221511966720
4.27560377419e-008	-126164785152
4.27763687156e-008	-260236308480
4.27966996893e-008	111642320896
4.28170306631e-008	297526464512
4.28373616368e-008	-94666150912
4.28576926105e-008	-331427680256
4.28780235842e-008	74034500608
4.2898354558e-008	360445829120
4.29186855317e-008	-48156076544
4.29390165054e-008	-383845289984
4.29593474791e-008	15497935104
4.29796784529e-008	401692553216
4.30000094266e-008	24927092736
4.30203404003e-008	-414610812928
4.3040671374e-008	-73206281216
4.30610023478e-008	423309910016
4.30813333215e-008	128447952896
4.31016642952e-008	-428048179200
4.31219952689e-008	-189023096832
4.31423262427e-008	428224380928
4.31626572164e-008	253070389248
4.31829881901e-008	-422264635392
4.32033191638e-008	-319091159040
4.32236501376e-008	407880065024
4.32439811113e-008	386415702016
4.3264312085e-008	-382637334528
4.32846430587e-008	-455348674560
4.33049740324e-008	344665309184
4.33253050062e-008	526902607872
4.33456359799e-008	-293248606208
4.33659669536e-008	-602165149696
4.33862979273e-008	229083160576
4.34066289011e-008	681503965184
4.34269598748e-008	-154069483520
4.34472908485e-008	-763876130816
4.34676218222e-008	70678350848
4.3487952796e-008	846510915584
4.35082837697e-008	18912201728
4.35286147434e-008	-925116268544
4.35489457171e-008	-113608673280
4.35692766909e-008	994593783808
4.35896076646e-008	213827420160
4.36099386383e-008	-1.05004485837e+012
4.3630269612e-008	-321362524160
4.36506005858e-008	1.08775561626e+012
4.36709315595e-008	438693183488
4.36912625332e-008	-1.10580405043e+012
4.37115935069e-008	-567946018816
4.37319244807e-008	1.10406701875e+012
4.37522554544e-008	709853478912
4.37725864281e-008	-1.08360102707e+012
4.37929174018e-008	-863092375552
4.38132483756e-008	1.0455909335e+012
4.38335793493e-008	1.02426827162e+012
4.3853910323e-008	-990249680896
4.38742412967e-008	-1.18859836621e+012
4.38945722705e-008	916075577344
4.39149032442e-008	1.35108414669e+012
4.39352342179e-008	-819790094336
4.39555651916e-008	-1.50778172211e+012
4.39758961653e-008	697039052800
4.39962271391e-008	1.65670086246e+012
4.40165581128e-008	-543665111040
4.40368890865e-008	-1.79797485158e+012
4.40572200602e-008	357148536832
4.4077551034e-008	1.93317440717e+012
4.40978820077e-008	-137691852800
4.41182129814e-008	-2.06395339571e+012
4.41385439551e-008	-111428888576
4.41588749289e-008	2.19046173082e+012
4.41792059026e-008	384453502976
4.41995368763e-008	-2.31007967642e+012
4.421986785e-008	-674482827264
4.42401988238e-008	2.41694713446e+012
4.42605297975e-008	975155527680
4.42808607712e-008	-2.50250549658e+012
4.43011917449e-008	-1.28207262515e+012
4.43215227187e-008	2.5569330135e+012
4.43418536924e-008	1.59346216141e+012
4.43621846661e-008	-2.57102521958e+012
4.43825156398e-008	-1.90979335782e+012
4.44028466136e-008	2.53790260429e+012
4.44231775873e-008	2.23246778368e+012
4.4443508561e-008	-2.45396645478e+012
4.44638395347e-008	-2.56200192819e+012
4.44841705085e-008	2.31878718259e+012
4.45045014822e-008	2.89635162522e+012
4.45248324559e-008	-2.13395744358e+012
4.45451634296e-008	-3.23000261018e+012
4.45654944033e-008	1.90134945382e+012
4.45858253771e-008	3.55418734592e+012
4.46061563508e-008	-1.6214217687e+012
4.46264873245e-008	-3.85821933568e+012
4.46468182982e-008	1.29222464307e+012
4.4667149272e-008	4.13153355366e+012
4.46874802457e-008	-909552156672
4.47078112194e-008	-4.36573352755e+012
4.47281421931e-008	468240678912
4.47484731669e-008	4.55595524096e+012
4.47688041406e-008	35764932608
4.47891351143e-008	-4.7010569257e+012
4.4809466088e-008	-603241811968
4.48297970618e-008	4.80250842317e+012
4.48501280355e-008	1.23017294234e+012
4.48704590092e-008	-4.86239312282e+012
4.48907899829e-008	-1.90739555942e+012
4.49111209567e-008	4.88114965709e+012
4.49314519304e-008	2.62156343706e+012
4.49517829041e-008	-4.85582294221e+012
4.49721138778e-008	-3.3571069952e+012
4.49924448516e-008	4.77943948902e+012
4.50127758253e-008	4.09855079219e+012
4.5033106799e-008	-4.6416969728e+012
4.50534377727e-008	-4.8324551639e+012
4.50737687465e-008	4.43073717862e+012
4.50940997202e-008	5.54831957197e+012
4.51144306939e-008	-4.13541269504e+012
4.51347616676e-008	-6.23830289613e+012
4.51550926413e-008	3.74732161024e+012
4.51754236151e-008	6.89585874534e+012
4.51957545888e-008	-3.26197057946e+012
4.52160855625e-008	-7.51389206118e+012
4.52364165362e-008	2.67881948774e+012
4.525674751e-008	8.08310721741e+012
4.52770784837e-008	-2.000264192e+012
4.52974094574e-008	-8.5911413719e+012
4.53177404311e-008	1.23010803302e+012
4.53380714049e-008	9.02281402778e+012
4.53584023786e-008	-372056301568
4.53787333523e-008	-9.36140485427e+012
4.5399064326e-008	-571195637760
4.54193952998e-008	9.59053653606e+012
4.54397262735e-008	1.59789180518e+012
4.54600572472e-008	-9.69617637376e+012
4.54803882209e-008	-2.70637999718e+012
4.55007191947e-008	9.66820613325e+012
4.55210501684e-008	3.89357602406e+012
4.55413811421e-008	-9.50118278758e+012
4.55617121158e-008	-5.15336395162e+012
4.55820430896e-008	9.19438924186e+012
4.56023740633e-008	6.47519010816e+012
4.5622705037e-008	-8.75107595059e+012
4.56430360107e-008	-7.84325902336e+012
4.56633669845e-008	8.17731521741e+012
4.56836979582e-008	9.23624839578e+012
4.57040289319e-008	-7.48064283034e+012
4.57243599056e-008	-1.06276922327e+013
4.57446908793e-008	6.6686246912e+012
4.57650218531e-008	1.19868753183e+013
4.57853528268e-008	-5.74755333734e+012
4.58056838005e-008	-1.32802593423e+013
4.58260147742e-008	4.72137169306e+012
4.5846345748e-008	1.44733120758e+013
4.58666767217e-008	-3.5912070185e+012
4.58870076954e-008	-1.55328679772e+013
4.59073386691e-008	2.35560438989e+012
4.59276696429e-008	1.64293393777e+013
4.59480006166e-008	-1.01189779456e+012
4.59683315903e-008	-1.71386973716e+013
4.5988662564e-008	-441435340800
4.60089935378e-008	1.76432592978e+013
4.60293245115e-008	2.00185626624e+012
4.60496554852e-008	-1.79310375731e+013
4.60699864589e-008	-3.65998143898e+012
4.60903174327e-008	1.79933578527e+013
4.61106484064e-008	5.39826757632e+012
4.61309793801e-008	-1.78215353057e+013
4.61513103538e-008	-7.1917288489e+012
4.61716413276e-008	1.74036001751e+013
4.61919723013e-008	9.01113361203e+012
4.6212303275e-008	-1.67228129935e+013
4.62326342487e-008	-1.08281082675e+013
4.62529652225e-008	1.57590467379e+013
4.62732961962e-008	1.26203001569e+013
4.62936271699e-008	-1.44938509271e+013
4.63139581436e-008	-1.43747680829e+013
4.63342891173e-008	1.29180384625e+013
4.63546200911e-008	1.60876112118e+013
4.63749510648e-008	-1.10398797251e+013
4.63952820385e-008	-1.7758825218e+013
4.64156130122e-008	8.89084172698e+012
4.6435943986e-008	1.93835714478e+013
4.64562749597e-008	-6.52625430118e+012
4.64766059334e-008	-2.09421818921e+013
4.64969369071e-008	4.0191909888e+012
4.65172678809e-008	2.23925750989e+013
4.65375988546e-008	-1.4486061056e+012
4.65579298283e-008	-2.36688690381e+013
4.6578260802e-008	-1.11539224576e+012
4.65985917758e-008	2.46881428439e+013
4.66189227495e-008	3.62431420826e+012
4.66392537232e-008	-2.53644777718e+013
4.66595846969e-008	-6.05734974259e+012
4.66799156707e-008	2.56271085732e+013
4.67002466444e-008	8.41773442662e+012
4.67205776181e-008	-2.543648401e+013
4.67409085918e-008	-1.07193496699e+013
4.67612395656e-008	2.47927938744e+013
4.67815705393e-008	1.29677960151e+013
4.6801901513e-008	-2.37322643702e+013
4.68222324867e-008	-1.51423473418e+013
4.68425634605e-008	2.23118166589e+013
4.68628944342e-008	1.71862185738e+013
4.68832254079e-008	-2.05858650194e+013
4.69035563816e-008	-1.90106564035e+013
4.69238873553e-008	1.8583701291e+013
4.69442183291e-008	2.0513543422e+013
4.69645493028e-008	-1.62961940152e+013
4.69848802765e-008	-2.16072462008e+013
4.70052112502e-008	1.36793349489e+013
4.7025542224e-008	2.22475706696e+013
4.70458731977e-008	-1.06753358397e+013
4.70662041714e-008	-2.24518644695e+013
4.70865351451e-008	7.2469980119e+012
4.71068661189e-008	2.22979592028e+013
4.71271970926e-008	-3.41416401306e+012
4.71475280663e-008	-2.19016063877e+013
4.716785904e-008	-720852353024
4.71881900138e-008	2.1376936706e+013
4.72085209875e-008	4.97048561254e+012
4.72288519612e-008	-2.07930004603e+013
4.72491829349e-008	-9.08591733146e+012
4.72695139087e-008	2.01412273766e+013
4.72898448824e-008	1.28030986732e+013
4.73101758561e-008	-1.93284120248e+013
4.73305068298e-008	-1.5897455231e+013
4.73508378036e-008	1.82004519404e+013
4.73711687773e-008	1.82290530632e+013
4.7391499751e-008	-1.65925726454e+013
4.74118307247e-008	-1.97611216568e+013
4.74321616985e-008	1.43917338788e+013
4.74524926722e-008	2.05438661427e+013
4.74728236459e-008	-1.15879787397e+013
4.74931546196e-008	-2.06656304579e+013
4.75134855933e-008	8.29699265331e+012
4.75338165671e-008	2.01895413023e+013
4.75541475408e-008	-4.7403154473e+012
4.75744785145e-008	-1.90968475156e+013
4.75948094882e-008	1.18726269338e+012
4.7615140462e-008	1.72625132257e+013
4.76354714357e-008	2.12388370842e+012
4.76558024094e-008	-1.44765768172e+013
4.76761333831e-008	-5.05915683635e+012
4.76964643569e-008	1.05093696061e+013
4.77167953306e-008	7.62751575654e+012
4.77371263043e-008	-5.20361521971e+012
4.7757457278e-008	-9.96525513114e+012
4.77777882518e-008	-1.43970308096e+012
4.77981192255e-008	1.22684049981e+013
4.78184501992e-008	9.21211574682e+012
4.78387811729e-008	-1.46885731287e+013
4.78591121467e-008	-1.77095104266e+013
4.78794431204e-008	1.72300356813e+013
4.78997740941e-008	2.64081043784e+013
4.79201050678e-008	-1.96835660595e+013
4.79404360416e-008	-3.47836887859e+013
4.79607670153e-008	2.1628380971e+013
4.7981097989e-008	4.24369389568e+013
4.80014289627e-008	-2.25065539338e+013
4.80217599365e-008	-4.91804583526e+013
4.80420909102e-008	2.17531255357e+013
4.80624218839e-008	5.50527586796e+013
4.80827528576e-008	-1.89390471823e+013
4.81030838314e-008	-6.02483274547e+013
4.81234148051e-008	1.3879617323e+013
4.81437457788e-008	6.4983804674e+013
4.81640767525e-008	-6.66607484928e+012
4.81844077262e-008	-6.93428530708e+013
4.82047387e-008	-2.39495793869e+012
4.82250696737e-008	7.3157270569e+013
4.82454006474e-008	1.29164699238e+013
4.82657316211e-008	-7.5972669866e+013
4.82860625949e-008	-2.45947904819e+013
4.83063935686e-008	7.71190937354e+013
4.83267245423e-008	3.73394060083e+013
4.8347055516e-008	-7.58735322481e+013
4.83673864898e-008	-5.13148112077e+013
4.83877174635e-008	7.16596114883e+013
4.84080484372e-008	6.68672553124e+013
4.84283794109e-008	-6.42202898268e+013
4.84487103847e-008	-8.4349836329e+013
4.84690413584e-008	5.36954829537e+013
4.84893723321e-008	1.03898339607e+014
4.85097033058e-008	-4.05697955103e+013
4.85300342796e-008	-1.2523665988e+014
4.85503652533e-008	2.54983950828e+013
4.8570696227e-008	1.47581105603e+014
4.85910272007e-008	-9.06547167232e+012
4.86113581745e-008	-1.69693495165e+014
4.86316891482e-008	-8.44207253094e+012
4.86520201219e-008	1.90073391809e+014
4.86723510956e-008	2.71631240397e+013
4.86926820694e-008	-2.07238048252e+014
4.87130130431e-008	-4.76371332628e+013
4.87333440168e-008	2.19999966855e+014
4.87536749905e-008	7.06249139159e+013
4.87740059642e-008	-2.27645312729e+014
4.8794336938e-008	-9.68270597325e+013
4.88146679117e-008	2.29951257182e+014
4.88349988854e-008	1.26593701773e+014
4.88553298591e-008	-2.27031535059e+014
4.88756608329e-008	-1.59728942449e+014
4.88959918066e-008	2.19057445929e+014
4.89163227803e-008	1.95468512461e+014
4.8936653754e-008	-2.05962044506e+014
4.89569847278e-008	-2.3263905946e+014
4.89773157015e-008	1.87233738949e+014
4.89976466752e-008	2.69957250154e+014
4.90179776489e-008	-1.6188938335e+014
4.90383086227e-008	-3.06364664513e+014
4.90586395964e-008	1.28656520774e+014
4.90789705701e-008	3.41266520867e+014
4.90993015438e-008	-8.63150213693e+013
4.91196325176e-008	-3.74588684894e+014
4.91399634913e-008	3.40927572869e+013
4.9160294465e-008	4.06607561228e+014
4.91806254387e-008	2.80200963686e+013
4.92009564125e-008	-4.37599395119e+014
4.92212873862e-008	-9.91472891986e+013
4.92416183599e-008	4.67417738248e+014
4.92619493336e-008	1.7765374414e+014
4.92822803074e-008	-4.9515328648e+014
4.93026112811e-008	-2.6147872152e+014
4.93229422548e-008	5.18984906572e+014
4.93432732285e-008	3.48576864535e+014
4.93636042022e-008	-5.36303363949e+014
4.9383935176e-008	-4.37311093342e+014
4.94042661497e-008	5.4407782518e+014
4.94245971234e-008	5.26657756594e+014
4.94449280971e-008	-5.39352648122e+014
4.94652590709e-008	-6.16157249798e+014
4.94855900446e-008	5.19718129631e+014
4.95059210183e-008	7.05613197738e+014
4.9526251992e-008	-4.83614793925e+014
4.95465829658e-008	-7.94645420311e+014
4.95669139395e-008	4.30360697504e+014
4.95872449132e-008	8.82264061772e+014
4.96075758869e-008	-3.59926442492e+014
4.96279068607e-008	-9.66615306863e+014
4.96482378344e-008	2.72524803834e+014
4.96685688081e-008	1.04499654741e+015
4.96888997818e-008	-1.68204290753e+014
4.97092307556e-008	-1.11416234843e+015
4.97295617293e-008	4.65893945508e+013
4.9749892703e-008	1.17080820233e+015
4.97702236767e-008	9.31124645724e+013
4.97905546505e-008	-1.21209013613e+015
4.98108856242e-008	-2.51810308686e+014
4.98312165979e-008	1.23599864201e+015
4.98515475716e-008	4.30027459002e+014
4.98718785454e-008	-1.24144811665e+015
4.98922095191e-008	-6.27348742341e+014
4.99125404928e-008	1.22806873987e+015
4.99328714665e-008	8.41985522926e+014
4.99532024402e-008	-1.19576655928e+015
4.9973533414e-008	-1.07061790638e+015
4.99938643877e-008	1.14417482491e+015
5.00141953614e-008	1.30852951635e+015
5.00345263351e-008	-1.0722289721e+015
5.00548573089e-008	-1.55001775194e+015
5.00751882826e-008	9.77949306126e+014
5.00955192563e-008	1.78893284914e+015
5.011585023e-008	-8.58540625363e+014
5.01361812038e-008	-2.01916824525e+015
5.01565121775e-008	7.10762360209e+014
5.01768431512e-008	2.23499863982e+015
5.01971741249e-008	-5.31451049148e+014
5.02175050987e-008	-2.43114335378e+015
5.02378360724e-008	3.18053254431e+014
5.02581670461e-008	2.60263368039e+015
5.02784980198e-008	-6.9031124009e+013
5.02988289936e-008	-2.74451534132e+015
5.03191599673e-008	-2.15952060842e+014
5.0339490941e-008	2.85156350886e+015
5.03598219147e-008	5.36029018718e+014
5.03801528885e-008	-2.91809204896e+015
5.04004838622e-008	-8.89317973033e+014
5.04208148359e-008	2.93796278226e+015
5.04411458096e-008	1.27314162824e+015
5.04614767834e-008	-2.90478308616e+015
5.04818077571e-008	-1.68421896277e+015
5.05021387308e-008	2.81227378557e+015
5.05224697045e-008	2.11877242916e+015
5.05428006782e-008	-2.65472462081e+015
5.0563131652e-008	-2.57249129791e+015
5.05834626257e-008	2.42745290313e+015
5.06037935994e-008	3.04038580689e+015
5.06241245731e-008	-2.12723066261e+015
5.06444555469e-008	-3.51652628398e+015
5.06647865206e-008	1.75259759359e+015
5.06851174943e-008	3.99373704679e+015
5.0705448468e-008	-1.30400263759e+015
5.07257794418e-008	-4.46320619815e+015
5.07461104155e-008	7.83787742986e+014
5.07664413892e-008	4.9141457533e+015
5.07867723629e-008	-1.95924097761e+014
5.08071033367e-008	-5.3335458872e+015
5.08274343104e-008	-4.54505346892e+014
5.08477652841e-008	5.70615423146e+015
5.08680962578e-008	1.16190959213e+015
5.08884272316e-008	-6.01478454156e+015
5.09087582053e-008	-1.9208922674e+015
5.0929089179e-008	6.24102657439e+015
5.09494201527e-008	2.72669461604e+015
5.09697511265e-008	-6.36631634045e+015
5.09900821002e-008	-3.57525195902e+015
5.10104130739e-008	6.37321741337e+015
5.10307440476e-008	4.46269764718e+015
5.10510750214e-008	-6.24651909936e+015
5.10714059951e-008	-5.38426800813e+015
5.10917369688e-008	5.97398798939e+015
5.11120679425e-008	6.33297893851e+015
5.11323989162e-008	-5.54636326155e+015
5.115272989e-008	-7.29821150079e+015
5.11730608637e-008	4.95666472157e+015
5.11933918374e-008	8.26502863756e+015
5.12137228111e-008	-4.19904322798e+015
5.12340537849e-008	-9.21426976152e+015
5.12543847586e-008	3.26758236265e+015
5.12747157323e-008	1.01237478098e+016
5.1295046706e-008	-2.15583105116e+015
5.13153776798e-008	-1.09702631811e+016
5.13357086535e-008	8.57389985169e+014
5.13560396272e-008	1.17316949817e+016
5.13763706009e-008	6.32164962009e+014
5.13967015747e-008	-1.23885698301e+016
5.14170325484e-008	-2.3123502039e+015
5.14373635221e-008	1.29241907724e+016
5.14576944958e-008	4.17466907047e+015
