% time-domain current integration by openEMS v0.0.35 @Mon Apr 13 04:02:57 2020
% start-coordinates: (-0.0581566,-0.0581566,0.251256) m -> [25,25,56]
% stop-coordinates: (0.0557828,0.0557828,0.251256) m -> [73,73,56]
% t/s	current
1.57714981838e-013	-0
3.13852813857e-011	-0
6.26128477896e-011	-0
9.38404141935e-011	-0
1.25067980597e-010	-0
1.56295547001e-010	-0
1.87523113405e-010	-0
2.18750679809e-010	-0
2.49978246213e-010	-0
2.81205812617e-010	-0
3.12433379021e-010	-0
3.43660945424e-010	-0
3.74888511828e-010	-0
4.06116078232e-010	-6.79557618846e-033
4.37343644636e-010	-4.38846271557e-030
4.6857121104e-010	-1.50993572086e-027
4.99798777444e-010	-2.98860126506e-025
5.31026343848e-010	-3.59877871645e-023
5.62253910252e-010	-2.75883192369e-021
5.93481476655e-010	-1.39731329879e-019
6.24709043059e-010	-4.82136033943e-018
6.55936609463e-010	-1.16279438919e-016
6.87164175867e-010	-2.00394781606e-015
7.18391742271e-010	-2.51759859027e-014
7.49619308675e-010	-2.35130274626e-013
7.80846875079e-010	-1.66786170378e-012
8.12074441483e-010	-9.22046206747e-012
8.43302007886e-010	-4.10188376321e-011
8.7452957429e-010	-1.52353990535e-010
9.05757140694e-010	-4.89430218575e-010
9.36984707098e-010	-1.39453548709e-009
9.68212273502e-010	-3.5656904096e-009
9.99439839906e-010	-8.19817369546e-009
1.03066740631e-009	-1.69155285334e-008
1.06189497271e-009	-3.12365742161e-008
1.09312253912e-009	-5.14873974566e-008
1.12435010552e-009	-7.55194307089e-008
1.15557767193e-009	-9.81826246971e-008
1.18680523833e-009	-1.12611161285e-007
1.21803280473e-009	-1.13306370508e-007
1.24926037114e-009	-9.93527820015e-008
1.28048793754e-009	-7.53683835342e-008
1.31171550394e-009	-4.91354477106e-008
1.34294307035e-009	-2.74914224718e-008
1.37417063675e-009	-1.34077575709e-008
1.40539820316e-009	-5.99103877619e-009
1.43662576956e-009	-2.5694648631e-009
1.46785333596e-009	-8.11599454309e-010
1.49908090237e-009	4.03206773525e-010
1.53030846877e-009	1.235297864e-009
1.56153603518e-009	1.50129542131e-009
1.59276360158e-009	1.11014963888e-009
1.62399116798e-009	2.21886287122e-010
1.65521873439e-009	-8.12888090174e-010
1.68644630079e-009	-1.6057254415e-009
1.71767386719e-009	-1.87870274893e-009
1.7489014336e-009	-1.53865120645e-009
1.780129e-009	-6.88852641595e-010
1.81135656641e-009	4.16474021936e-010
1.84258413281e-009	1.43666389896e-009
1.87381169921e-009	2.05665062758e-009
1.90503926562e-009	2.08487627162e-009
1.93626683202e-009	1.51529633285e-009
1.96749439843e-009	5.18120657489e-010
1.99872196483e-009	-6.27788154794e-010
2.02994953123e-009	-1.62647051383e-009
2.06117709764e-009	-2.24550733563e-009
2.09240466404e-009	-2.35397124015e-009
2.12363223045e-009	-1.93144789051e-009
2.15485979685e-009	-1.05133501904e-009
2.18608736325e-009	1.35159564096e-010
2.21731492966e-009	1.40404088356e-009
2.24854249606e-009	2.46541143056e-009
2.27977006246e-009	3.01848479545e-009
2.31099762887e-009	2.84037393605e-009
2.34222519527e-009	1.88536430912e-009
2.37345276168e-009	3.44655998186e-010
2.40468032808e-009	-1.38341682554e-009
2.43590789448e-009	-2.80988499135e-009
2.46713546089e-009	-3.53998141911e-009
2.49836302729e-009	-3.41687167449e-009
2.5295905937e-009	-2.52631071618e-009
2.5608181601e-009	-1.10207476478e-009
2.5920457265e-009	5.7764892869e-010
2.62327329291e-009	2.21498686059e-009
2.65450085931e-009	3.4744889188e-009
2.68572842571e-009	4.00489330588e-009
2.71695599212e-009	3.57119778194e-009
2.74818355852e-009	2.21388507526e-009
2.77941112493e-009	2.89136187215e-010
2.81063869133e-009	-1.65435021238e-009
2.84186625773e-009	-3.10622572108e-009
2.87309382414e-009	-3.78735309781e-009
2.90432139054e-009	-3.70671515704e-009
2.93554895695e-009	-3.03784841726e-009
2.96677652335e-009	-1.9368360249e-009
2.99800408975e-009	-4.80505191192e-010
3.02923165616e-009	1.24610122221e-009
3.06045922256e-009	2.98475089089e-009
3.09168678897e-009	4.28321822454e-009
3.12291435537e-009	4.67345451227e-009
3.15414192177e-009	3.94040222673e-009
3.18536948818e-009	2.24171814445e-009
3.21659705458e-009	1.4676461435e-011
3.24782462098e-009	-2.2124062582e-009
3.27905218739e-009	-3.97288335563e-009
3.31027975379e-009	-4.94231322534e-009
3.3415073202e-009	-4.9591935003e-009
3.3727348866e-009	-4.01241395664e-009
3.403962453e-009	-2.21873297512e-009
3.43519001941e-009	1.53388940438e-010
3.46641758581e-009	2.66154520645e-009
3.49764515222e-009	4.72096184367e-009
3.52887271862e-009	5.7716595947e-009
3.56010028502e-009	5.49782397385e-009
3.59132785143e-009	3.96401178548e-009
3.62255541783e-009	1.55955293124e-009
3.65378298423e-009	-1.14182319155e-009
3.68501055064e-009	-3.51917295305e-009
3.71623811704e-009	-5.05099473358e-009
3.74746568345e-009	-5.46578515781e-009
3.77869324985e-009	-4.82019579806e-009
3.80992081625e-009	-3.40258488052e-009
3.84114838266e-009	-1.53302603945e-009
3.87237594906e-009	5.50234358077e-010
3.90360351547e-009	2.64947930262e-009
3.93483108187e-009	4.47483516908e-009
3.96605864827e-009	5.62051472031e-009
3.99728621468e-009	5.69051739063e-009
4.02851378108e-009	4.50597159585e-009
4.05974134749e-009	2.23291718449e-009
4.09096891389e-009	-6.09174044541e-010
4.12219648029e-009	-3.3044200709e-009
4.1534240467e-009	-5.22224663513e-009
4.1846516131e-009	-6.04444139185e-009
4.2158791795e-009	-5.79131542722e-009
4.24710674591e-009	-4.62028415527e-009
4.27833431231e-009	-2.64466137878e-009
4.30956187872e-009	1.62962282557e-011
4.34078944512e-009	3.03656744194e-009
4.37201701152e-009	5.7536535536e-009
4.40324457793e-009	7.32916616286e-009
4.43447214433e-009	7.14561565474e-009
4.46569971074e-009	5.15025799785e-009
4.49692727714e-009	1.91623938939e-009
4.52815484354e-009	-1.60443502928e-009
4.55938240995e-009	-4.4856585113e-009
4.59060997635e-009	-6.16297102241e-009
4.62183754275e-009	-6.52573062254e-009
4.65306510916e-009	-5.78042902433e-009
4.68429267556e-009	-4.20831547387e-009
4.71552024197e-009	-2.03298933243e-009
