% time-domain current integration by openEMS v0.0.35 @Mon Apr 13 04:02:57 2020
% start-coordinates: (-0.0581566,-0.0581566,0.751) m -> [25,25,167]
% stop-coordinates: (0.0557828,0.0557828,0.751) m -> [73,73,167]
% t/s	current
1.57714981838e-013	-0
3.13852813857e-011	-0
6.26128477896e-011	-0
9.38404141935e-011	-0
1.25067980597e-010	-0
1.56295547001e-010	-0
1.87523113405e-010	-0
2.18750679809e-010	-0
2.49978246213e-010	-0
2.81205812617e-010	-0
3.12433379021e-010	-0
3.43660945424e-010	-0
3.74888511828e-010	-0
4.06116078232e-010	-0
4.37343644636e-010	-0
4.6857121104e-010	-0
4.99798777444e-010	-0
5.31026343848e-010	-0
5.62253910252e-010	-0
5.93481476655e-010	-0
6.24709043059e-010	-0
6.55936609463e-010	-0
6.87164175867e-010	-0
7.18391742271e-010	-0
7.49619308675e-010	-0
7.80846875079e-010	-0
8.12074441483e-010	-0
8.43302007886e-010	-0
8.7452957429e-010	-0
9.05757140694e-010	-0
9.36984707098e-010	-0
9.68212273502e-010	-0
9.99439839906e-010	-0
1.03066740631e-009	-0
1.06189497271e-009	-0
1.09312253912e-009	-0
1.12435010552e-009	-0
1.15557767193e-009	-0
1.18680523833e-009	-0
1.21803280473e-009	-0
1.24926037114e-009	-0
1.28048793754e-009	-0
1.31171550394e-009	-0
1.34294307035e-009	-0
1.37417063675e-009	-0
1.40539820316e-009	-0
1.43662576956e-009	-0
1.46785333596e-009	-0
1.49908090237e-009	-0
1.53030846877e-009	-0
1.56153603518e-009	-0
1.59276360158e-009	-0
1.62399116798e-009	-0
1.65521873439e-009	-0
1.68644630079e-009	-0
1.71767386719e-009	-0
1.7489014336e-009	-0
1.780129e-009	-0
1.81135656641e-009	-2.02120045544e-033
1.84258413281e-009	-7.15907092702e-032
1.87381169921e-009	-2.13297098691e-030
1.90503926562e-009	-5.59948122038e-029
1.93626683202e-009	-1.30053455802e-027
1.96749439843e-009	-2.67779049981e-026
1.99872196483e-009	-4.89654838556e-025
2.02994953123e-009	-7.96494633315e-024
2.06117709764e-009	-1.15431971534e-022
2.09240466404e-009	-1.49262025329e-021
2.12363223045e-009	-1.72444523342e-020
2.15485979685e-009	-1.78238810441e-019
2.18608736325e-009	-1.65034567682e-018
2.21731492966e-009	-1.37069477144e-017
2.24854249606e-009	-1.02258859886e-016
2.27977006246e-009	-6.86282081612e-016
2.31099762887e-009	-4.15015015694e-015
2.34222519527e-009	-2.26570183378e-014
2.37345276168e-009	-1.11906896239e-013
2.40468032808e-009	-5.01307600032e-013
2.43590789448e-009	-2.0425239191e-012
2.46713546089e-009	-7.5926591403e-012
2.49836302729e-009	-2.58351014193e-011
2.5295905937e-009	-8.07294647798e-011
2.5608181601e-009	-2.3235295632e-010
2.5920457265e-009	-6.17431106242e-010
2.62327329291e-009	-1.51706680551e-009
2.65450085931e-009	-3.44821748932e-009
2.68572842571e-009	-7.24570625721e-009
2.71695599212e-009	-1.40521470016e-008
2.74818355852e-009	-2.50880454189e-008
2.77941112493e-009	-4.10946654483e-008
2.81063869133e-009	-6.14996693571e-008
2.84186625773e-009	-8.36510309909e-008
2.87309382414e-009	-1.02740322916e-007
2.90432139054e-009	-1.12978298716e-007
2.93554895695e-009	-1.09967274398e-007
2.96677652335e-009	-9.32229440309e-008
2.99800408975e-009	-6.71706956723e-008
3.02923165616e-009	-3.94973653783e-008
3.06045922256e-009	-1.74869860814e-008
3.09168678897e-009	-4.64031302272e-009
3.12291435537e-009	1.4950041205e-010
3.15414192177e-009	5.82727754939e-010
3.18536948818e-009	2.24402406379e-011
3.21659705458e-009	-9.02978317119e-011
3.24782462098e-009	1.31760352629e-010
3.27905218739e-009	2.12106970876e-010
3.31027975379e-009	1.9711515406e-011
3.3415073202e-009	-2.59774979305e-010
3.3727348866e-009	-3.91797788657e-010
3.403962453e-009	-2.52452531102e-010
3.43519001941e-009	1.0518286242e-010
3.46641758581e-009	4.54401710703e-010
3.49764515222e-009	5.31465871312e-010
3.52887271862e-009	2.47962150812e-010
3.56010028502e-009	-2.32969976643e-010
3.59132785143e-009	-6.21954321378e-010
3.62255541783e-009	-6.8977146217e-010
3.65378298423e-009	-3.93337334925e-010
3.68501055064e-009	1.15442828907e-010
3.71623811704e-009	5.77444925209e-010
3.74746568345e-009	7.64945495835e-010
3.77869324985e-009	5.95003213366e-010
3.80992081625e-009	1.52093587724e-010
3.84114838266e-009	-3.66762453741e-010
3.87237594906e-009	-7.51514961372e-010
3.90360351547e-009	-8.51098413968e-010
3.93483108187e-009	-6.21245999088e-010
3.96605864827e-009	-1.41984049518e-010
3.99728621468e-009	4.10023792696e-010
4.02851378108e-009	8.25307211461e-010
4.05974134749e-009	9.41637989804e-010
4.09096891389e-009	7.03487379461e-010
4.12219648029e-009	1.89860960287e-010
4.1534240467e-009	-4.12337525235e-010
4.1846516131e-009	-8.75302441639e-010
4.2158791795e-009	-1.02091690657e-009
4.24710674591e-009	-7.83403120153e-010
4.27833431231e-009	-2.36375585771e-010
4.30956187872e-009	4.31373159415e-010
4.34078944512e-009	9.88539361479e-010
4.37201701152e-009	1.24238896948e-009
4.40324457793e-009	1.10799380781e-009
4.43447214433e-009	6.36293462364e-010
4.46569971074e-009	-1.23521297357e-011
4.49692727714e-009	-6.30348329089e-010
4.52815484354e-009	-1.03942665586e-009
4.55938240995e-009	-1.13765585841e-009
4.59060997635e-009	-9.16019371466e-010
4.62183754275e-009	-4.43034720021e-010
4.65306510916e-009	1.58855845145e-010
4.68429267556e-009	7.36821881286e-010
4.71552024197e-009	1.130784133e-009
