% time-domain current integration by openEMS v0.0.35 @Mon Apr 13 04:02:57 2020
% start-coordinates: (-0.0581566,-0.0581566,0.743719) m -> [25,25,157]
% stop-coordinates: (0.0557828,0.0557828,0.743719) m -> [73,73,157]
% t/s	current
1.57714981838e-013	-0
3.13852813857e-011	-0
6.26128477896e-011	-0
9.38404141935e-011	-0
1.25067980597e-010	-0
1.56295547001e-010	-0
1.87523113405e-010	-0
2.18750679809e-010	-0
2.49978246213e-010	-0
2.81205812617e-010	-0
3.12433379021e-010	-0
3.43660945424e-010	-0
3.74888511828e-010	-0
4.06116078232e-010	-0
4.37343644636e-010	-0
4.6857121104e-010	-0
4.99798777444e-010	-0
5.31026343848e-010	-0
5.62253910252e-010	-0
5.93481476655e-010	-0
6.24709043059e-010	-0
6.55936609463e-010	-0
6.87164175867e-010	-0
7.18391742271e-010	-0
7.49619308675e-010	-0
7.80846875079e-010	-0
8.12074441483e-010	-0
8.43302007886e-010	-0
8.7452957429e-010	-0
9.05757140694e-010	-0
9.36984707098e-010	-0
9.68212273502e-010	-0
9.99439839906e-010	-0
1.03066740631e-009	-0
1.06189497271e-009	-0
1.09312253912e-009	-0
1.12435010552e-009	-0
1.15557767193e-009	-0
1.18680523833e-009	-0
1.21803280473e-009	-0
1.24926037114e-009	-0
1.28048793754e-009	-0
1.31171550394e-009	-0
1.34294307035e-009	-0
1.37417063675e-009	-0
1.40539820316e-009	-0
1.43662576956e-009	-0
1.46785333596e-009	-0
1.49908090237e-009	-0
1.53030846877e-009	-0
1.56153603518e-009	-0
1.59276360158e-009	-0
1.62399116798e-009	-0
1.65521873439e-009	-0
1.68644630079e-009	-0
1.71767386719e-009	-0
1.7489014336e-009	-0
1.780129e-009	-4.09954343615e-034
1.81135656641e-009	-1.80998990801e-032
1.84258413281e-009	-5.7154820498e-031
1.87381169921e-009	-1.58091403932e-029
1.90503926562e-009	-3.86426359984e-028
1.93626683202e-009	-8.36576281816e-027
1.96749439843e-009	-1.60706373833e-025
1.99872196483e-009	-2.74407435249e-024
2.02994953123e-009	-4.17143998437e-023
2.06117709764e-009	-5.65393498706e-022
2.09240466404e-009	-6.84225788907e-021
2.12363223045e-009	-7.40312624939e-020
2.15485979685e-009	-7.17076514071e-019
2.18608736325e-009	-6.22611319725e-018
2.21731492966e-009	-4.85238010871e-017
2.24854249606e-009	-3.39937800428e-016
2.27977006246e-009	-2.14404621851e-015
2.31099762887e-009	-1.21962876471e-014
2.34222519527e-009	-6.26990999267e-014
2.37345276168e-009	-2.91978355556e-013
2.40468032808e-009	-1.23497045923e-012
2.43590789448e-009	-4.75859412638e-012
2.46713546089e-009	-1.67579058269e-011
2.49836302729e-009	-5.4114511483e-011
2.5295905937e-009	-1.60737659294e-010
2.5608181601e-009	-4.40334241292e-010
2.5920457265e-009	-1.11459996788e-009
2.62327329291e-009	-2.6091646621e-009
2.65450085931e-009	-5.64708546591e-009
2.68572842571e-009	-1.12852616141e-008
2.71695599212e-009	-2.0776301568e-008
2.74818355852e-009	-3.51256908004e-008
2.77941112493e-009	-5.431926553e-008
2.81063869133e-009	-7.64577805512e-008
2.84186625773e-009	-9.73560290163e-008
2.87309382414e-009	-1.11263496194e-007
2.90432139054e-009	-1.12935587993e-007
2.93554895695e-009	-1.00334432318e-007
2.96677652335e-009	-7.63574874441e-008
2.99800408975e-009	-4.80834216887e-008
3.02923165616e-009	-2.34985577663e-008
3.06045922256e-009	-7.62878737959e-009
3.09168678897e-009	-6.93842927557e-010
3.12291435537e-009	6.09759742698e-010
3.15414192177e-009	9.2405340324e-011
3.18536948818e-009	-1.5986230395e-010
3.21659705458e-009	6.08246578104e-011
3.24782462098e-009	2.44466918931e-010
3.27905218739e-009	1.27937119232e-010
3.31027975379e-009	-1.638670033e-010
3.3415073202e-009	-3.85061649233e-010
3.3727348866e-009	-3.59862889487e-010
3.403962453e-009	-6.25873103344e-011
3.43519001941e-009	3.40793199216e-010
3.46641758581e-009	5.6587962094e-010
3.49764515222e-009	4.23781953973e-010
3.52887271862e-009	-1.74639174649e-011
3.56010028502e-009	-4.93263319079e-010
3.59132785143e-009	-7.25656090772e-010
3.62255541783e-009	-5.80979098164e-010
3.65378298423e-009	-1.31265873171e-010
3.68501055064e-009	3.95682875354e-010
3.71623811704e-009	7.36798511092e-010
3.74746568345e-009	7.33066163328e-010
3.77869324985e-009	3.94589250163e-010
3.80992081625e-009	-1.22213711373e-010
3.84114838266e-009	-6.01444893888e-010
3.87237594906e-009	-8.57555915168e-010
3.90360351547e-009	-7.87904685939e-010
3.93483108187e-009	-4.12201384137e-010
3.96605864827e-009	1.3509598995e-010
3.99728621468e-009	6.50628051435e-010
4.02851378108e-009	9.38848443433e-010
4.05974134749e-009	8.81852924017e-010
4.09096891389e-009	4.87668738725e-010
4.12219648029e-009	-1.06859895932e-010
4.1534240467e-009	-6.8365924033e-010
4.1846516131e-009	-1.02639108324e-009
4.2158791795e-009	-1.0018487151e-009
4.24710674591e-009	-6.0450300321e-010
4.27833431231e-009	3.42562089806e-011
4.30956187872e-009	6.97476520983e-010
4.34078944512e-009	1.16029807984e-009
4.37201701152e-009	1.26600352424e-009
4.40324457793e-009	9.83455761272e-010
4.43447214433e-009	4.11754741414e-010
4.46569971074e-009	-2.59933269353e-010
4.49692727714e-009	-8.24951051914e-010
4.52815484354e-009	-1.12668530061e-009
4.55938240995e-009	-1.09616882238e-009
4.59060997635e-009	-7.58207940876e-010
4.62183754275e-009	-2.08108169586e-010
4.65306510916e-009	4.12115647164e-010
4.68429267556e-009	9.41046685021e-010
4.71552024197e-009	1.22356957899e-009
