% time-domain current integration by openEMS v0.0.35 @Mon Apr 13 04:02:57 2020
% start-coordinates: (-0.0581566,-0.0581566,0.246231) m -> [25,25,49]
% stop-coordinates: (0.0557828,0.0557828,0.246231) m -> [73,73,49]
% t/s	current
1.57714981838e-013	-0
3.13852813857e-011	-0
6.26128477896e-011	-0
9.38404141935e-011	-0
1.25067980597e-010	-0
1.56295547001e-010	-0
1.87523113405e-010	-0
2.18750679809e-010	-0
2.49978246213e-010	-0
2.81205812617e-010	-0
3.12433379021e-010	-0
3.43660945424e-010	-0
3.74888511828e-010	-2.13583787878e-034
4.06116078232e-010	-2.20274640377e-031
4.37343644636e-010	-1.01871354222e-028
4.6857121104e-010	-2.61770764853e-026
4.99798777444e-010	-3.98159831983e-024
5.31026343848e-010	-3.7716025529e-022
5.62253910252e-010	-2.31877256483e-020
5.93481476655e-010	-9.57111248041e-019
6.24709043059e-010	-2.72803272665e-017
6.55936609463e-010	-5.49869013644e-016
6.87164175867e-010	-8.00337969048e-015
7.18391742271e-010	-8.57851794158e-014
7.49619308675e-010	-6.91033764499e-013
7.80846875079e-010	-4.28272174668e-012
8.12074441483e-010	-2.10207667245e-011
8.43302007886e-010	-8.46204495364e-011
8.7452957429e-010	-2.89938156817e-010
9.05757140694e-010	-8.72076522107e-010
9.36984707098e-010	-2.34442598668e-009
9.68212273502e-010	-5.66612845532e-009
9.99439839906e-010	-1.23023840004e-008
1.03066740631e-009	-2.39324098317e-008
1.06189497271e-009	-4.15999750203e-008
1.09312253912e-009	-6.44275957029e-008
1.12435010552e-009	-8.8586119773e-008
1.15557767193e-009	-1.07657669446e-007
1.18680523833e-009	-1.15030665881e-007
1.21803280473e-009	-1.07383982595e-007
1.24926037114e-009	-8.69577618801e-008
1.28048793754e-009	-6.064146163e-008
1.31171550394e-009	-3.6261575076e-008
1.34294307035e-009	-1.87323916379e-008
1.37417063675e-009	-8.68650751329e-009
1.40539820316e-009	-3.8943324121e-009
1.43662576956e-009	-1.64441216199e-009
1.46785333596e-009	-2.40374276039e-010
1.49908090237e-009	8.34792568405e-010
1.53030846877e-009	1.46665546374e-009
1.56153603518e-009	1.45974188293e-009
1.59276360158e-009	8.22257872901e-010
1.62399116798e-009	-1.91318100251e-010
1.65521873439e-009	-1.19362253415e-009
1.68644630079e-009	-1.82483006483e-009
1.71767386719e-009	-1.8724850559e-009
1.7489014336e-009	-1.31828514771e-009
1.780129e-009	-3.24526128193e-010
1.81135656641e-009	8.13161149527e-010
1.84258413281e-009	1.74922232254e-009
1.87381169921e-009	2.19689133552e-009
1.90503926562e-009	2.0179355964e-009
1.93626683202e-009	1.2684137074e-009
1.96749439843e-009	1.65825436715e-010
1.99872196483e-009	-9.90648896249e-010
2.02994953123e-009	-1.91326399168e-009
2.06117709764e-009	-2.39698083604e-009
2.09240466404e-009	-2.34451658088e-009
2.12363223045e-009	-1.76669534557e-009
2.15485979685e-009	-7.61469776123e-010
2.18608736325e-009	4.98757701806e-010
2.21731492966e-009	1.76925119e-009
2.24854249606e-009	2.74665912237e-009
2.27977006246e-009	3.13524561868e-009
2.31099762887e-009	2.74490030705e-009
2.34222519527e-009	1.5859074054e-009
2.37345276168e-009	-8.76347744372e-011
2.40468032808e-009	-1.83235204787e-009
2.43590789448e-009	-3.15266146522e-009
2.46713546089e-009	-3.69392005872e-009
2.49836302729e-009	-3.36261241074e-009
2.5295905937e-009	-2.29446572853e-009
2.5608181601e-009	-7.49080242279e-010
2.5920457265e-009	9.88647719247e-010
2.62327329291e-009	2.61143640046e-009
2.65450085931e-009	3.76911524214e-009
2.68572842571e-009	4.11498835007e-009
2.71695599212e-009	3.45291772952e-009
2.74818355852e-009	1.89453031041e-009
2.77941112493e-009	-1.3921687414e-010
2.81063869133e-009	-2.07183759038e-009
2.84186625773e-009	-3.41228467704e-009
2.87309382414e-009	-3.93893495598e-009
2.90432139054e-009	-3.71136366084e-009
2.93554895695e-009	-2.9230706744e-009
2.96677652335e-009	-1.71977232455e-009
2.99800408975e-009	-1.68953143143e-010
3.02923165616e-009	1.62556812455e-009
3.06045922256e-009	3.3621243567e-009
3.09168678897e-009	4.55480408945e-009
3.12291435537e-009	4.75156225477e-009
3.15414192177e-009	3.79722875365e-009
3.18536948818e-009	1.91833082752e-009
3.21659705458e-009	-4.05902034206e-010
3.24782462098e-009	-2.63530264277e-009
3.27905218739e-009	-4.31527924505e-009
3.31027975379e-009	-5.14500619886e-009
3.3415073202e-009	-4.98987251518e-009
3.3727348866e-009	-3.86302634325e-009
3.403962453e-009	-1.90561655344e-009
3.43519001941e-009	5.80905434866e-010
3.46641758581e-009	3.118839631e-009
3.49764515222e-009	5.09898168133e-009
3.52887271862e-009	5.97277605152e-009
3.56010028502e-009	5.47494050096e-009
3.59132785143e-009	3.72936126425e-009
3.62255541783e-009	1.17667398047e-009
3.65378298423e-009	-1.58169610742e-009
3.68501055064e-009	-3.91591559179e-009
3.71623811704e-009	-5.321901142e-009
3.74746568345e-009	-5.57081358821e-009
3.77869324985e-009	-4.7658628155e-009
3.80992081625e-009	-3.22401461084e-009
3.84114838266e-009	-1.26469357209e-009
3.87237594906e-009	8.79829376021e-010
3.90360351547e-009	3.00540459186e-009
3.93483108187e-009	4.79819872723e-009
3.96605864827e-009	5.83723247516e-009
3.99728621468e-009	5.73534020276e-009
4.02851378108e-009	4.3529935212e-009
4.05974134749e-009	1.91069537969e-009
4.09096891389e-009	-1.0214178392e-009
4.12219648029e-009	-3.70413455464e-009
4.1534240467e-009	-5.52487566807e-009
4.1846516131e-009	-6.20945650454e-009
4.2158791795e-009	-5.81532200172e-009
4.24710674591e-009	-4.50793757878e-009
4.27833431231e-009	-2.3946240546e-009
4.30956187872e-009	3.90723065014e-010
4.34078944512e-009	3.47938322598e-009
4.37201701152e-009	6.15985129571e-009
4.40324457793e-009	7.58276641477e-009
4.43447214433e-009	7.17195591804e-009
4.46569971074e-009	4.95032104197e-009
4.49692727714e-009	1.56054014155e-009
4.52815484354e-009	-2.01427696744e-009
4.55938240995e-009	-4.86201878758e-009
4.59060997635e-009	-6.45683684297e-009
4.62183754275e-009	-6.71603750391e-009
4.65306510916e-009	-5.84686121741e-009
4.68429267556e-009	-4.11975831227e-009
4.71552024197e-009	-1.76953418585e-009
