0	0.00012341
3.1543e-013	0.000125381
6.3086e-013	0.000127382
9.4629e-013	0.000129414
1.26172e-012	0.000131475
1.57715e-012	0.000133568
1.89258e-012	0.000135692
2.20801e-012	0.000137848
2.52344e-012	0.000140037
2.83887e-012	0.000142258
3.1543e-012	0.000144512
3.46973e-012	0.0001468
3.78516e-012	0.000149122
4.10059e-012	0.000151479
4.41602e-012	0.000153871
4.73145e-012	0.000156299
5.04688e-012	0.000158762
5.36231e-012	0.000161262
5.67774e-012	0.000163799
5.99317e-012	0.000166374
6.3086e-012	0.000168987
6.62403e-012	0.000171639
6.93946e-012	0.000174329
7.25489e-012	0.00017706
7.57032e-012	0.00017983
7.88575e-012	0.000182642
8.20118e-012	0.000185495
8.51661e-012	0.000188389
8.83204e-012	0.000191327
9.14747e-012	0.000194307
9.4629e-012	0.000197331
9.77833e-012	0.000200399
1.00938e-011	0.000203513
1.04092e-011	0.000206671
1.07246e-011	0.000209876
1.104e-011	0.000213127
1.13555e-011	0.000216426
1.16709e-011	0.000219773
1.19863e-011	0.000223168
1.23018e-011	0.000226613
1.26172e-011	0.000230108
1.29326e-011	0.000233653
1.32481e-011	0.00023725
1.35635e-011	0.000240898
1.38789e-011	0.000244599
1.41943e-011	0.000248354
1.45098e-011	0.000252163
1.48252e-011	0.000256027
1.51406e-011	0.000259946
1.54561e-011	0.000263921
1.57715e-011	0.000267954
1.60869e-011	0.000272044
1.64024e-011	0.000276193
1.67178e-011	0.000280402
1.70332e-011	0.00028467
1.73486e-011	0.000289
1.76641e-011	0.000293391
1.79795e-011	0.000297844
1.82949e-011	0.000302362
1.86104e-011	0.000306943
1.89258e-011	0.000311589
1.92412e-011	0.000316302
1.95567e-011	0.000321081
1.98721e-011	0.000325928
2.01875e-011	0.000330843
2.05029e-011	0.000335828
2.08184e-011	0.000340883
2.11338e-011	0.000346009
2.14492e-011	0.000351208
2.17647e-011	0.000356479
2.20801e-011	0.000361825
2.23955e-011	0.000367246
2.2711e-011	0.000372743
2.30264e-011	0.000378316
2.33418e-011	0.000383968
2.36572e-011	0.000389699
2.39727e-011	0.00039551
2.42881e-011	0.000401401
2.46035e-011	0.000407375
2.4919e-011	0.000413432
2.52344e-011	0.000419573
2.55498e-011	0.0004258
2.58653e-011	0.000432113
2.61807e-011	0.000438513
2.64961e-011	0.000445002
2.68115e-011	0.00045158
2.7127e-011	0.00045825
2.74424e-011	0.000465011
2.77578e-011	0.000471866
2.80733e-011	0.000478815
2.83887e-011	0.00048586
2.87041e-011	0.000493001
2.90196e-011	0.00050024
2.9335e-011	0.000507579
2.96504e-011	0.000515018
2.99658e-011	0.000522558
3.02813e-011	0.000530202
3.05967e-011	0.00053795
3.09121e-011	0.000545804
3.12276e-011	0.000553764
3.1543e-011	0.000561833
3.18584e-011	0.000570011
3.21739e-011	0.000578301
3.24893e-011	0.000586702
3.28047e-011	0.000595218
3.31201e-011	0.000603848
3.34356e-011	0.000612595
3.3751e-011	0.000621461
3.40664e-011	0.000630445
3.43819e-011	0.000639551
3.46973e-011	0.000648779
3.50127e-011	0.000658131
3.53282e-011	0.000667609
3.56436e-011	0.000677213
3.5959e-011	0.000686947
3.62744e-011	0.00069681
3.65899e-011	0.000706805
3.69053e-011	0.000716933
3.72207e-011	0.000727197
3.75362e-011	0.000737597
3.78516e-011	0.000748135
3.8167e-011	0.000758814
3.84825e-011	0.000769634
3.87979e-011	0.000780597
3.91133e-011	0.000791705
3.94287e-011	0.000802961
3.97442e-011	0.000814365
4.00596e-011	0.000825919
4.0375e-011	0.000837626
4.06905e-011	0.000849487
4.10059e-011	0.000861503
4.13213e-011	0.000873678
4.16368e-011	0.000886012
4.19522e-011	0.000898507
4.22676e-011	0.000911166
4.2583e-011	0.000923991
4.28985e-011	0.000936983
4.32139e-011	0.000950145
4.35293e-011	0.000963477
4.38448e-011	0.000976984
4.41602e-011	0.000990666
4.44756e-011	0.00100452
4.47911e-011	0.00101856
4.51065e-011	0.00103278
4.54219e-011	0.00104719
4.57373e-011	0.00106178
4.60528e-011	0.00107656
4.63682e-011	0.00109153
4.66836e-011	0.00110669
4.69991e-011	0.00112205
4.73145e-011	0.0011376
4.76299e-011	0.00115336
4.79454e-011	0.00116931
4.82608e-011	0.00118547
4.85762e-011	0.00120184
4.88916e-011	0.00121841
4.92071e-011	0.0012352
4.95225e-011	0.0012522
4.98379e-011	0.00126942
5.01534e-011	0.00128685
5.04688e-011	0.00130451
5.07842e-011	0.00132239
5.10997e-011	0.0013405
5.14151e-011	0.00135883
5.17305e-011	0.0013774
5.20459e-011	0.0013962
5.23614e-011	0.00141524
5.26768e-011	0.00143452
5.29922e-011	0.00145404
5.33077e-011	0.00147381
5.36231e-011	0.00149382
5.39385e-011	0.00151408
5.4254e-011	0.0015346
5.45694e-011	0.00155538
5.48848e-011	0.00157641
5.52002e-011	0.0015977
5.55157e-011	0.00161926
5.58311e-011	0.00164109
5.61465e-011	0.00166319
5.6462e-011	0.00168556
5.67774e-011	0.00170821
5.70928e-011	0.00173114
5.74083e-011	0.00175436
5.77237e-011	0.00177786
5.80391e-011	0.00180165
5.83545e-011	0.00182573
5.867e-011	0.00185011
5.89854e-011	0.00187479
5.93008e-011	0.00189977
5.96163e-011	0.00192506
5.99317e-011	0.00195065
6.02471e-011	0.00197656
6.05626e-011	0.00200279
6.0878e-011	0.00202933
6.11934e-011	0.0020562
6.15088e-011	0.00208339
6.18243e-011	0.00211092
6.21397e-011	0.00213878
6.24551e-011	0.00216697
6.27706e-011	0.00219551
6.3086e-011	0.00222439
6.34014e-011	0.00225362
6.37169e-011	0.0022832
6.40323e-011	0.00231314
6.43477e-011	0.00234344
6.46631e-011	0.0023741
6.49786e-011	0.00240513
6.5294e-011	0.00243653
6.56094e-011	0.00246831
6.59249e-011	0.00250046
6.62403e-011	0.002533
6.65557e-011	0.00256593
6.68712e-011	0.00259925
6.71866e-011	0.00263296
6.7502e-011	0.00266707
6.78174e-011	0.00270159
6.81329e-011	0.00273652
6.84483e-011	0.00277186
6.87637e-011	0.00280762
6.90792e-011	0.0028438
6.93946e-011	0.0028804
6.971e-011	0.00291744
7.00255e-011	0.00295491
7.03409e-011	0.00299282
7.06563e-011	0.00303117
7.09717e-011	0.00306997
7.12872e-011	0.00310923
7.16026e-011	0.00314894
7.1918e-011	0.00318912
7.22335e-011	0.00322976
7.25489e-011	0.00327088
7.28643e-011	0.00331247
7.31798e-011	0.00335455
7.34952e-011	0.00339711
7.38106e-011	0.00344016
7.4126e-011	0.00348372
7.44415e-011	0.00352777
7.47569e-011	0.00357233
7.50723e-011	0.0036174
7.53878e-011	0.00366299
7.57032e-011	0.00370911
7.60186e-011	0.00375575
7.63341e-011	0.00380292
7.66495e-011	0.00385064
7.69649e-011	0.00389889
7.72803e-011	0.0039477
7.75958e-011	0.00399706
7.79112e-011	0.00404699
7.82266e-011	0.00409748
7.85421e-011	0.00414854
7.88575e-011	0.00420018
7.91729e-011	0.0042524
7.94884e-011	0.00430521
7.98038e-011	0.00435862
8.01192e-011	0.00441262
8.04346e-011	0.00446724
8.07501e-011	0.00452247
8.10655e-011	0.00457831
8.13809e-011	0.00463478
8.16964e-011	0.00469189
8.20118e-011	0.00474962
8.23272e-011	0.00480801
8.26427e-011	0.00486704
8.29581e-011	0.00492673
8.32735e-011	0.00498708
8.35889e-011	0.0050481
8.39044e-011	0.00510979
8.42198e-011	0.00517217
8.45352e-011	0.00523523
8.48507e-011	0.00529899
8.51661e-011	0.00536345
8.54815e-011	0.00542862
8.5797e-011	0.00549451
8.61124e-011	0.00556111
8.64278e-011	0.00562845
8.67432e-011	0.00569652
8.70587e-011	0.00576533
8.73741e-011	0.0058349
8.76895e-011	0.00590522
8.8005e-011	0.0059763
8.83204e-011	0.00604816
8.86358e-011	0.00612079
8.89512e-011	0.00619421
8.92667e-011	0.00626843
8.95821e-011	0.00634344
8.98975e-011	0.00641926
9.0213e-011	0.0064959
9.05284e-011	0.00657336
9.08438e-011	0.00665165
9.11593e-011	0.00673078
9.14747e-011	0.00681075
9.17901e-011	0.00689158
9.21055e-011	0.00697328
9.2421e-011	0.00705584
9.27364e-011	0.00713928
9.30518e-011	0.0072236
9.33673e-011	0.00730882
9.36827e-011	0.00739494
9.39981e-011	0.00748197
9.43136e-011	0.00756992
9.4629e-011	0.0076588
9.49444e-011	0.00774861
9.52598e-011	0.00783937
9.55753e-011	0.00793108
9.58907e-011	0.00802375
9.62061e-011	0.00811739
9.65216e-011	0.008212
9.6837e-011	0.00830761
9.71524e-011	0.0084042
9.74679e-011	0.00850181
9.77833e-011	0.00860042
9.80987e-011	0.00870006
9.84141e-011	0.00880073
9.87296e-011	0.00890245
9.9045e-011	0.00900521
9.93604e-011	0.00910903
9.96759e-011	0.00921391
9.99913e-011	0.00931988
1.00307e-010	0.00942693
1.00622e-010	0.00953508
1.00938e-010	0.00964434
1.01253e-010	0.00975471
1.01568e-010	0.0098662
1.01884e-010	0.00997884
1.02199e-010	0.0100926
1.02515e-010	0.0102075
1.0283e-010	0.0103236
1.03146e-010	0.0104409
1.03461e-010	0.0105594
1.03776e-010	0.010679
1.04092e-010	0.0107999
1.04407e-010	0.0109219
1.04723e-010	0.0110452
1.05038e-010	0.0111698
1.05354e-010	0.0112955
1.05669e-010	0.0114226
1.05984e-010	0.0115509
1.063e-010	0.0116805
1.06615e-010	0.0118113
1.06931e-010	0.0119435
1.07246e-010	0.012077
1.07562e-010	0.0122118
1.07877e-010	0.0123479
1.08192e-010	0.0124854
1.08508e-010	0.0126242
1.08823e-010	0.0127644
1.09139e-010	0.012906
1.09454e-010	0.0130489
1.0977e-010	0.0131933
1.10085e-010	0.013339
1.104e-010	0.0134862
1.10716e-010	0.0136349
1.11031e-010	0.0137849
1.11347e-010	0.0139365
1.11662e-010	0.0140894
1.11978e-010	0.0142439
1.12293e-010	0.0143999
1.12608e-010	0.0145574
1.12924e-010	0.0147164
1.13239e-010	0.0148769
1.13555e-010	0.0150389
1.1387e-010	0.0152025
1.14186e-010	0.0153677
1.14501e-010	0.0155345
1.14817e-010	0.0157028
1.15132e-010	0.0158728
1.15447e-010	0.0160443
1.15763e-010	0.0162175
1.16078e-010	0.0163924
1.16394e-010	0.0165688
1.16709e-010	0.016747
1.17025e-010	0.0169268
1.1734e-010	0.0171083
1.17655e-010	0.0172916
1.17971e-010	0.0174765
1.18286e-010	0.0176632
1.18602e-010	0.0178516
1.18917e-010	0.0180418
1.19233e-010	0.0182338
1.19548e-010	0.0184275
1.19863e-010	0.018623
1.20179e-010	0.0188204
1.20494e-010	0.0190195
1.2081e-010	0.0192206
1.21125e-010	0.0194234
1.21441e-010	0.0196281
1.21756e-010	0.0198348
1.22071e-010	0.0200433
1.22387e-010	0.0202537
1.22702e-010	0.020466
1.23018e-010	0.0206803
1.23333e-010	0.0208965
1.23649e-010	0.0211147
1.23964e-010	0.0213349
1.24279e-010	0.0215571
1.24595e-010	0.0217813
1.2491e-010	0.0220075
1.25226e-010	0.0222357
1.25541e-010	0.022466
1.25857e-010	0.0226984
1.26172e-010	0.0229328
1.26487e-010	0.0231693
1.26803e-010	0.023408
1.27118e-010	0.0236488
1.27434e-010	0.0238917
1.27749e-010	0.0241368
1.28065e-010	0.0243841
1.2838e-010	0.0246335
1.28695e-010	0.0248852
1.29011e-010	0.025139
1.29326e-010	0.0253952
1.29642e-010	0.0256535
1.29957e-010	0.0259141
1.30273e-010	0.026177
1.30588e-010	0.0264423
1.30903e-010	0.0267098
1.31219e-010	0.0269796
1.31534e-010	0.0272518
1.3185e-010	0.0275264
1.32165e-010	0.0278033
1.32481e-010	0.0280826
1.32796e-010	0.0283644
1.33111e-010	0.0286485
1.33427e-010	0.0289352
1.33742e-010	0.0292242
1.34058e-010	0.0295158
1.34373e-010	0.0298098
1.34689e-010	0.0301063
1.35004e-010	0.0304054
1.35319e-010	0.030707
1.35635e-010	0.0310112
1.3595e-010	0.0313179
1.36266e-010	0.0316273
1.36581e-010	0.0319392
1.36897e-010	0.0322538
1.37212e-010	0.032571
1.37527e-010	0.0328909
1.37843e-010	0.0332135
1.38158e-010	0.0335387
1.38474e-010	0.0338667
1.38789e-010	0.0341974
1.39105e-010	0.0345308
1.3942e-010	0.034867
1.39735e-010	0.035206
1.40051e-010	0.0355478
1.40366e-010	0.0358924
1.40682e-010	0.0362398
1.40997e-010	0.0365901
1.41313e-010	0.0369433
1.41628e-010	0.0372993
1.41943e-010	0.0376582
1.42259e-010	0.0380201
1.42574e-010	0.0383849
1.4289e-010	0.0387527
1.43205e-010	0.0391235
1.43521e-010	0.0394972
1.43836e-010	0.039874
1.44151e-010	0.0402538
1.44467e-010	0.0406366
1.44782e-010	0.0410225
1.45098e-010	0.0414115
1.45413e-010	0.0418036
1.45729e-010	0.0421988
1.46044e-010	0.0425972
1.4636e-010	0.0429987
1.46675e-010	0.0434034
1.4699e-010	0.0438113
1.47306e-010	0.0442225
1.47621e-010	0.0446368
1.47937e-010	0.0450544
1.48252e-010	0.0454753
1.48568e-010	0.0458995
1.48883e-010	0.0463269
1.49198e-010	0.0467578
1.49514e-010	0.0471919
1.49829e-010	0.0476294
1.50145e-010	0.0480703
1.5046e-010	0.0485146
1.50776e-010	0.0489624
1.51091e-010	0.0494135
1.51406e-010	0.0498682
1.51722e-010	0.0503263
1.52037e-010	0.0507879
1.52353e-010	0.051253
1.52668e-010	0.0517217
1.52984e-010	0.0521939
1.53299e-010	0.0526697
1.53614e-010	0.0531491
1.5393e-010	0.0536321
1.54245e-010	0.0541188
1.54561e-010	0.0546091
1.54876e-010	0.055103
1.55192e-010	0.0556007
1.55507e-010	0.0561021
1.55822e-010	0.0566072
1.56138e-010	0.057116
1.56453e-010	0.0576287
1.56769e-010	0.0581451
1.57084e-010	0.0586653
1.574e-010	0.0591893
1.57715e-010	0.0597172
1.5803e-010	0.060249
1.58346e-010	0.0607846
1.58661e-010	0.0613242
1.58977e-010	0.0618677
1.59292e-010	0.0624151
1.59608e-010	0.0629665
1.59923e-010	0.0635219
1.60238e-010	0.0640812
1.60554e-010	0.0646446
1.60869e-010	0.0652121
1.61185e-010	0.0657836
1.615e-010	0.0663592
1.61816e-010	0.0669388
1.62131e-010	0.0675227
1.62446e-010	0.0681106
1.62762e-010	0.0687027
1.63077e-010	0.069299
1.63393e-010	0.0698995
1.63708e-010	0.0705042
1.64024e-010	0.0711131
1.64339e-010	0.0717263
1.64654e-010	0.0723438
1.6497e-010	0.0729656
1.65285e-010	0.0735917
1.65601e-010	0.0742221
1.65916e-010	0.0748569
1.66232e-010	0.075496
1.66547e-010	0.0761396
1.66862e-010	0.0767875
1.67178e-010	0.0774399
1.67493e-010	0.0780968
1.67809e-010	0.0787581
1.68124e-010	0.0794239
1.6844e-010	0.0800942
1.68755e-010	0.0807691
1.6907e-010	0.0814485
1.69386e-010	0.0821324
1.69701e-010	0.082821
1.70017e-010	0.0835142
1.70332e-010	0.0842119
1.70648e-010	0.0849144
1.70963e-010	0.0856215
1.71278e-010	0.0863332
1.71594e-010	0.0870497
1.71909e-010	0.0877709
1.72225e-010	0.0884968
1.7254e-010	0.0892275
1.72856e-010	0.089963
1.73171e-010	0.0907033
1.73486e-010	0.0914483
1.73802e-010	0.0921983
1.74117e-010	0.092953
1.74433e-010	0.0937127
1.74748e-010	0.0944772
1.75064e-010	0.0952466
1.75379e-010	0.0960209
1.75694e-010	0.0968002
1.7601e-010	0.0975845
1.76325e-010	0.0983737
1.76641e-010	0.099168
1.76956e-010	0.0999672
1.77272e-010	0.100772
1.77587e-010	0.101581
1.77902e-010	0.102395
1.78218e-010	0.103215
1.78533e-010	0.104039
1.78849e-010	0.104869
1.79164e-010	0.105704
1.7948e-010	0.106544
1.79795e-010	0.107389
1.80111e-010	0.10824
1.80426e-010	0.109095
1.80741e-010	0.109956
1.81057e-010	0.110822
1.81372e-010	0.111693
1.81688e-010	0.11257
1.82003e-010	0.113452
1.82319e-010	0.114339
1.82634e-010	0.115232
1.82949e-010	0.11613
1.83265e-010	0.117033
1.8358e-010	0.117942
1.83896e-010	0.118856
1.84211e-010	0.119775
1.84527e-010	0.1207
1.84842e-010	0.12163
1.85157e-010	0.122566
1.85473e-010	0.123507
1.85788e-010	0.124454
1.86104e-010	0.125406
1.86419e-010	0.126364
1.86735e-010	0.127327
1.8705e-010	0.128296
1.87365e-010	0.129271
1.87681e-010	0.130251
1.87996e-010	0.131236
1.88312e-010	0.132227
1.88627e-010	0.133224
1.88943e-010	0.134227
1.89258e-010	0.135235
1.89573e-010	0.136249
1.89889e-010	0.137268
1.90204e-010	0.138293
1.9052e-010	0.139324
1.90835e-010	0.140361
1.91151e-010	0.141403
1.91466e-010	0.142451
1.91781e-010	0.143505
1.92097e-010	0.144565
1.92412e-010	0.14563
1.92728e-010	0.146701
1.93043e-010	0.147779
1.93359e-010	0.148861
1.93674e-010	0.14995
1.93989e-010	0.151045
1.94305e-010	0.152145
1.9462e-010	0.153251
1.94936e-010	0.154364
1.95251e-010	0.155482
1.95567e-010	0.156606
1.95882e-010	0.157736
1.96197e-010	0.158872
1.96513e-010	0.160013
1.96828e-010	0.161161
1.97144e-010	0.162315
1.97459e-010	0.163475
1.97775e-010	0.16464
1.9809e-010	0.165812
1.98405e-010	0.16699
1.98721e-010	0.168174
1.99036e-010	0.169363
1.99352e-010	0.170559
1.99667e-010	0.171761
1.99983e-010	0.172969
2.00298e-010	0.174183
2.00613e-010	0.175403
2.00929e-010	0.176629
2.01244e-010	0.177861
2.0156e-010	0.179099
2.01875e-010	0.180344
2.02191e-010	0.181594
2.02506e-010	0.182851
2.02821e-010	0.184114
2.03137e-010	0.185382
2.03452e-010	0.186657
2.03768e-010	0.187939
2.04083e-010	0.189226
2.04399e-010	0.190519
2.04714e-010	0.191819
2.05029e-010	0.193125
2.05345e-010	0.194437
2.0566e-010	0.195755
2.05976e-010	0.197079
2.06291e-010	0.19841
2.06607e-010	0.199746
2.06922e-010	0.201089
2.07237e-010	0.202438
2.07553e-010	0.203794
2.07868e-010	0.205155
2.08184e-010	0.206523
2.08499e-010	0.207897
2.08815e-010	0.209277
2.0913e-010	0.210663
2.09445e-010	0.212056
2.09761e-010	0.213455
2.10076e-010	0.21486
2.10392e-010	0.216271
2.10707e-010	0.217689
2.11023e-010	0.219112
2.11338e-010	0.220542
2.11654e-010	0.221978
2.11969e-010	0.223421
2.12284e-010	0.22487
2.126e-010	0.226324
2.12915e-010	0.227786
2.13231e-010	0.229253
2.13546e-010	0.230727
2.13862e-010	0.232206
2.14177e-010	0.233692
2.14492e-010	0.235185
2.14808e-010	0.236683
2.15123e-010	0.238188
2.15439e-010	0.239699
2.15754e-010	0.241216
2.1607e-010	0.242739
2.16385e-010	0.244269
2.167e-010	0.245805
2.17016e-010	0.247347
2.17331e-010	0.248895
2.17647e-010	0.250449
2.17962e-010	0.25201
2.18278e-010	0.253576
2.18593e-010	0.255149
2.18908e-010	0.256728
2.19224e-010	0.258314
2.19539e-010	0.259905
2.19855e-010	0.261503
2.2017e-010	0.263106
2.20486e-010	0.264716
2.20801e-010	0.266332
2.21116e-010	0.267954
2.21432e-010	0.269583
2.21747e-010	0.271217
2.22063e-010	0.272857
2.22378e-010	0.274504
2.22694e-010	0.276156
2.23009e-010	0.277815
2.23324e-010	0.27948
2.2364e-010	0.28115
2.23955e-010	0.282827
2.24271e-010	0.28451
2.24586e-010	0.286199
2.24902e-010	0.287894
2.25217e-010	0.289595
2.25532e-010	0.291301
2.25848e-010	0.293014
2.26163e-010	0.294733
2.26479e-010	0.296458
2.26794e-010	0.298188
2.2711e-010	0.299925
2.27425e-010	0.301667
2.2774e-010	0.303415
2.28056e-010	0.30517
2.28371e-010	0.30693
2.28687e-010	0.308696
2.29002e-010	0.310467
2.29318e-010	0.312245
2.29633e-010	0.314028
2.29948e-010	0.315817
2.30264e-010	0.317612
2.30579e-010	0.319412
2.30895e-010	0.321219
2.3121e-010	0.323031
2.31526e-010	0.324848
2.31841e-010	0.326672
2.32156e-010	0.328501
2.32472e-010	0.330335
2.32787e-010	0.332176
2.33103e-010	0.334021
2.33418e-010	0.335873
2.33734e-010	0.33773
2.34049e-010	0.339592
2.34364e-010	0.34146
2.3468e-010	0.343333
2.34995e-010	0.345212
2.35311e-010	0.347097
2.35626e-010	0.348986
2.35942e-010	0.350881
2.36257e-010	0.352782
2.36572e-010	0.354688
2.36888e-010	0.356599
2.37203e-010	0.358515
2.37519e-010	0.360437
2.37834e-010	0.362364
2.3815e-010	0.364296
2.38465e-010	0.366233
2.3878e-010	0.368176
2.39096e-010	0.370123
2.39411e-010	0.372076
2.39727e-010	0.374034
2.40042e-010	0.375997
2.40358e-010	0.377965
2.40673e-010	0.379938
2.40988e-010	0.381915
2.41304e-010	0.383898
2.41619e-010	0.385886
2.41935e-010	0.387878
2.4225e-010	0.389876
2.42566e-010	0.391878
2.42881e-010	0.393885
2.43197e-010	0.395897
2.43512e-010	0.397913
2.43827e-010	0.399934
2.44143e-010	0.40196
2.44458e-010	0.40399
2.44774e-010	0.406025
2.45089e-010	0.408065
2.45405e-010	0.410109
2.4572e-010	0.412158
2.46035e-010	0.414211
2.46351e-010	0.416268
2.46666e-010	0.41833
2.46982e-010	0.420396
2.47297e-010	0.422466
2.47613e-010	0.424541
2.47928e-010	0.42662
2.48243e-010	0.428703
2.48559e-010	0.43079
2.48874e-010	0.432882
2.4919e-010	0.434977
2.49505e-010	0.437077
2.49821e-010	0.43918
2.50136e-010	0.441288
2.50451e-010	0.443399
2.50767e-010	0.445514
2.51082e-010	0.447633
2.51398e-010	0.449756
2.51713e-010	0.451883
2.52029e-010	0.454013
2.52344e-010	0.456147
2.52659e-010	0.458285
2.52975e-010	0.460426
2.5329e-010	0.462571
2.53606e-010	0.464719
2.53921e-010	0.466871
2.54237e-010	0.469026
2.54552e-010	0.471185
2.54867e-010	0.473347
2.55183e-010	0.475512
2.55498e-010	0.47768
2.55814e-010	0.479852
2.56129e-010	0.482027
2.56445e-010	0.484204
2.5676e-010	0.486385
2.57075e-010	0.488569
2.57391e-010	0.490756
2.57706e-010	0.492946
2.58022e-010	0.495138
2.58337e-010	0.497333
2.58653e-010	0.499532
2.58968e-010	0.501732
2.59283e-010	0.503936
2.59599e-010	0.506142
2.59914e-010	0.508351
2.6023e-010	0.510562
2.60545e-010	0.512775
2.60861e-010	0.514991
2.61176e-010	0.51721
2.61491e-010	0.519431
2.61807e-010	0.521653
2.62122e-010	0.523879
2.62438e-010	0.526106
2.62753e-010	0.528335
2.63069e-010	0.530567
2.63384e-010	0.5328
2.63699e-010	0.535035
2.64015e-010	0.537272
2.6433e-010	0.539511
2.64646e-010	0.541752
2.64961e-010	0.543995
2.65277e-010	0.546239
2.65592e-010	0.548485
2.65907e-010	0.550732
2.66223e-010	0.552981
2.66538e-010	0.555231
2.66854e-010	0.557482
2.67169e-010	0.559735
2.67485e-010	0.561989
2.678e-010	0.564245
2.68115e-010	0.566501
2.68431e-010	0.568759
2.68746e-010	0.571017
2.69062e-010	0.573277
2.69377e-010	0.575537
2.69693e-010	0.577798
2.70008e-010	0.58006
2.70323e-010	0.582323
2.70639e-010	0.584587
2.70954e-010	0.586851
2.7127e-010	0.589115
2.71585e-010	0.59138
2.71901e-010	0.593646
2.72216e-010	0.595912
2.72531e-010	0.598178
2.72847e-010	0.600444
2.73162e-010	0.60271
2.73478e-010	0.604977
2.73793e-010	0.607244
2.74109e-010	0.60951
2.74424e-010	0.611777
2.74739e-010	0.614043
2.75055e-010	0.61631
2.7537e-010	0.618576
2.75686e-010	0.620841
2.76001e-010	0.623106
2.76317e-010	0.625371
2.76632e-010	0.627635
2.76948e-010	0.629899
2.77263e-010	0.632162
2.77578e-010	0.634424
2.77894e-010	0.636685
2.78209e-010	0.638946
2.78525e-010	0.641205
2.7884e-010	0.643464
2.79156e-010	0.645722
2.79471e-010	0.647978
2.79786e-010	0.650233
2.80102e-010	0.652487
2.80417e-010	0.65474
2.80733e-010	0.656991
2.81048e-010	0.659241
2.81364e-010	0.661489
2.81679e-010	0.663736
2.81994e-010	0.665981
2.8231e-010	0.668224
2.82625e-010	0.670465
2.82941e-010	0.672705
2.83256e-010	0.674942
2.83572e-010	0.677178
2.83887e-010	0.679411
2.84202e-010	0.681643
2.84518e-010	0.683872
2.84833e-010	0.686099
2.85149e-010	0.688323
2.85464e-010	0.690545
2.8578e-010	0.692765
2.86095e-010	0.694982
2.8641e-010	0.697196
2.86726e-010	0.699407
2.87041e-010	0.701616
2.87357e-010	0.703822
2.87672e-010	0.706025
2.87988e-010	0.708225
2.88303e-010	0.710422
2.88618e-010	0.712616
2.88934e-010	0.714807
2.89249e-010	0.716994
2.89565e-010	0.719178
2.8988e-010	0.721359
2.90196e-010	0.723536
2.90511e-010	0.725709
2.90826e-010	0.727879
2.91142e-010	0.730045
2.91457e-010	0.732208
2.91773e-010	0.734366
2.92088e-010	0.736521
2.92404e-010	0.738671
2.92719e-010	0.740818
2.93034e-010	0.74296
2.9335e-010	0.745098
2.93665e-010	0.747232
2.93981e-010	0.749362
2.94296e-010	0.751487
2.94612e-010	0.753608
2.94927e-010	0.755724
2.95242e-010	0.757835
2.95558e-010	0.759942
2.95873e-010	0.762044
2.96189e-010	0.764141
2.96504e-010	0.766233
2.9682e-010	0.76832
2.97135e-010	0.770402
2.9745e-010	0.772479
2.97766e-010	0.774551
2.98081e-010	0.776617
2.98397e-010	0.778678
2.98712e-010	0.780734
2.99028e-010	0.782784
2.99343e-010	0.784829
2.99658e-010	0.786867
2.99974e-010	0.788901
3.00289e-010	0.790928
3.00605e-010	0.792949
3.0092e-010	0.794965
3.01236e-010	0.796975
3.01551e-010	0.798978
3.01866e-010	0.800975
3.02182e-010	0.802966
3.02497e-010	0.804951
3.02813e-010	0.80693
3.03128e-010	0.808902
3.03444e-010	0.810867
3.03759e-010	0.812826
3.04074e-010	0.814778
3.0439e-010	0.816724
3.04705e-010	0.818663
3.05021e-010	0.820595
3.05336e-010	0.82252
3.05652e-010	0.824438
3.05967e-010	0.826349
3.06282e-010	0.828252
3.06598e-010	0.830149
3.06913e-010	0.832038
3.07229e-010	0.83392
3.07544e-010	0.835795
3.0786e-010	0.837662
3.08175e-010	0.839521
3.08491e-010	0.841373
3.08806e-010	0.843217
3.09121e-010	0.845054
3.09437e-010	0.846882
3.09752e-010	0.848703
3.10068e-010	0.850516
3.10383e-010	0.85232
3.10699e-010	0.854117
3.11014e-010	0.855906
3.11329e-010	0.857686
3.11645e-010	0.859458
3.1196e-010	0.861221
3.12276e-010	0.862976
3.12591e-010	0.864723
3.12907e-010	0.866461
3.13222e-010	0.86819
3.13537e-010	0.869911
3.13853e-010	0.871623
3.14168e-010	0.873326
3.14484e-010	0.87502
3.14799e-010	0.876706
3.15115e-010	0.878382
3.1543e-010	0.880049
3.15745e-010	0.881707
3.16061e-010	0.883356
3.16376e-010	0.884995
3.16692e-010	0.886625
3.17007e-010	0.888246
3.17323e-010	0.889858
3.17638e-010	0.891459
3.17953e-010	0.893052
3.18269e-010	0.894634
3.18584e-010	0.896207
3.189e-010	0.89777
3.19215e-010	0.899323
3.19531e-010	0.900867
3.19846e-010	0.9024
3.20161e-010	0.903923
3.20477e-010	0.905437
3.20792e-010	0.90694
3.21108e-010	0.908433
3.21423e-010	0.909915
3.21739e-010	0.911388
3.22054e-010	0.91285
3.22369e-010	0.914301
3.22685e-010	0.915743
3.23e-010	0.917173
3.23316e-010	0.918593
3.23631e-010	0.920002
3.23947e-010	0.921401
3.24262e-010	0.922789
3.24577e-010	0.924166
3.24893e-010	0.925532
3.25208e-010	0.926888
3.25524e-010	0.928232
3.25839e-010	0.929565
3.26155e-010	0.930887
3.2647e-010	0.932198
3.26785e-010	0.933498
3.27101e-010	0.934787
3.27416e-010	0.936064
3.27732e-010	0.93733
3.28047e-010	0.938585
3.28363e-010	0.939828
3.28678e-010	0.941059
3.28993e-010	0.942279
3.29309e-010	0.943488
3.29624e-010	0.944685
3.2994e-010	0.94587
3.30255e-010	0.947043
3.30571e-010	0.948205
3.30886e-010	0.949355
3.31201e-010	0.950493
3.31517e-010	0.951618
3.31832e-010	0.952732
3.32148e-010	0.953834
3.32463e-010	0.954924
3.32779e-010	0.956002
3.33094e-010	0.957068
3.33409e-010	0.958121
3.33725e-010	0.959163
3.3404e-010	0.960192
3.34356e-010	0.961208
3.34671e-010	0.962212
3.34987e-010	0.963204
3.35302e-010	0.964184
3.35617e-010	0.965151
3.35933e-010	0.966105
3.36248e-010	0.967047
3.36564e-010	0.967976
3.36879e-010	0.968893
3.37195e-010	0.969797
3.3751e-010	0.970688
3.37825e-010	0.971566
3.38141e-010	0.972432
3.38456e-010	0.973285
3.38772e-010	0.974125
3.39087e-010	0.974952
3.39403e-010	0.975766
3.39718e-010	0.976568
3.40034e-010	0.977356
3.40349e-010	0.978131
3.40664e-010	0.978893
3.4098e-010	0.979642
3.41295e-010	0.980378
3.41611e-010	0.981101
3.41926e-010	0.981811
3.42242e-010	0.982507
3.42557e-010	0.98319
3.42872e-010	0.98386
3.43188e-010	0.984517
3.43503e-010	0.98516
3.43819e-010	0.98579
3.44134e-010	0.986407
3.4445e-010	0.98701
3.44765e-010	0.9876
3.4508e-010	0.988176
3.45396e-010	0.988739
3.45711e-010	0.989288
3.46027e-010	0.989824
3.46342e-010	0.990346
3.46658e-010	0.990855
3.46973e-010	0.99135
3.47288e-010	0.991832
3.47604e-010	0.9923
3.47919e-010	0.992754
3.48235e-010	0.993195
3.4855e-010	0.993621
3.48866e-010	0.994035
3.49181e-010	0.994434
3.49496e-010	0.99482
3.49812e-010	0.995192
3.50127e-010	0.99555
3.50443e-010	0.995895
3.50758e-010	0.996225
3.51074e-010	0.996542
3.51389e-010	0.996845
3.51704e-010	0.997135
3.5202e-010	0.99741
3.52335e-010	0.997671
3.52651e-010	0.997919
3.52966e-010	0.998153
3.53282e-010	0.998373
3.53597e-010	0.998579
3.53912e-010	0.998771
3.54228e-010	0.998949
3.54543e-010	0.999113
3.54859e-010	0.999264
3.55174e-010	0.9994
3.5549e-010	0.999522
3.55805e-010	0.999631
3.5612e-010	0.999725
3.56436e-010	0.999806
3.56751e-010	0.999873
3.57067e-010	0.999925
3.57382e-010	0.999964
3.57698e-010	0.999989
3.58013e-010	0.999999
3.58328e-010	0.999996
3.58644e-010	0.999979
3.58959e-010	0.999948
3.59275e-010	0.999903
3.5959e-010	0.999844
3.59906e-010	0.999771
3.60221e-010	0.999684
3.60536e-010	0.999583
3.60852e-010	0.999468
3.61167e-010	0.999339
3.61483e-010	0.999197
3.61798e-010	0.99904
3.62114e-010	0.998869
3.62429e-010	0.998685
3.62744e-010	0.998486
3.6306e-010	0.998274
3.63375e-010	0.998048
3.63691e-010	0.997808
3.64006e-010	0.997554
3.64322e-010	0.997286
3.64637e-010	0.997004
3.64952e-010	0.996709
3.65268e-010	0.996399
3.65583e-010	0.996076
3.65899e-010	0.995739
3.66214e-010	0.995388
3.6653e-010	0.995024
3.66845e-010	0.994645
3.6716e-010	0.994253
3.67476e-010	0.993847
3.67791e-010	0.993428
3.68107e-010	0.992995
3.68422e-010	0.992548
3.68738e-010	0.992087
3.69053e-010	0.991613
3.69368e-010	0.991126
3.69684e-010	0.990624
3.69999e-010	0.990109
3.70315e-010	0.989581
3.7063e-010	0.989039
3.70946e-010	0.988483
3.71261e-010	0.987914
3.71576e-010	0.987332
3.71892e-010	0.986736
3.72207e-010	0.986127
3.72523e-010	0.985504
3.72838e-010	0.984868
3.73154e-010	0.984218
3.73469e-010	0.983556
3.73785e-010	0.98288
3.741e-010	0.98219
3.74415e-010	0.981488
3.74731e-010	0.980772
3.75046e-010	0.980044
3.75362e-010	0.979302
3.75677e-010	0.978547
3.75993e-010	0.977778
3.76308e-010	0.976997
3.76623e-010	0.976203
3.76939e-010	0.975396
3.77254e-010	0.974576
3.7757e-010	0.973743
3.77885e-010	0.972897
3.78201e-010	0.972038
3.78516e-010	0.971166
3.78831e-010	0.970282
3.79147e-010	0.969385
3.79462e-010	0.968475
3.79778e-010	0.967553
3.80093e-010	0.966618
3.80409e-010	0.96567
3.80724e-010	0.96471
3.81039e-010	0.963738
3.81355e-010	0.962752
3.8167e-010	0.961755
3.81986e-010	0.960745
3.82301e-010	0.959723
3.82617e-010	0.958688
3.82932e-010	0.957641
3.83247e-010	0.956582
3.83563e-010	0.955511
3.83878e-010	0.954428
3.84194e-010	0.953332
3.84509e-010	0.952225
3.84825e-010	0.951105
3.8514e-010	0.949974
3.85455e-010	0.94883
3.85771e-010	0.947675
3.86086e-010	0.946508
3.86402e-010	0.945329
3.86717e-010	0.944139
3.87033e-010	0.942937
3.87348e-010	0.941723
3.87663e-010	0.940498
3.87979e-010	0.939261
3.88294e-010	0.938012
3.8861e-010	0.936753
3.88925e-010	0.935481
3.89241e-010	0.934199
3.89556e-010	0.932905
3.89871e-010	0.9316
3.90187e-010	0.930284
3.90502e-010	0.928957
3.90818e-010	0.927619
3.91133e-010	0.926269
3.91449e-010	0.924909
3.91764e-010	0.923538
3.92079e-010	0.922156
3.92395e-010	0.920763
3.9271e-010	0.91936
3.93026e-010	0.917945
3.93341e-010	0.91652
3.93657e-010	0.915085
3.93972e-010	0.913639
3.94287e-010	0.912183
3.94603e-010	0.910716
3.94918e-010	0.909239
3.95234e-010	0.907751
3.95549e-010	0.906254
3.95865e-010	0.904746
3.9618e-010	0.903228
3.96495e-010	0.9017
3.96811e-010	0.900162
3.97126e-010	0.898614
3.97442e-010	0.897057
3.97757e-010	0.895489
3.98073e-010	0.893912
3.98388e-010	0.892325
3.98703e-010	0.890728
3.99019e-010	0.889122
3.99334e-010	0.887506
3.9965e-010	0.885881
3.99965e-010	0.884247
4.00281e-010	0.882603
4.00596e-010	0.88095
4.00911e-010	0.879288
4.01227e-010	0.877617
4.01542e-010	0.875936
4.01858e-010	0.874247
4.02173e-010	0.872549
4.02489e-010	0.870841
4.02804e-010	0.869125
4.03119e-010	0.867401
4.03435e-010	0.865667
4.0375e-010	0.863925
4.04066e-010	0.862175
4.04381e-010	0.860416
4.04697e-010	0.858649
4.05012e-010	0.856873
4.05328e-010	0.855089
4.05643e-010	0.853297
4.05958e-010	0.851496
4.06274e-010	0.849688
4.06589e-010	0.847872
4.06905e-010	0.846047
4.0722e-010	0.844215
4.07536e-010	0.842375
4.07851e-010	0.840527
4.08166e-010	0.838672
4.08482e-010	0.836809
4.08797e-010	0.834939
4.09113e-010	0.833061
4.09428e-010	0.831175
4.09744e-010	0.829283
4.10059e-010	0.827383
4.10374e-010	0.825476
4.1069e-010	0.823562
4.11005e-010	0.82164
4.11321e-010	0.819712
4.11636e-010	0.817777
4.11952e-010	0.815835
4.12267e-010	0.813887
4.12582e-010	0.811931
4.12898e-010	0.809969
4.13213e-010	0.808001
4.13529e-010	0.806026
4.13844e-010	0.804045
4.1416e-010	0.802057
4.14475e-010	0.800063
4.1479e-010	0.798063
4.15106e-010	0.796057
4.15421e-010	0.794044
4.15737e-010	0.792026
4.16052e-010	0.790002
4.16368e-010	0.787972
4.16683e-010	0.785936
4.16998e-010	0.783895
4.17314e-010	0.781847
4.17629e-010	0.779795
4.17945e-010	0.777737
4.1826e-010	0.775673
4.18576e-010	0.773604
4.18891e-010	0.77153
4.19206e-010	0.769451
4.19522e-010	0.767367
4.19837e-010	0.765277
4.20153e-010	0.763183
4.20468e-010	0.761084
4.20784e-010	0.758979
4.21099e-010	0.756871
4.21414e-010	0.754757
4.2173e-010	0.752639
4.22045e-010	0.750516
4.22361e-010	0.748389
4.22676e-010	0.746257
4.22992e-010	0.744121
4.23307e-010	0.741981
4.23622e-010	0.739837
4.23938e-010	0.737689
4.24253e-010	0.735536
4.24569e-010	0.73338
4.24884e-010	0.731219
4.252e-010	0.729055
4.25515e-010	0.726887
4.2583e-010	0.724716
4.26146e-010	0.722541
4.26461e-010	0.720362
4.26777e-010	0.71818
4.27092e-010	0.715994
4.27408e-010	0.713806
4.27723e-010	0.711614
4.28038e-010	0.709418
4.28354e-010	0.70722
4.28669e-010	0.705018
4.28985e-010	0.702814
4.293e-010	0.700607
4.29616e-010	0.698397
4.29931e-010	0.696184
4.30246e-010	0.693968
4.30562e-010	0.69175
4.30877e-010	0.68953
4.31193e-010	0.687306
4.31508e-010	0.685081
4.31824e-010	0.682853
4.32139e-010	0.680623
4.32454e-010	0.678391
4.3277e-010	0.676156
4.33085e-010	0.67392
4.33401e-010	0.671681
4.33716e-010	0.669441
4.34032e-010	0.667199
4.34347e-010	0.664955
4.34662e-010	0.662709
4.34978e-010	0.660461
4.35293e-010	0.658213
4.35609e-010	0.655962
4.35924e-010	0.65371
4.3624e-010	0.651457
4.36555e-010	0.649202
4.3687e-010	0.646947
4.37186e-010	0.64469
4.37501e-010	0.642432
4.37817e-010	0.640173
4.38132e-010	0.637913
4.38448e-010	0.635652
4.38763e-010	0.63339
4.39079e-010	0.631127
4.39394e-010	0.628864
4.39709e-010	0.6266
4.40025e-010	0.624336
4.4034e-010	0.622071
4.40656e-010	0.619805
4.40971e-010	0.61754
4.41287e-010	0.615274
4.41602e-010	0.613007
4.41917e-010	0.610741
4.42233e-010	0.608474
4.42548e-010	0.606208
4.42864e-010	0.603941
4.43179e-010	0.601674
4.43495e-010	0.599408
4.4381e-010	0.597142
4.44125e-010	0.594876
4.44441e-010	0.59261
4.44756e-010	0.590345
4.45072e-010	0.58808
4.45387e-010	0.585815
4.45703e-010	0.583552
4.46018e-010	0.581289
4.46333e-010	0.579026
4.46649e-010	0.576764
4.46964e-010	0.574504
4.4728e-010	0.572244
4.47595e-010	0.569984
4.47911e-010	0.567726
4.48226e-010	0.565469
4.48541e-010	0.563213
4.48857e-010	0.560959
4.49172e-010	0.558705
4.49488e-010	0.556453
4.49803e-010	0.554202
4.50119e-010	0.551952
4.50434e-010	0.549704
4.50749e-010	0.547458
4.51065e-010	0.545213
4.5138e-010	0.542969
4.51696e-010	0.540728
4.52011e-010	0.538488
4.52327e-010	0.536249
4.52642e-010	0.534013
4.52957e-010	0.531779
4.53273e-010	0.529546
4.53588e-010	0.527316
4.53904e-010	0.525087
4.54219e-010	0.522861
4.54535e-010	0.520637
4.5485e-010	0.518415
4.55165e-010	0.516195
4.55481e-010	0.513978
4.55796e-010	0.511763
4.56112e-010	0.509551
4.56427e-010	0.507341
4.56743e-010	0.505133
4.57058e-010	0.502928
4.57373e-010	0.500726
4.57689e-010	0.498526
4.58004e-010	0.496329
4.5832e-010	0.494135
4.58635e-010	0.491944
4.58951e-010	0.489756
4.59266e-010	0.48757
4.59581e-010	0.485388
4.59897e-010	0.483208
4.60212e-010	0.481032
4.60528e-010	0.478859
4.60843e-010	0.476689
4.61159e-010	0.474522
4.61474e-010	0.472358
4.61789e-010	0.470198
4.62105e-010	0.468041
4.6242e-010	0.465887
4.62736e-010	0.463737
4.63051e-010	0.46159
4.63367e-010	0.459447
4.63682e-010	0.457307
4.63997e-010	0.455171
4.64313e-010	0.453039
4.64628e-010	0.45091
4.64944e-010	0.448785
4.65259e-010	0.446664
4.65575e-010	0.444547
4.6589e-010	0.442433
4.66205e-010	0.440324
4.66521e-010	0.438218
4.66836e-010	0.436116
4.67152e-010	0.434019
4.67467e-010	0.431925
4.67783e-010	0.429835
4.68098e-010	0.42775
4.68413e-010	0.425669
4.68729e-010	0.423592
4.69044e-010	0.421519
4.6936e-010	0.419451
4.69675e-010	0.417387
4.69991e-010	0.415327
4.70306e-010	0.413271
4.70622e-010	0.41122
4.70937e-010	0.409174
4.71252e-010	0.407132
4.71568e-010	0.405095
4.71883e-010	0.403062
4.72199e-010	0.401033
4.72514e-010	0.39901
4.7283e-010	0.396991
4.73145e-010	0.394976
4.7346e-010	0.392967
4.73776e-010	0.390962
4.74091e-010	0.388962
4.74407e-010	0.386967
4.74722e-010	0.384976
4.75038e-010	0.382991
4.75353e-010	0.381011
4.75668e-010	0.379035
4.75984e-010	0.377064
4.76299e-010	0.375099
4.76615e-010	0.373138
4.7693e-010	0.371183
4.77246e-010	0.369232
4.77561e-010	0.367287
4.77876e-010	0.365347
4.78192e-010	0.363412
4.78507e-010	0.361482
4.78823e-010	0.359558
4.79138e-010	0.357638
4.79454e-010	0.355724
4.79769e-010	0.353816
4.80084e-010	0.351912
4.804e-010	0.350014
4.80715e-010	0.348122
4.81031e-010	0.346234
4.81346e-010	0.344353
4.81662e-010	0.342476
4.81977e-010	0.340605
4.82292e-010	0.33874
4.82608e-010	0.33688
4.82923e-010	0.335026
4.83239e-010	0.333177
4.83554e-010	0.331334
4.8387e-010	0.329496
4.84185e-010	0.327664
4.845e-010	0.325837
4.84816e-010	0.324017
4.85131e-010	0.322202
4.85447e-010	0.320392
4.85762e-010	0.318589
4.86078e-010	0.316791
4.86393e-010	0.314998
4.86708e-010	0.313212
4.87024e-010	0.311431
4.87339e-010	0.309657
4.87655e-010	0.307888
4.8797e-010	0.306124
4.88286e-010	0.304367
4.88601e-010	0.302615
4.88916e-010	0.30087
4.89232e-010	0.29913
4.89547e-010	0.297396
4.89863e-010	0.295668
4.90178e-010	0.293946
4.90494e-010	0.29223
4.90809e-010	0.29052
4.91124e-010	0.288816
4.9144e-010	0.287118
4.91755e-010	0.285426
4.92071e-010	0.28374
4.92386e-010	0.28206
4.92702e-010	0.280386
4.93017e-010	0.278718
4.93332e-010	0.277056
4.93648e-010	0.2754
4.93963e-010	0.27375
4.94279e-010	0.272107
4.94594e-010	0.270469
4.9491e-010	0.268837
4.95225e-010	0.267212
4.9554e-010	0.265593
4.95856e-010	0.26398
4.96171e-010	0.262372
4.96487e-010	0.260772
4.96802e-010	0.259177
4.97118e-010	0.257588
4.97433e-010	0.256006
4.97748e-010	0.25443
4.98064e-010	0.252859
4.98379e-010	0.251296
4.98695e-010	0.249738
4.9901e-010	0.248186
4.99326e-010	0.246641
4.99641e-010	0.245102
4.99956e-010	0.243569
5.00272e-010	0.242042
5.00587e-010	0.240522
5.00903e-010	0.239007
5.01218e-010	0.237499
5.01534e-010	0.235997
5.01849e-010	0.234502
5.02165e-010	0.233012
5.0248e-010	0.231529
5.02795e-010	0.230052
5.03111e-010	0.228581
5.03426e-010	0.227117
5.03742e-010	0.225659
5.04057e-010	0.224206
5.04373e-010	0.222761
5.04688e-010	0.221321
5.05003e-010	0.219888
5.05319e-010	0.218461
5.05634e-010	0.21704
5.0595e-010	0.215625
5.06265e-010	0.214217
5.06581e-010	0.212814
5.06896e-010	0.211418
5.07211e-010	0.210029
5.07527e-010	0.208645
5.07842e-010	0.207268
5.08158e-010	0.205897
5.08473e-010	0.204532
5.08789e-010	0.203173
5.09104e-010	0.201821
5.09419e-010	0.200475
5.09735e-010	0.199134
5.1005e-010	0.197801
5.10366e-010	0.196473
5.10681e-010	0.195151
5.10997e-010	0.193836
5.11312e-010	0.192527
5.11627e-010	0.191224
5.11943e-010	0.189927
5.12258e-010	0.188637
5.12574e-010	0.187352
5.12889e-010	0.186074
5.13205e-010	0.184802
5.1352e-010	0.183536
5.13835e-010	0.182276
5.14151e-010	0.181022
5.14466e-010	0.179774
5.14782e-010	0.178532
5.15097e-010	0.177297
5.15413e-010	0.176068
5.15728e-010	0.174844
5.16043e-010	0.173627
5.16359e-010	0.172416
5.16674e-010	0.171211
5.1699e-010	0.170012
5.17305e-010	0.168819
5.17621e-010	0.167632
5.17936e-010	0.166451
5.18251e-010	0.165276
5.18567e-010	0.164107
5.18882e-010	0.162944
5.19198e-010	0.161787
5.19513e-010	0.160636
5.19829e-010	0.159491
5.20144e-010	0.158352
5.20459e-010	0.157218
5.20775e-010	0.156091
5.2109e-010	0.15497
5.21406e-010	0.153854
5.21721e-010	0.152745
5.22037e-010	0.151641
5.22352e-010	0.150544
5.22667e-010	0.149452
5.22983e-010	0.148366
5.23298e-010	0.147285
5.23614e-010	0.146211
5.23929e-010	0.145142
5.24245e-010	0.14408
5.2456e-010	0.143023
5.24875e-010	0.141971
5.25191e-010	0.140926
5.25506e-010	0.139886
5.25822e-010	0.138852
5.26137e-010	0.137824
5.26453e-010	0.136801
5.26768e-010	0.135784
5.27083e-010	0.134773
5.27399e-010	0.133768
5.27714e-010	0.132768
5.2803e-010	0.131774
5.28345e-010	0.130785
5.28661e-010	0.129802
5.28976e-010	0.128824
5.29291e-010	0.127853
5.29607e-010	0.126886
5.29922e-010	0.125925
5.30238e-010	0.12497
5.30553e-010	0.12402
5.30869e-010	0.123076
5.31184e-010	0.122138
5.31499e-010	0.121204
5.31815e-010	0.120276
5.3213e-010	0.119354
5.32446e-010	0.118437
5.32761e-010	0.117525
5.33077e-010	0.116619
5.33392e-010	0.115718
5.33707e-010	0.114823
5.34023e-010	0.113933
5.34338e-010	0.113048
5.34654e-010	0.112169
5.34969e-010	0.111294
5.35285e-010	0.110425
5.356e-010	0.109562
5.35916e-010	0.108703
5.36231e-010	0.10785
5.36546e-010	0.107002
5.36862e-010	0.106159
5.37177e-010	0.105322
5.37493e-010	0.104489
5.37808e-010	0.103662
5.38124e-010	0.102839
5.38439e-010	0.102022
5.38754e-010	0.10121
5.3907e-010	0.100403
5.39385e-010	0.0996012
5.39701e-010	0.0988043
5.40016e-010	0.0980123
5.40332e-010	0.0972254
5.40647e-010	0.0964434
5.40962e-010	0.0956663
5.41278e-010	0.0948942
5.41593e-010	0.0941271
5.41909e-010	0.0933648
5.42224e-010	0.0926074
5.4254e-010	0.0918548
5.42855e-010	0.0911071
5.4317e-010	0.0903642
5.43486e-010	0.0896262
5.43801e-010	0.0888929
5.44117e-010	0.0881644
5.44432e-010	0.0874406
5.44748e-010	0.0867216
5.45063e-010	0.0860073
5.45378e-010	0.0852976
5.45694e-010	0.0845927
5.46009e-010	0.0838924
5.46325e-010	0.0831967
5.4664e-010	0.0825056
5.46956e-010	0.0818192
5.47271e-010	0.0811373
5.47586e-010	0.08046
5.47902e-010	0.0797872
5.48217e-010	0.079119
5.48533e-010	0.0784552
5.48848e-010	0.0777959
5.49164e-010	0.0771411
5.49479e-010	0.0764908
5.49794e-010	0.0758448
5.5011e-010	0.0752033
5.50425e-010	0.0745661
5.50741e-010	0.0739333
5.51056e-010	0.0733049
5.51372e-010	0.0726808
5.51687e-010	0.072061
5.52002e-010	0.0714455
5.52318e-010	0.0708342
5.52633e-010	0.0702272
5.52949e-010	0.0696244
5.53264e-010	0.0690259
5.5358e-010	0.0684315
5.53895e-010	0.0678413
5.5421e-010	0.0672552
5.54526e-010	0.0666733
5.54841e-010	0.0660955
5.55157e-010	0.0655218
5.55472e-010	0.0649522
5.55788e-010	0.0643866
5.56103e-010	0.063825
5.56418e-010	0.0632675
5.56734e-010	0.0627139
5.57049e-010	0.0621643
5.57365e-010	0.0616187
5.5768e-010	0.061077
5.57996e-010	0.0605393
5.58311e-010	0.0600054
5.58626e-010	0.0594754
5.58942e-010	0.0589493
5.59257e-010	0.058427
5.59573e-010	0.0579085
5.59888e-010	0.0573938
5.60204e-010	0.0568829
5.60519e-010	0.0563758
5.60834e-010	0.0558724
5.6115e-010	0.0553727
5.61465e-010	0.0548768
5.61781e-010	0.0543845
5.62096e-010	0.0538959
5.62412e-010	0.0534109
5.62727e-010	0.0529295
5.63042e-010	0.0524518
5.63358e-010	0.0519776
5.63673e-010	0.051507
5.63989e-010	0.05104
5.64304e-010	0.0505764
5.6462e-010	0.0501164
5.64935e-010	0.0496599
5.6525e-010	0.0492069
5.65566e-010	0.0487573
5.65881e-010	0.0483111
5.66197e-010	0.0478683
5.66512e-010	0.047429
5.66828e-010	0.046993
5.67143e-010	0.0465604
5.67459e-010	0.0461311
5.67774e-010	0.0457051
5.68089e-010	0.0452825
5.68405e-010	0.0448631
5.6872e-010	0.044447
5.69036e-010	0.0440341
5.69351e-010	0.0436245
5.69667e-010	0.043218
5.69982e-010	0.0428148
5.70297e-010	0.0424147
5.70613e-010	0.0420178
5.70928e-010	0.041624
5.71244e-010	0.0412333
5.71559e-010	0.0408457
5.71875e-010	0.0404612
5.7219e-010	0.0400798
5.72505e-010	0.0397014
5.72821e-010	0.039326
5.73136e-010	0.0389536
5.73452e-010	0.0385842
5.73767e-010	0.0382178
5.74083e-010	0.0378543
5.74398e-010	0.0374938
5.74713e-010	0.0371362
5.75029e-010	0.0367814
5.75344e-010	0.0364296
5.7566e-010	0.0360806
5.75975e-010	0.0357345
5.76291e-010	0.0353912
5.76606e-010	0.0350507
5.76921e-010	0.034713
5.77237e-010	0.034378
5.77552e-010	0.0340458
5.77868e-010	0.0337164
5.78183e-010	0.0333897
5.78499e-010	0.0330657
5.78814e-010	0.0327443
5.79129e-010	0.0324257
5.79445e-010	0.0321097
5.7976e-010	0.0317963
5.80076e-010	0.0314855
5.80391e-010	0.0311774
5.80707e-010	0.0308718
5.81022e-010	0.0305688
5.81337e-010	0.0302684
5.81653e-010	0.0299705
5.81968e-010	0.0296751
5.82284e-010	0.0293822
5.82599e-010	0.0290918
5.82915e-010	0.0288038
5.8323e-010	0.0285183
5.83545e-010	0.0282353
5.83861e-010	0.0279546
5.84176e-010	0.0276764
5.84492e-010	0.0274006
5.84807e-010	0.0271271
5.85123e-010	0.026856
5.85438e-010	0.0265872
5.85753e-010	0.0263207
5.86069e-010	0.0260566
5.86384e-010	0.0257947
5.867e-010	0.0255351
5.87015e-010	0.0252778
5.87331e-010	0.0250227
5.87646e-010	0.0247698
5.87961e-010	0.0245192
5.88277e-010	0.0242708
5.88592e-010	0.0240245
5.88908e-010	0.0237804
5.89223e-010	0.0235384
5.89539e-010	0.0232986
5.89854e-010	0.0230609
5.90169e-010	0.0228254
5.90485e-010	0.0225919
5.908e-010	0.0223605
5.91116e-010	0.0221311
5.91431e-010	0.0219038
5.91747e-010	0.0216785
5.92062e-010	0.0214553
5.92377e-010	0.021234
5.92693e-010	0.0210147
5.93008e-010	0.0207974
5.93324e-010	0.0205821
5.93639e-010	0.0203687
5.93955e-010	0.0201573
5.9427e-010	0.0199477
5.94585e-010	0.0197401
5.94901e-010	0.0195343
5.95216e-010	0.0193304
5.95532e-010	0.0191284
5.95847e-010	0.0189283
5.96163e-010	0.0187299
5.96478e-010	0.0185334
5.96793e-010	0.0183387
5.97109e-010	0.0181458
5.97424e-010	0.0179546
5.9774e-010	0.0177653
5.98055e-010	0.0175776
5.98371e-010	0.0173918
5.98686e-010	0.0172076
5.99002e-010	0.0170252
5.99317e-010	0.0168444
5.99632e-010	0.0166653
5.99948e-010	0.016488
6.00263e-010	0.0163122
6.00579e-010	0.0161381
6.00894e-010	0.0159657
6.0121e-010	0.0157949
6.01525e-010	0.0156257
6.0184e-010	0.015458
6.02156e-010	0.015292
6.02471e-010	0.0151276
6.02787e-010	0.0149647
6.03102e-010	0.0148033
6.03418e-010	0.0146435
6.03733e-010	0.0144852
6.04048e-010	0.0143284
6.04364e-010	0.0141731
6.04679e-010	0.0140193
6.04995e-010	0.013867
6.0531e-010	0.0137161
6.05626e-010	0.0135667
6.05941e-010	0.0134188
6.06256e-010	0.0132722
6.06572e-010	0.0131271
6.06887e-010	0.0129834
6.07203e-010	0.0128411
6.07518e-010	0.0127001
6.07834e-010	0.0125606
6.08149e-010	0.0124224
6.08464e-010	0.0122855
6.0878e-010	0.01215
6.09095e-010	0.0120158
6.09411e-010	0.0118829
6.09726e-010	0.0117513
6.10042e-010	0.0116211
6.10357e-010	0.0114921
6.10672e-010	0.0113643
6.10988e-010	0.0112379
6.11303e-010	0.0111127
6.11619e-010	0.0109887
6.11934e-010	0.010866
6.1225e-010	0.0107445
6.12565e-010	0.0106242
6.1288e-010	0.0105051
6.13196e-010	0.0103871
6.13511e-010	0.0102704
6.13827e-010	0.0101549
6.14142e-010	0.0100405
6.14458e-010	0.0099272
6.14773e-010	0.00981509
6.15088e-010	0.00970411
6.15404e-010	0.00959425
6.15719e-010	0.0094855
6.16035e-010	0.00937786
6.1635e-010	0.0092713
6.16666e-010	0.00916583
6.16981e-010	0.00906143
6.17296e-010	0.0089581
6.17612e-010	0.00885582
6.17927e-010	0.00875458
6.18243e-010	0.00865438
6.18558e-010	0.00855521
6.18874e-010	0.00845706
6.19189e-010	0.00835992
6.19504e-010	0.00826378
6.1982e-010	0.00816862
6.20135e-010	0.00807446
6.20451e-010	0.00798126
6.20766e-010	0.00788903
6.21082e-010	0.00779776
6.21397e-010	0.00770744
6.21712e-010	0.00761805
6.22028e-010	0.0075296
6.22343e-010	0.00744207
6.22659e-010	0.00735546
6.22974e-010	0.00726975
6.2329e-010	0.00718494
6.23605e-010	0.00710102
6.2392e-010	0.00701799
6.24236e-010	0.00693582
6.24551e-010	0.00685453
6.24867e-010	0.00677409
6.25182e-010	0.0066945
6.25498e-010	0.00661575
6.25813e-010	0.00653784
6.26128e-010	0.00646076
6.26444e-010	0.0063845
6.26759e-010	0.00630905
6.27075e-010	0.0062344
6.2739e-010	0.00616055
6.27706e-010	0.00608749
6.28021e-010	0.00601521
6.28336e-010	0.00594371
6.28652e-010	0.00587298
6.28967e-010	0.005803
6.29283e-010	0.00573378
6.29598e-010	0.00566531
6.29914e-010	0.00559757
6.30229e-010	0.00553057
6.30544e-010	0.0054643
6.3086e-010	0.00539874
6.31175e-010	0.0053339
6.31491e-010	0.00526976
6.31806e-010	0.00520632
6.32122e-010	0.00514357
6.32437e-010	0.0050815
6.32753e-010	0.00502012
6.33068e-010	0.0049594
6.33383e-010	0.00489936
6.33699e-010	0.00483997
6.34014e-010	0.00478124
6.3433e-010	0.00472315
6.34645e-010	0.0046657
6.34961e-010	0.00460889
6.35276e-010	0.0045527
6.35591e-010	0.00449714
6.35907e-010	0.0044422
6.36222e-010	0.00438786
6.36538e-010	0.00433413
6.36853e-010	0.00428099
6.37169e-010	0.00422845
6.37484e-010	0.0041765
6.37799e-010	0.00412512
6.38115e-010	0.00407432
6.3843e-010	0.00402409
6.38746e-010	0.00397443
6.39061e-010	0.00392532
6.39377e-010	0.00387676
6.39692e-010	0.00382876
6.40007e-010	0.00378129
6.40323e-010	0.00373436
6.40638e-010	0.00368796
6.40954e-010	0.00364209
6.41269e-010	0.00359673
6.41585e-010	0.00355189
6.419e-010	0.00350757
6.42215e-010	0.00346374
6.42531e-010	0.00342042
6.42846e-010	0.00337759
6.43162e-010	0.00333525
6.43477e-010	0.0032934
6.43793e-010	0.00325202
6.44108e-010	0.00321112
6.44423e-010	0.00317069
6.44739e-010	0.00313073
6.45054e-010	0.00309123
6.4537e-010	0.00305218
6.45685e-010	0.00301358
6.46001e-010	0.00297543
6.46316e-010	0.00293772
6.46631e-010	0.00290045
6.46947e-010	0.00286361
6.47262e-010	0.0028272
6.47578e-010	0.00279122
6.47893e-010	0.00275565
6.48209e-010	0.0027205
6.48524e-010	0.00268576
6.48839e-010	0.00265143
6.49155e-010	0.0026175
6.4947e-010	0.00258396
6.49786e-010	0.00255083
6.50101e-010	0.00251808
6.50417e-010	0.00248571
6.50732e-010	0.00245373
6.51047e-010	0.00242213
6.51363e-010	0.0023909
6.51678e-010	0.00236004
6.51994e-010	0.00232954
6.52309e-010	0.00229941
6.52625e-010	0.00226963
6.5294e-010	0.00224021
6.53255e-010	0.00221114
6.53571e-010	0.00218242
6.53886e-010	0.00215404
6.54202e-010	0.002126
6.54517e-010	0.00209829
6.54833e-010	0.00207092
6.55148e-010	0.00204388
6.55463e-010	0.00201716
6.55779e-010	0.00199076
6.56094e-010	0.00196468
6.5641e-010	0.00193891
6.56725e-010	0.00191346
6.57041e-010	0.00188831
6.57356e-010	0.00186347
6.57671e-010	0.00183893
6.57987e-010	0.00181469
6.58302e-010	0.00179074
6.58618e-010	0.00176708
6.58933e-010	0.00174371
6.59249e-010	0.00172063
6.59564e-010	0.00169782
6.59879e-010	0.0016753
6.60195e-010	0.00165305
6.6051e-010	0.00163108
6.60826e-010	0.00160937
6.61141e-010	0.00158794
6.61457e-010	0.00156676
6.61772e-010	0.00154585
6.62087e-010	0.00152519
6.62403e-010	0.00150479
6.62718e-010	0.00148464
6.63034e-010	0.00146474
6.63349e-010	0.00144509
6.63665e-010	0.00142568
6.6398e-010	0.00140651
6.64296e-010	0.00138758
6.64611e-010	0.00136888
6.64926e-010	0.00135042
6.65242e-010	0.00133219
6.65557e-010	0.00131419
6.65873e-010	0.00129641
6.66188e-010	0.00127886
6.66504e-010	0.00126152
6.66819e-010	0.0012444
6.67134e-010	0.0012275
6.6745e-010	0.00121081
6.67765e-010	0.00119433
6.68081e-010	0.00117806
6.68396e-010	0.00116199
6.68712e-010	0.00114613
6.69027e-010	0.00113047
6.69342e-010	0.001115
6.69658e-010	0.00109974
6.69973e-010	0.00108466
6.70289e-010	0.00106978
6.70604e-010	0.00105509
6.7092e-010	0.00104058
6.71235e-010	0.00102626
6.7155e-010	0.00101212
6.71866e-010	0.000998167
6.72181e-010	0.000984389
6.72497e-010	0.000970787
6.72812e-010	0.000957361
6.73128e-010	0.000944106
6.73443e-010	0.000931023
6.73758e-010	0.000918107
6.74074e-010	0.000905359
6.74389e-010	0.000892774
6.74705e-010	0.000880353
6.7502e-010	0.000868092
6.75336e-010	0.00085599
6.75651e-010	0.000844045
6.75966e-010	0.000832255
6.76282e-010	0.000820618
6.76597e-010	0.000809133
6.76913e-010	0.000797797
6.77228e-010	0.000786609
6.77544e-010	0.000775567
6.77859e-010	0.000764669
6.78174e-010	0.000753914
6.7849e-010	0.0007433
6.78805e-010	0.000732825
6.79121e-010	0.000722488
6.79436e-010	0.000712286
6.79752e-010	0.000702219
6.80067e-010	0.000692284
6.80382e-010	0.000682481
6.80698e-010	0.000672807
6.81013e-010	0.00066326
6.81329e-010	0.00065384
6.81644e-010	0.000644545
6.8196e-010	0.000635373
6.82275e-010	0.000626323
6.8259e-010	0.000617393
6.82906e-010	0.000608582
6.83221e-010	0.000599888
6.83537e-010	0.00059131
6.83852e-010	0.000582847
6.84168e-010	0.000574497
6.84483e-010	0.000566259
6.84798e-010	0.000558131
6.85114e-010	0.000550111
6.85429e-010	0.0005422
6.85745e-010	0.000534395
6.8606e-010	0.000526695
6.86376e-010	0.000519098
6.86691e-010	0.000511604
6.87006e-010	0.000504211
6.87322e-010	0.000496918
6.87637e-010	0.000489724
6.87953e-010	0.000482627
6.88268e-010	0.000475626
6.88584e-010	0.000468721
6.88899e-010	0.000461909
6.89214e-010	0.00045519
6.8953e-010	0.000448562
6.89845e-010	0.000442024
6.90161e-010	0.000435576
6.90476e-010	0.000429216
6.90792e-010	0.000422943
6.91107e-010	0.000416755
6.91422e-010	0.000410653
6.91738e-010	0.000404634
6.92053e-010	0.000398698
6.92369e-010	0.000392843
6.92684e-010	0.000387069
6.93e-010	0.000381374
6.93315e-010	0.000375759
6.9363e-010	0.00037022
6.93946e-010	0.000364758
6.94261e-010	0.000359372
6.94577e-010	0.00035406
6.94892e-010	0.000348822
6.95208e-010	0.000343657
6.95523e-010	0.000338563
6.95838e-010	0.00033354
6.96154e-010	0.000328587
6.96469e-010	0.000323703
6.96785e-010	0.000318888
6.971e-010	0.000314139
6.97416e-010	0.000309457
6.97731e-010	0.00030484
6.98047e-010	0.000300289
6.98362e-010	0.000295801
6.98677e-010	0.000291376
6.98993e-010	0.000287013
6.99308e-010	0.000282711
6.99624e-010	0.00027847
6.99939e-010	0.000274289
7.00255e-010	0.000270167
7.0057e-010	0.000266103
7.00885e-010	0.000262097
7.01201e-010	0.000258147
7.01516e-010	0.000254253
7.01832e-010	0.000250415
7.02147e-010	0.000246631
7.02463e-010	0.000242901
7.02778e-010	0.000239224
7.03093e-010	0.000235599
7.03409e-010	0.000232026
7.03724e-010	0.000228504
7.0404e-010	0.000225032
7.04355e-010	0.00022161
7.04671e-010	0.000218237
7.04986e-010	0.000214912
7.05301e-010	0.000211635
7.05617e-010	0.000208405
7.05932e-010	0.000205221
7.06248e-010	0.000202084
7.06563e-010	0.000198991
7.06879e-010	0.000195943
7.07194e-010	0.000192939
7.07509e-010	0.000189979
7.07825e-010	0.000187061
7.0814e-010	0.000184185
7.08456e-010	0.000181351
7.08771e-010	0.000178559
7.09087e-010	0.000175807
7.09402e-010	0.000173094
7.09717e-010	0.000170422
7.10033e-010	0.000167788
7.10348e-010	0.000165192
7.10664e-010	0.000162635
7.10979e-010	0.000160115
7.11295e-010	0.000157631
7.1161e-010	0.000155184
7.11925e-010	0.000152773
7.12241e-010	0.000150397
7.12556e-010	0.000148057
7.12872e-010	0.00014575
7.13187e-010	0.000143478
7.13503e-010	0.000141238
7.13818e-010	0.000139032
7.14133e-010	0.000136859
7.14449e-010	0.000134717
7.14764e-010	0.000132608
7.1508e-010	0.000130529
7.15395e-010	0.000128481
7.15711e-010	0.000126464
7.16026e-010	0.000124476
