1.57715e-013	0.000124392
4.73145e-013	0.000126378
7.88575e-013	0.000128394
1.104e-012	0.000130441
1.41943e-012	0.000132518
1.73486e-012	0.000134626
2.05029e-012	0.000136766
2.36572e-012	0.000138939
2.68115e-012	0.000141143
2.99658e-012	0.000143381
3.31201e-012	0.000145652
3.62744e-012	0.000147957
3.94287e-012	0.000150296
4.2583e-012	0.000152671
4.57373e-012	0.00015508
4.88916e-012	0.000157526
5.20459e-012	0.000160008
5.52002e-012	0.000162526
5.83545e-012	0.000165082
6.15088e-012	0.000167676
6.46631e-012	0.000170308
6.78174e-012	0.000172979
7.09717e-012	0.00017569
7.4126e-012	0.00017844
7.72803e-012	0.000181231
8.04346e-012	0.000184063
8.35889e-012	0.000186937
8.67432e-012	0.000189853
8.98975e-012	0.000192811
9.30518e-012	0.000195814
9.62061e-012	0.00019886
9.93604e-012	0.00020195
1.02515e-011	0.000205086
1.05669e-011	0.000208268
1.08823e-011	0.000211496
1.11978e-011	0.000214771
1.15132e-011	0.000218093
1.18286e-011	0.000221464
1.21441e-011	0.000224884
1.24595e-011	0.000228354
1.27749e-011	0.000231874
1.30903e-011	0.000235445
1.34058e-011	0.000239067
1.37212e-011	0.000242742
1.40366e-011	0.00024647
1.43521e-011	0.000250252
1.46675e-011	0.000254088
1.49829e-011	0.000257979
1.52984e-011	0.000261926
1.56138e-011	0.00026593
1.59292e-011	0.000269992
1.62446e-011	0.000274111
1.65601e-011	0.00027829
1.68755e-011	0.000282528
1.71909e-011	0.000286827
1.75064e-011	0.000291187
1.78218e-011	0.00029561
1.81372e-011	0.000300095
1.84527e-011	0.000304644
1.87681e-011	0.000309258
1.90835e-011	0.000313937
1.93989e-011	0.000318683
1.97144e-011	0.000323496
2.00298e-011	0.000328377
2.03452e-011	0.000333326
2.06607e-011	0.000338346
2.09761e-011	0.000343437
2.12915e-011	0.000348599
2.1607e-011	0.000353834
2.19224e-011	0.000359143
2.22378e-011	0.000364526
2.25532e-011	0.000369985
2.28687e-011	0.00037552
2.31841e-011	0.000381132
2.34995e-011	0.000386823
2.3815e-011	0.000392594
2.41304e-011	0.000398445
2.44458e-011	0.000404378
2.47613e-011	0.000410393
2.50767e-011	0.000416492
2.53921e-011	0.000422676
2.57075e-011	0.000428945
2.6023e-011	0.000435302
2.63384e-011	0.000441746
2.66538e-011	0.00044828
2.69693e-011	0.000454904
2.72847e-011	0.000461619
2.76001e-011	0.000468427
2.79156e-011	0.000475329
2.8231e-011	0.000482325
2.85464e-011	0.000489418
2.88618e-011	0.000496608
2.91773e-011	0.000503897
2.94927e-011	0.000511285
2.98081e-011	0.000518775
3.01236e-011	0.000526367
3.0439e-011	0.000534063
3.07544e-011	0.000541863
3.10699e-011	0.00054977
3.13853e-011	0.000557785
3.17007e-011	0.000565908
3.20161e-011	0.000574142
3.23316e-011	0.000582487
3.2647e-011	0.000590946
3.29624e-011	0.000599518
3.32779e-011	0.000608207
3.35933e-011	0.000617013
3.39087e-011	0.000625938
3.42242e-011	0.000634983
3.45396e-011	0.00064415
3.4855e-011	0.00065344
3.51704e-011	0.000662854
3.54859e-011	0.000672395
3.58013e-011	0.000682064
3.61167e-011	0.000691862
3.64322e-011	0.000701791
3.67476e-011	0.000711852
3.7063e-011	0.000722048
3.73785e-011	0.00073238
3.76939e-011	0.000742849
3.80093e-011	0.000753457
3.83247e-011	0.000764206
3.86402e-011	0.000775097
3.89556e-011	0.000786133
3.9271e-011	0.000797315
3.95865e-011	0.000808644
3.99019e-011	0.000820123
4.02173e-011	0.000831753
4.05328e-011	0.000843537
4.08482e-011	0.000855475
4.11636e-011	0.00086757
4.1479e-011	0.000879825
4.17945e-011	0.000892239
4.21099e-011	0.000904816
4.24253e-011	0.000917558
4.27408e-011	0.000930466
4.30562e-011	0.000943543
4.33716e-011	0.000956789
4.3687e-011	0.000970209
4.40025e-011	0.000983802
4.43179e-011	0.000997573
4.46333e-011	0.00101152
4.49488e-011	0.00102565
4.52642e-011	0.00103996
4.55796e-011	0.00105446
4.58951e-011	0.00106915
4.62105e-011	0.00108402
4.65259e-011	0.00109909
4.68413e-011	0.00111435
4.71568e-011	0.0011298
4.74722e-011	0.00114545
4.77876e-011	0.00116131
4.81031e-011	0.00117737
4.84185e-011	0.00119363
4.87339e-011	0.0012101
4.90494e-011	0.00122678
4.93648e-011	0.00124367
4.96802e-011	0.00126078
4.99956e-011	0.00127811
5.03111e-011	0.00129565
5.06265e-011	0.00131342
5.09419e-011	0.00133142
5.12574e-011	0.00134964
5.15728e-011	0.00136809
5.18882e-011	0.00138677
5.22037e-011	0.00140569
5.25191e-011	0.00142485
5.28345e-011	0.00144425
5.31499e-011	0.00146389
5.34654e-011	0.00148378
5.37808e-011	0.00150392
5.40962e-011	0.00152431
5.44117e-011	0.00154496
5.47271e-011	0.00156586
5.50425e-011	0.00158702
5.5358e-011	0.00160845
5.56734e-011	0.00163014
5.59888e-011	0.00165211
5.63042e-011	0.00167434
5.66197e-011	0.00169685
5.69351e-011	0.00171964
5.72505e-011	0.00174272
5.7566e-011	0.00176607
5.78814e-011	0.00178972
5.81968e-011	0.00181365
5.85123e-011	0.00183788
5.88277e-011	0.00186241
5.91431e-011	0.00188724
5.94585e-011	0.00191237
5.9774e-011	0.00193782
6.00894e-011	0.00196357
6.04048e-011	0.00198963
6.07203e-011	0.00201602
6.10357e-011	0.00204272
6.13511e-011	0.00206975
6.16666e-011	0.00209711
6.1982e-011	0.0021248
6.22974e-011	0.00215283
6.26128e-011	0.0021812
6.29283e-011	0.00220991
6.32437e-011	0.00223896
6.35591e-011	0.00226837
6.38746e-011	0.00229813
6.419e-011	0.00232824
6.45054e-011	0.00235872
6.48209e-011	0.00238957
6.51363e-011	0.00242078
6.54517e-011	0.00245237
6.57671e-011	0.00248434
6.60826e-011	0.00251668
6.6398e-011	0.00254941
6.67134e-011	0.00258254
6.70289e-011	0.00261605
6.73443e-011	0.00264997
6.76597e-011	0.00268428
6.79752e-011	0.00271901
6.82906e-011	0.00275414
6.8606e-011	0.00278969
6.89214e-011	0.00282565
6.92369e-011	0.00286205
6.95523e-011	0.00289887
6.98677e-011	0.00293612
7.01832e-011	0.00297381
7.04986e-011	0.00301194
7.0814e-011	0.00305052
7.11295e-011	0.00308954
7.14449e-011	0.00312903
7.17603e-011	0.00316897
7.20757e-011	0.00320938
7.23912e-011	0.00325026
7.27066e-011	0.00329162
7.3022e-011	0.00333345
7.33375e-011	0.00337577
7.36529e-011	0.00341858
7.39683e-011	0.00346188
7.42838e-011	0.00350568
7.45992e-011	0.00354999
7.49146e-011	0.0035948
7.523e-011	0.00364013
7.55455e-011	0.00368598
7.58609e-011	0.00373236
7.61763e-011	0.00377927
7.64918e-011	0.00382671
7.68072e-011	0.0038747
7.71226e-011	0.00392323
7.74381e-011	0.00397231
7.77535e-011	0.00402195
7.80689e-011	0.00407216
7.83843e-011	0.00412293
7.86998e-011	0.00417428
7.90152e-011	0.00422621
7.93306e-011	0.00427873
7.96461e-011	0.00433184
7.99615e-011	0.00438555
8.02769e-011	0.00443986
8.05924e-011	0.00449478
8.09078e-011	0.00455031
8.12232e-011	0.00460647
8.15386e-011	0.00466326
8.18541e-011	0.00472067
8.21695e-011	0.00477873
8.24849e-011	0.00483744
8.28004e-011	0.0048968
8.31158e-011	0.00495682
8.34312e-011	0.0050175
8.37467e-011	0.00507886
8.40621e-011	0.00514089
8.43775e-011	0.00520361
8.46929e-011	0.00526702
8.50084e-011	0.00533113
8.53238e-011	0.00539595
8.56392e-011	0.00546147
8.59547e-011	0.00552772
8.62701e-011	0.00559469
8.65855e-011	0.00566239
8.6901e-011	0.00573083
8.72164e-011	0.00580002
8.75318e-011	0.00586996
8.78472e-011	0.00594066
8.81627e-011	0.00601213
8.84781e-011	0.00608438
8.87935e-011	0.0061574
8.9109e-011	0.00623122
8.94244e-011	0.00630583
8.97398e-011	0.00638125
9.00553e-011	0.00645748
9.03707e-011	0.00653452
9.06861e-011	0.0066124
9.10015e-011	0.00669111
9.1317e-011	0.00677066
9.16324e-011	0.00685106
9.19478e-011	0.00693232
9.22633e-011	0.00701445
9.25787e-011	0.00709745
9.28941e-011	0.00718133
9.32096e-011	0.0072661
9.3525e-011	0.00735177
9.38404e-011	0.00743834
9.41558e-011	0.00752583
9.44713e-011	0.00761425
9.47867e-011	0.00770359
9.51021e-011	0.00779387
9.54176e-011	0.0078851
9.5733e-011	0.00797729
9.60484e-011	0.00807044
9.63639e-011	0.00816457
9.66793e-011	0.00825968
9.69947e-011	0.00835578
9.73101e-011	0.00845288
9.76256e-011	0.00855099
9.7941e-011	0.00865012
9.82564e-011	0.00875027
9.85719e-011	0.00885146
9.88873e-011	0.00895369
9.92027e-011	0.00905698
9.95182e-011	0.00916134
9.98336e-011	0.00926676
1.00149e-010	0.00937327
1.00464e-010	0.00948087
1.0078e-010	0.00958957
1.01095e-010	0.00969938
1.01411e-010	0.00981031
1.01726e-010	0.00992238
1.02042e-010	0.0100356
1.02357e-010	0.0101499
1.02672e-010	0.0102654
1.02988e-010	0.0103821
1.03303e-010	0.0105
1.03619e-010	0.010619
1.03934e-010	0.0107393
1.0425e-010	0.0108607
1.04565e-010	0.0109834
1.0488e-010	0.0111073
1.05196e-010	0.0112325
1.05511e-010	0.0113589
1.05827e-010	0.0114866
1.06142e-010	0.0116155
1.06458e-010	0.0117457
1.06773e-010	0.0118772
1.07088e-010	0.0120101
1.07404e-010	0.0121442
1.07719e-010	0.0122797
1.08035e-010	0.0124165
1.0835e-010	0.0125546
1.08666e-010	0.0126941
1.08981e-010	0.012835
1.09296e-010	0.0129773
1.09612e-010	0.0131209
1.09927e-010	0.013266
1.10243e-010	0.0134125
1.10558e-010	0.0135604
1.10874e-010	0.0137097
1.11189e-010	0.0138605
1.11504e-010	0.0140128
1.1182e-010	0.0141665
1.12135e-010	0.0143217
1.12451e-010	0.0144784
1.12766e-010	0.0146367
1.13082e-010	0.0147964
1.13397e-010	0.0149577
1.13713e-010	0.0151205
1.14028e-010	0.0152849
1.14343e-010	0.0154509
1.14659e-010	0.0156185
1.14974e-010	0.0157876
1.1529e-010	0.0159584
1.15605e-010	0.0161307
1.15921e-010	0.0163047
1.16236e-010	0.0164804
1.16551e-010	0.0166577
1.16867e-010	0.0168367
1.17182e-010	0.0170174
1.17498e-010	0.0171997
1.17813e-010	0.0173838
1.18129e-010	0.0175696
1.18444e-010	0.0177572
1.18759e-010	0.0179465
1.19075e-010	0.0181376
1.1939e-010	0.0183304
1.19706e-010	0.018525
1.20021e-010	0.0187215
1.20337e-010	0.0189197
1.20652e-010	0.0191198
1.20967e-010	0.0193218
1.21283e-010	0.0195255
1.21598e-010	0.0197312
1.21914e-010	0.0199388
1.22229e-010	0.0201482
1.22545e-010	0.0203596
1.2286e-010	0.0205729
1.23175e-010	0.0207882
1.23491e-010	0.0210054
1.23806e-010	0.0212246
1.24122e-010	0.0214457
1.24437e-010	0.0216689
1.24753e-010	0.0218941
1.25068e-010	0.0221213
1.25383e-010	0.0223506
1.25699e-010	0.0225819
1.26014e-010	0.0228153
1.2633e-010	0.0230508
1.26645e-010	0.0232884
1.26961e-010	0.0235281
1.27276e-010	0.02377
1.27591e-010	0.024014
1.27907e-010	0.0242602
1.28222e-010	0.0245085
1.28538e-010	0.0247591
1.28853e-010	0.0250118
1.29169e-010	0.0252668
1.29484e-010	0.025524
1.29799e-010	0.0257835
1.30115e-010	0.0260453
1.3043e-010	0.0263094
1.30746e-010	0.0265757
1.31061e-010	0.0268444
1.31377e-010	0.0271154
1.31692e-010	0.0273888
1.32007e-010	0.0276645
1.32323e-010	0.0279427
1.32638e-010	0.0282232
1.32954e-010	0.0285062
1.33269e-010	0.0287915
1.33585e-010	0.0290794
1.339e-010	0.0293697
1.34215e-010	0.0296625
1.34531e-010	0.0299578
1.34846e-010	0.0302556
1.35162e-010	0.0305559
1.35477e-010	0.0308588
1.35793e-010	0.0311642
1.36108e-010	0.0314723
1.36423e-010	0.0317829
1.36739e-010	0.0320962
1.37054e-010	0.0324121
1.3737e-010	0.0327306
1.37685e-010	0.0330518
1.38001e-010	0.0333757
1.38316e-010	0.0337023
1.38631e-010	0.0340317
1.38947e-010	0.0343637
1.39262e-010	0.0346986
1.39578e-010	0.0350361
1.39893e-010	0.0353765
1.40209e-010	0.0357197
1.40524e-010	0.0360657
1.40839e-010	0.0364146
1.41155e-010	0.0367663
1.4147e-010	0.0371209
1.41786e-010	0.0374784
1.42101e-010	0.0378388
1.42417e-010	0.0382022
1.42732e-010	0.0385685
1.43047e-010	0.0389377
1.43363e-010	0.03931
1.43678e-010	0.0396852
1.43994e-010	0.0400635
1.44309e-010	0.0404448
1.44625e-010	0.0408292
1.4494e-010	0.0412166
1.45255e-010	0.0416072
1.45571e-010	0.0420008
1.45886e-010	0.0423976
1.46202e-010	0.0427976
1.46517e-010	0.0432007
1.46833e-010	0.043607
1.47148e-010	0.0440165
1.47464e-010	0.0444292
1.47779e-010	0.0448452
1.48094e-010	0.0452644
1.4841e-010	0.045687
1.48725e-010	0.0461128
1.49041e-010	0.0465419
1.49356e-010	0.0469744
1.49672e-010	0.0474102
1.49987e-010	0.0478495
1.50302e-010	0.0482921
1.50618e-010	0.0487381
1.50933e-010	0.0491875
1.51249e-010	0.0496404
1.51564e-010	0.0500968
1.5188e-010	0.0505567
1.52195e-010	0.05102
1.5251e-010	0.0514869
1.52826e-010	0.0519574
1.53141e-010	0.0524314
1.53457e-010	0.052909
1.53772e-010	0.0533902
1.54088e-010	0.053875
1.54403e-010	0.0543635
1.54718e-010	0.0548556
1.55034e-010	0.0553514
1.55349e-010	0.0558509
1.55665e-010	0.0563542
1.5598e-010	0.0568611
1.56296e-010	0.0573719
1.56611e-010	0.0578864
1.56926e-010	0.0584047
1.57242e-010	0.0589268
1.57557e-010	0.0594528
1.57873e-010	0.0599826
1.58188e-010	0.0605163
1.58504e-010	0.0610539
1.58819e-010	0.0615954
1.59134e-010	0.0621409
1.5945e-010	0.0626903
1.59765e-010	0.0632437
1.60081e-010	0.063801
1.60396e-010	0.0643624
1.60712e-010	0.0649278
1.61027e-010	0.0654973
1.61342e-010	0.0660709
1.61658e-010	0.0666485
1.61973e-010	0.0672302
1.62289e-010	0.0678161
1.62604e-010	0.0684061
1.6292e-010	0.0690003
1.63235e-010	0.0695987
1.6355e-010	0.0702013
1.63866e-010	0.0708081
1.64181e-010	0.0714192
1.64497e-010	0.0720345
1.64812e-010	0.0726542
1.65128e-010	0.0732781
1.65443e-010	0.0739063
1.65758e-010	0.0745389
1.66074e-010	0.0751759
1.66389e-010	0.0758172
1.66705e-010	0.076463
1.6702e-010	0.0771132
1.67336e-010	0.0777678
1.67651e-010	0.0784269
1.67966e-010	0.0790904
1.68282e-010	0.0797585
1.68597e-010	0.0804311
1.68913e-010	0.0811082
1.69228e-010	0.0817899
1.69544e-010	0.0824761
1.69859e-010	0.083167
1.70174e-010	0.0838625
1.7049e-010	0.0845626
1.70805e-010	0.0852673
1.71121e-010	0.0859768
1.71436e-010	0.0866909
1.71752e-010	0.0874097
1.72067e-010	0.0881333
1.72382e-010	0.0888616
1.72698e-010	0.0895947
1.73013e-010	0.0903325
1.73329e-010	0.0910752
1.73644e-010	0.0918227
1.7396e-010	0.092575
1.74275e-010	0.0933322
1.7459e-010	0.0940943
1.74906e-010	0.0948613
1.75221e-010	0.0956332
1.75537e-010	0.09641
1.75852e-010	0.0971918
1.76168e-010	0.0979785
1.76483e-010	0.0987702
1.76798e-010	0.099567
1.77114e-010	0.100369
1.77429e-010	0.101176
1.77745e-010	0.101987
1.7806e-010	0.102804
1.78376e-010	0.103626
1.78691e-010	0.104454
1.79007e-010	0.105286
1.79322e-010	0.106123
1.79637e-010	0.106966
1.79953e-010	0.107814
1.80268e-010	0.108667
1.80584e-010	0.109525
1.80899e-010	0.110388
1.81215e-010	0.111257
1.8153e-010	0.112131
1.81845e-010	0.11301
1.82161e-010	0.113895
1.82476e-010	0.114785
1.82792e-010	0.11568
1.83107e-010	0.116581
1.83423e-010	0.117487
1.83738e-010	0.118398
1.84053e-010	0.119315
1.84369e-010	0.120237
1.84684e-010	0.121164
1.85e-010	0.122097
1.85315e-010	0.123036
1.85631e-010	0.12398
1.85946e-010	0.124929
1.86261e-010	0.125884
1.86577e-010	0.126845
1.86892e-010	0.127811
1.87208e-010	0.128783
1.87523e-010	0.12976
1.87839e-010	0.130743
1.88154e-010	0.131731
1.88469e-010	0.132725
1.88785e-010	0.133725
1.891e-010	0.13473
1.89416e-010	0.135741
1.89731e-010	0.136758
1.90047e-010	0.13778
1.90362e-010	0.138808
1.90677e-010	0.139842
1.90993e-010	0.140881
1.91308e-010	0.141926
1.91624e-010	0.142977
1.91939e-010	0.144034
1.92255e-010	0.145097
1.9257e-010	0.146165
1.92885e-010	0.147239
1.93201e-010	0.148319
1.93516e-010	0.149405
1.93832e-010	0.150497
1.94147e-010	0.151594
1.94463e-010	0.152698
1.94778e-010	0.153807
1.95093e-010	0.154922
1.95409e-010	0.156043
1.95724e-010	0.15717
1.9604e-010	0.158303
1.96355e-010	0.159442
1.96671e-010	0.160587
1.96986e-010	0.161737
1.97301e-010	0.162894
1.97617e-010	0.164057
1.97932e-010	0.165226
1.98248e-010	0.1664
1.98563e-010	0.167581
1.98879e-010	0.168768
1.99194e-010	0.16996
1.99509e-010	0.171159
1.99825e-010	0.172364
2.0014e-010	0.173575
2.00456e-010	0.174792
2.00771e-010	0.176015
2.01087e-010	0.177244
2.01402e-010	0.178479
2.01717e-010	0.179721
2.02033e-010	0.180968
2.02348e-010	0.182222
2.02664e-010	0.183481
2.02979e-010	0.184747
2.03295e-010	0.186019
2.0361e-010	0.187297
2.03925e-010	0.188581
2.04241e-010	0.189872
2.04556e-010	0.191168
2.04872e-010	0.192471
2.05187e-010	0.19378
2.05503e-010	0.195095
2.05818e-010	0.196416
2.06133e-010	0.197744
2.06449e-010	0.199077
2.06764e-010	0.200417
2.0708e-010	0.201763
2.07395e-010	0.203115
2.07711e-010	0.204474
2.08026e-010	0.205838
2.08341e-010	0.207209
2.08657e-010	0.208586
2.08972e-010	0.209969
2.09288e-010	0.211359
2.09603e-010	0.212755
2.09919e-010	0.214156
2.10234e-010	0.215565
2.1055e-010	0.216979
2.10865e-010	0.2184
2.1118e-010	0.219826
2.11496e-010	0.22126
2.11811e-010	0.222699
2.12127e-010	0.224144
2.12442e-010	0.225596
2.12758e-010	0.227054
2.13073e-010	0.228518
2.13388e-010	0.229989
2.13704e-010	0.231466
2.14019e-010	0.232949
2.14335e-010	0.234438
2.1465e-010	0.235933
2.14966e-010	0.237435
2.15281e-010	0.238943
2.15596e-010	0.240457
2.15912e-010	0.241977
2.16227e-010	0.243503
2.16543e-010	0.245036
2.16858e-010	0.246575
2.17174e-010	0.24812
2.17489e-010	0.249671
2.17804e-010	0.251229
2.1812e-010	0.252792
2.18435e-010	0.254362
2.18751e-010	0.255938
2.19066e-010	0.25752
2.19382e-010	0.259109
2.19697e-010	0.260703
2.20012e-010	0.262304
2.20328e-010	0.263911
2.20643e-010	0.265523
2.20959e-010	0.267143
2.21274e-010	0.268768
2.2159e-010	0.270399
2.21905e-010	0.272036
2.2222e-010	0.27368
2.22536e-010	0.275329
2.22851e-010	0.276985
2.23167e-010	0.278647
2.23482e-010	0.280314
2.23798e-010	0.281988
2.24113e-010	0.283668
2.24428e-010	0.285354
2.24744e-010	0.287046
2.25059e-010	0.288743
2.25375e-010	0.290447
2.2569e-010	0.292157
2.26006e-010	0.293873
2.26321e-010	0.295595
2.26636e-010	0.297322
2.26952e-010	0.299056
2.27267e-010	0.300795
2.27583e-010	0.302541
2.27898e-010	0.304292
2.28214e-010	0.306049
2.28529e-010	0.307812
2.28844e-010	0.309581
2.2916e-010	0.311355
2.29475e-010	0.313136
2.29791e-010	0.314922
2.30106e-010	0.316714
2.30422e-010	0.318511
2.30737e-010	0.320315
2.31052e-010	0.322124
2.31368e-010	0.323939
2.31683e-010	0.325759
2.31999e-010	0.327586
2.32314e-010	0.329417
2.3263e-010	0.331255
2.32945e-010	0.333098
2.3326e-010	0.334946
2.33576e-010	0.3368
2.33891e-010	0.33866
2.34207e-010	0.340525
2.34522e-010	0.342396
2.34838e-010	0.344272
2.35153e-010	0.346154
2.35468e-010	0.348041
2.35784e-010	0.349933
2.36099e-010	0.351831
2.36415e-010	0.353734
2.3673e-010	0.355643
2.37046e-010	0.357556
2.37361e-010	0.359475
2.37676e-010	0.3614
2.37992e-010	0.363329
2.38307e-010	0.365264
2.38623e-010	0.367204
2.38938e-010	0.369149
2.39254e-010	0.371099
2.39569e-010	0.373054
2.39884e-010	0.375015
2.402e-010	0.37698
2.40515e-010	0.37895
2.40831e-010	0.380926
2.41146e-010	0.382906
2.41462e-010	0.384891
2.41777e-010	0.386881
2.42092e-010	0.388876
2.42408e-010	0.390876
2.42723e-010	0.392881
2.43039e-010	0.39489
2.43354e-010	0.396904
2.4367e-010	0.398923
2.43985e-010	0.400947
2.44301e-010	0.402975
2.44616e-010	0.405007
2.44931e-010	0.407045
2.45247e-010	0.409086
2.45562e-010	0.411133
2.45878e-010	0.413183
2.46193e-010	0.415239
2.46509e-010	0.417298
2.46824e-010	0.419362
2.47139e-010	0.42143
2.47455e-010	0.423503
2.4777e-010	0.42558
2.48086e-010	0.427661
2.48401e-010	0.429746
2.48717e-010	0.431835
2.49032e-010	0.433929
2.49347e-010	0.436026
2.49663e-010	0.438128
2.49978e-010	0.440233
2.50294e-010	0.442343
2.50609e-010	0.444456
2.50925e-010	0.446573
2.5124e-010	0.448694
2.51555e-010	0.450819
2.51871e-010	0.452948
2.52186e-010	0.45508
2.52502e-010	0.457216
2.52817e-010	0.459355
2.53133e-010	0.461498
2.53448e-010	0.463645
2.53763e-010	0.465795
2.54079e-010	0.467948
2.54394e-010	0.470105
2.5471e-010	0.472265
2.55025e-010	0.474429
2.55341e-010	0.476596
2.55656e-010	0.478766
2.55971e-010	0.480939
2.56287e-010	0.483115
2.56602e-010	0.485294
2.56918e-010	0.487477
2.57233e-010	0.489662
2.57549e-010	0.49185
2.57864e-010	0.494041
2.58179e-010	0.496235
2.58495e-010	0.498432
2.5881e-010	0.500632
2.59126e-010	0.502834
2.59441e-010	0.505039
2.59757e-010	0.507246
2.60072e-010	0.509456
2.60387e-010	0.511668
2.60703e-010	0.513883
2.61018e-010	0.5161
2.61334e-010	0.51832
2.61649e-010	0.520542
2.61965e-010	0.522766
2.6228e-010	0.524992
2.62595e-010	0.52722
2.62911e-010	0.529451
2.63226e-010	0.531683
2.63542e-010	0.533917
2.63857e-010	0.536154
2.64173e-010	0.538392
2.64488e-010	0.540632
2.64803e-010	0.542873
2.65119e-010	0.545117
2.65434e-010	0.547361
2.6575e-010	0.549608
2.66065e-010	0.551856
2.66381e-010	0.554105
2.66696e-010	0.556356
2.67011e-010	0.558609
2.67327e-010	0.560862
2.67642e-010	0.563117
2.67958e-010	0.565373
2.68273e-010	0.56763
2.68589e-010	0.569888
2.68904e-010	0.572147
2.69219e-010	0.574407
2.69535e-010	0.576668
2.6985e-010	0.578929
2.70166e-010	0.581192
2.70481e-010	0.583455
2.70797e-010	0.585719
2.71112e-010	0.587983
2.71427e-010	0.590248
2.71743e-010	0.592513
2.72058e-010	0.594779
2.72374e-010	0.597045
2.72689e-010	0.599311
2.73005e-010	0.601577
2.7332e-010	0.603844
2.73635e-010	0.60611
2.73951e-010	0.608377
2.74266e-010	0.610644
2.74582e-010	0.61291
2.74897e-010	0.615177
2.75213e-010	0.617443
2.75528e-010	0.619708
2.75844e-010	0.621974
2.76159e-010	0.624239
2.76474e-010	0.626503
2.7679e-010	0.628767
2.77105e-010	0.63103
2.77421e-010	0.633293
2.77736e-010	0.635555
2.78052e-010	0.637816
2.78367e-010	0.640076
2.78682e-010	0.642335
2.78998e-010	0.644593
2.79313e-010	0.64685
2.79629e-010	0.649106
2.79944e-010	0.65136
2.8026e-010	0.653614
2.80575e-010	0.655866
2.8089e-010	0.658116
2.81206e-010	0.660365
2.81521e-010	0.662613
2.81837e-010	0.664858
2.82152e-010	0.667102
2.82468e-010	0.669345
2.82783e-010	0.671585
2.83098e-010	0.673824
2.83414e-010	0.67606
2.83729e-010	0.678295
2.84045e-010	0.680527
2.8436e-010	0.682758
2.84676e-010	0.684986
2.84991e-010	0.687211
2.85306e-010	0.689434
2.85622e-010	0.691655
2.85937e-010	0.693873
2.86253e-010	0.696089
2.86568e-010	0.698302
2.86884e-010	0.700512
2.87199e-010	0.70272
2.87514e-010	0.704924
2.8783e-010	0.707126
2.88145e-010	0.709324
2.88461e-010	0.71152
2.88776e-010	0.713712
2.89092e-010	0.715901
2.89407e-010	0.718086
2.89722e-010	0.720269
2.90038e-010	0.722448
2.90353e-010	0.724623
2.90669e-010	0.726795
2.90984e-010	0.728963
2.913e-010	0.731127
2.91615e-010	0.733287
2.9193e-010	0.735444
2.92246e-010	0.737597
2.92561e-010	0.739745
2.92877e-010	0.74189
2.93192e-010	0.74403
2.93508e-010	0.746166
2.93823e-010	0.748298
2.94138e-010	0.750425
2.94454e-010	0.752548
2.94769e-010	0.754666
2.95085e-010	0.75678
2.954e-010	0.758889
2.95716e-010	0.760993
2.96031e-010	0.763093
2.96346e-010	0.765188
2.96662e-010	0.767277
2.96977e-010	0.769362
2.97293e-010	0.771441
2.97608e-010	0.773516
2.97924e-010	0.775585
2.98239e-010	0.777648
2.98554e-010	0.779707
2.9887e-010	0.78176
2.99185e-010	0.783807
2.99501e-010	0.785849
2.99816e-010	0.787885
3.00132e-010	0.789915
3.00447e-010	0.791939
3.00762e-010	0.793958
3.01078e-010	0.79597
3.01393e-010	0.797977
3.01709e-010	0.799977
3.02024e-010	0.801972
3.0234e-010	0.80396
3.02655e-010	0.805941
3.0297e-010	0.807916
3.03286e-010	0.809885
3.03601e-010	0.811847
3.03917e-010	0.813803
3.04232e-010	0.815752
3.04548e-010	0.817694
3.04863e-010	0.81963
3.05178e-010	0.821558
3.05494e-010	0.82348
3.05809e-010	0.825394
3.06125e-010	0.827301
3.0644e-010	0.829202
3.06756e-010	0.831095
3.07071e-010	0.83298
3.07386e-010	0.834858
3.07702e-010	0.836729
3.08017e-010	0.838592
3.08333e-010	0.840448
3.08648e-010	0.842296
3.08964e-010	0.844137
3.09279e-010	0.845969
3.09595e-010	0.847794
3.0991e-010	0.84961
3.10225e-010	0.851419
3.10541e-010	0.85322
3.10856e-010	0.855012
3.11172e-010	0.856797
3.11487e-010	0.858573
3.11803e-010	0.86034
3.12118e-010	0.8621
3.12433e-010	0.863851
3.12749e-010	0.865593
3.13064e-010	0.867327
3.1338e-010	0.869052
3.13695e-010	0.870768
3.14011e-010	0.872476
3.14326e-010	0.874174
3.14641e-010	0.875864
3.14957e-010	0.877545
3.15272e-010	0.879217
3.15588e-010	0.880879
3.15903e-010	0.882533
3.16219e-010	0.884177
3.16534e-010	0.885812
3.16849e-010	0.887437
3.17165e-010	0.889053
3.1748e-010	0.89066
3.17796e-010	0.892257
3.18111e-010	0.893844
3.18427e-010	0.895422
3.18742e-010	0.89699
3.19057e-010	0.898548
3.19373e-010	0.900096
3.19688e-010	0.901634
3.20004e-010	0.903163
3.20319e-010	0.904681
3.20635e-010	0.906189
3.2095e-010	0.907687
3.21265e-010	0.909175
3.21581e-010	0.910653
3.21896e-010	0.91212
3.22212e-010	0.913577
3.22527e-010	0.915023
3.22843e-010	0.916459
3.23158e-010	0.917884
3.23473e-010	0.919299
3.23789e-010	0.920703
3.24104e-010	0.922096
3.2442e-010	0.923479
3.24735e-010	0.924851
3.25051e-010	0.926211
3.25366e-010	0.927561
3.25681e-010	0.9289
3.25997e-010	0.930228
3.26312e-010	0.931544
3.26628e-010	0.93285
3.26943e-010	0.934144
3.27259e-010	0.935427
3.27574e-010	0.936698
3.27889e-010	0.937959
3.28205e-010	0.939208
3.2852e-010	0.940445
3.28836e-010	0.941671
3.29151e-010	0.942885
3.29467e-010	0.944088
3.29782e-010	0.945279
3.30097e-010	0.946458
3.30413e-010	0.947625
3.30728e-010	0.948781
3.31044e-010	0.949925
3.31359e-010	0.951057
3.31675e-010	0.952177
3.3199e-010	0.953285
3.32305e-010	0.954381
3.32621e-010	0.955465
3.32936e-010	0.956537
3.33252e-010	0.957596
3.33567e-010	0.958643
3.33883e-010	0.959679
3.34198e-010	0.960701
3.34513e-010	0.961712
3.34829e-010	0.96271
3.35144e-010	0.963696
3.3546e-010	0.964669
3.35775e-010	0.965629
3.36091e-010	0.966578
3.36406e-010	0.967513
3.36721e-010	0.968436
3.37037e-010	0.969346
3.37352e-010	0.970244
3.37668e-010	0.971129
3.37983e-010	0.972001
3.38299e-010	0.97286
3.38614e-010	0.973707
3.38929e-010	0.97454
3.39245e-010	0.975361
3.3956e-010	0.976169
3.39876e-010	0.976963
3.40191e-010	0.977745
3.40507e-010	0.978514
3.40822e-010	0.97927
3.41138e-010	0.980012
3.41453e-010	0.980741
3.41768e-010	0.981458
3.42084e-010	0.982161
3.42399e-010	0.98285
3.42715e-010	0.983527
3.4303e-010	0.98419
3.43346e-010	0.98484
3.43661e-010	0.985477
3.43976e-010	0.9861
3.44292e-010	0.98671
3.44607e-010	0.987307
3.44923e-010	0.98789
3.45238e-010	0.988459
3.45554e-010	0.989015
3.45869e-010	0.989558
3.46184e-010	0.990087
3.465e-010	0.990602
3.46815e-010	0.991104
3.47131e-010	0.991593
3.47446e-010	0.992067
3.47762e-010	0.992529
3.48077e-010	0.992976
3.48392e-010	0.99341
3.48708e-010	0.99383
3.49023e-010	0.994236
3.49339e-010	0.994629
3.49654e-010	0.995008
3.4997e-010	0.995373
3.50285e-010	0.995724
3.506e-010	0.996062
3.50916e-010	0.996386
3.51231e-010	0.996696
3.51547e-010	0.996992
3.51862e-010	0.997274
3.52178e-010	0.997542
3.52493e-010	0.997797
3.52808e-010	0.998038
3.53124e-010	0.998265
3.53439e-010	0.998478
3.53755e-010	0.998677
3.5407e-010	0.998862
3.54386e-010	0.999033
3.54701e-010	0.99919
3.55016e-010	0.999334
3.55332e-010	0.999463
3.55647e-010	0.999578
3.55963e-010	0.99968
3.56278e-010	0.999767
3.56594e-010	0.999841
3.56909e-010	0.999901
3.57224e-010	0.999946
3.5754e-010	0.999978
3.57855e-010	0.999996
3.58171e-010	1
3.58486e-010	0.999989
3.58802e-010	0.999965
3.59117e-010	0.999927
3.59432e-010	0.999875
3.59748e-010	0.999809
3.60063e-010	0.999729
3.60379e-010	0.999635
3.60694e-010	0.999527
3.6101e-010	0.999405
3.61325e-010	0.99927
3.6164e-010	0.99912
3.61956e-010	0.998956
3.62271e-010	0.998779
3.62587e-010	0.998587
3.62902e-010	0.998382
3.63218e-010	0.998163
3.63533e-010	0.997929
3.63848e-010	0.997682
3.64164e-010	0.997421
3.64479e-010	0.997147
3.64795e-010	0.996858
3.6511e-010	0.996556
3.65426e-010	0.996239
3.65741e-010	0.995909
3.66056e-010	0.995565
3.66372e-010	0.995208
3.66687e-010	0.994836
3.67003e-010	0.994451
3.67318e-010	0.994052
3.67634e-010	0.993639
3.67949e-010	0.993213
3.68264e-010	0.992773
3.6858e-010	0.992319
3.68895e-010	0.991852
3.69211e-010	0.991371
3.69526e-010	0.990877
3.69842e-010	0.990368
3.70157e-010	0.989847
3.70472e-010	0.989312
3.70788e-010	0.988763
3.71103e-010	0.9882
3.71419e-010	0.987625
3.71734e-010	0.987036
3.7205e-010	0.986433
3.72365e-010	0.985817
3.72681e-010	0.985188
3.72996e-010	0.984545
3.73311e-010	0.983889
3.73627e-010	0.983219
3.73942e-010	0.982537
3.74258e-010	0.981841
3.74573e-010	0.981132
3.74889e-010	0.98041
3.75204e-010	0.979674
3.75519e-010	0.978926
3.75835e-010	0.978164
3.7615e-010	0.977389
3.76466e-010	0.976602
3.76781e-010	0.975801
3.77097e-010	0.974987
3.77412e-010	0.974161
3.77727e-010	0.973321
3.78043e-010	0.972469
3.78358e-010	0.971604
3.78674e-010	0.970726
3.78989e-010	0.969835
3.79305e-010	0.968932
3.7962e-010	0.968016
3.79935e-010	0.967087
3.80251e-010	0.966146
3.80566e-010	0.965192
3.80882e-010	0.964225
3.81197e-010	0.963247
3.81513e-010	0.962255
3.81828e-010	0.961251
3.82143e-010	0.960235
3.82459e-010	0.959207
3.82774e-010	0.958166
3.8309e-010	0.957113
3.83405e-010	0.956048
3.83721e-010	0.954971
3.84036e-010	0.953881
3.84351e-010	0.95278
3.84667e-010	0.951666
3.84982e-010	0.950541
3.85298e-010	0.949404
3.85613e-010	0.948254
3.85929e-010	0.947093
3.86244e-010	0.94592
3.86559e-010	0.944736
3.86875e-010	0.943539
3.8719e-010	0.942331
3.87506e-010	0.941112
3.87821e-010	0.939881
3.88137e-010	0.938638
3.88452e-010	0.937384
3.88767e-010	0.936118
3.89083e-010	0.934842
3.89398e-010	0.933554
3.89714e-010	0.932254
3.90029e-010	0.930944
3.90345e-010	0.929622
3.9066e-010	0.928289
3.90975e-010	0.926945
3.91291e-010	0.925591
3.91606e-010	0.924225
3.91922e-010	0.922848
3.92237e-010	0.921461
3.92553e-010	0.920063
3.92868e-010	0.918654
3.93183e-010	0.917234
3.93499e-010	0.915804
3.93814e-010	0.914363
3.9413e-010	0.912912
3.94445e-010	0.911451
3.94761e-010	0.909979
3.95076e-010	0.908496
3.95391e-010	0.907004
3.95707e-010	0.905501
3.96022e-010	0.903988
3.96338e-010	0.902465
3.96653e-010	0.900932
3.96969e-010	0.89939
3.97284e-010	0.897837
3.97599e-010	0.896274
3.97915e-010	0.894702
3.9823e-010	0.89312
3.98546e-010	0.891528
3.98861e-010	0.889926
3.99177e-010	0.888315
3.99492e-010	0.886695
3.99807e-010	0.885065
4.00123e-010	0.883426
4.00438e-010	0.881778
4.00754e-010	0.88012
4.01069e-010	0.878453
4.01385e-010	0.876778
4.017e-010	0.875093
4.02015e-010	0.873399
4.02331e-010	0.871696
4.02646e-010	0.869985
4.02962e-010	0.868264
4.03277e-010	0.866535
4.03593e-010	0.864797
4.03908e-010	0.863051
4.04223e-010	0.861297
4.04539e-010	0.859533
4.04854e-010	0.857762
4.0517e-010	0.855982
4.05485e-010	0.854194
4.05801e-010	0.852398
4.06116e-010	0.850593
4.06432e-010	0.848781
4.06747e-010	0.84696
4.07062e-010	0.845132
4.07378e-010	0.843296
4.07693e-010	0.841452
4.08009e-010	0.839601
4.08324e-010	0.837742
4.0864e-010	0.835875
4.08955e-010	0.834001
4.0927e-010	0.832119
4.09586e-010	0.83023
4.09901e-010	0.828334
4.10217e-010	0.82643
4.10532e-010	0.82452
4.10848e-010	0.822602
4.11163e-010	0.820677
4.11478e-010	0.818746
4.11794e-010	0.816807
4.12109e-010	0.814862
4.12425e-010	0.81291
4.1274e-010	0.810951
4.13056e-010	0.808986
4.13371e-010	0.807014
4.13686e-010	0.805036
4.14002e-010	0.803052
4.14317e-010	0.801061
4.14633e-010	0.799064
4.14948e-010	0.79706
4.15264e-010	0.795051
4.15579e-010	0.793036
4.15894e-010	0.791015
4.1621e-010	0.788988
4.16525e-010	0.786955
4.16841e-010	0.784916
4.17156e-010	0.782872
4.17472e-010	0.780822
4.17787e-010	0.778766
4.18102e-010	0.776706
4.18418e-010	0.774639
4.18733e-010	0.772568
4.19049e-010	0.770491
4.19364e-010	0.768409
4.1968e-010	0.766323
4.19995e-010	0.764231
4.2031e-010	0.762134
4.20626e-010	0.760032
4.20941e-010	0.757926
4.21257e-010	0.755814
4.21572e-010	0.753698
4.21888e-010	0.751578
4.22203e-010	0.749453
4.22518e-010	0.747324
4.22834e-010	0.74519
4.23149e-010	0.743052
4.23465e-010	0.74091
4.2378e-010	0.738763
4.24096e-010	0.736613
4.24411e-010	0.734458
4.24726e-010	0.7323
4.25042e-010	0.730138
4.25357e-010	0.727972
4.25673e-010	0.725802
4.25988e-010	0.723629
4.26304e-010	0.721452
4.26619e-010	0.719271
4.26934e-010	0.717088
4.2725e-010	0.7149
4.27565e-010	0.71271
4.27881e-010	0.710516
4.28196e-010	0.708319
4.28512e-010	0.70612
4.28827e-010	0.703917
4.29142e-010	0.701711
4.29458e-010	0.699502
4.29773e-010	0.697291
4.30089e-010	0.695076
4.30404e-010	0.69286
4.3072e-010	0.69064
4.31035e-010	0.688418
4.3135e-010	0.686194
4.31666e-010	0.683967
4.31981e-010	0.681738
4.32297e-010	0.679507
4.32612e-010	0.677274
4.32928e-010	0.675038
4.33243e-010	0.672801
4.33558e-010	0.670561
4.33874e-010	0.66832
4.34189e-010	0.666077
4.34505e-010	0.663832
4.3482e-010	0.661585
4.35136e-010	0.659337
4.35451e-010	0.657088
4.35766e-010	0.654836
4.36082e-010	0.652584
4.36397e-010	0.65033
4.36713e-010	0.648075
4.37028e-010	0.645818
4.37344e-010	0.643561
4.37659e-010	0.641302
4.37975e-010	0.639043
4.3829e-010	0.636782
4.38605e-010	0.634521
4.38921e-010	0.632259
4.39236e-010	0.629996
4.39552e-010	0.627732
4.39867e-010	0.625468
4.40183e-010	0.623203
4.40498e-010	0.620938
4.40813e-010	0.618673
4.41129e-010	0.616407
4.41444e-010	0.614141
4.4176e-010	0.611874
4.42075e-010	0.609608
4.42391e-010	0.607341
4.42706e-010	0.605074
4.43021e-010	0.602808
4.43337e-010	0.600541
4.43652e-010	0.598275
4.43968e-010	0.596009
4.44283e-010	0.593743
4.44599e-010	0.591477
4.44914e-010	0.589212
4.45229e-010	0.586948
4.45545e-010	0.584684
4.4586e-010	0.58242
4.46176e-010	0.580157
4.46491e-010	0.577895
4.46807e-010	0.575634
4.47122e-010	0.573373
4.47437e-010	0.571114
4.47753e-010	0.568855
4.48068e-010	0.566598
4.48384e-010	0.564341
4.48699e-010	0.562086
4.49015e-010	0.559832
4.4933e-010	0.557579
4.49645e-010	0.555327
4.49961e-010	0.553077
4.50276e-010	0.550828
4.50592e-010	0.548581
4.50907e-010	0.546335
4.51223e-010	0.544091
4.51538e-010	0.541848
4.51853e-010	0.539607
4.52169e-010	0.537368
4.52484e-010	0.535131
4.528e-010	0.532896
4.53115e-010	0.530662
4.53431e-010	0.528431
4.53746e-010	0.526201
4.54061e-010	0.523974
4.54377e-010	0.521749
4.54692e-010	0.519526
4.55008e-010	0.517305
4.55323e-010	0.515086
4.55639e-010	0.51287
4.55954e-010	0.510657
4.56269e-010	0.508445
4.56585e-010	0.506237
4.569e-010	0.50403
4.57216e-010	0.501827
4.57531e-010	0.499626
4.57847e-010	0.497428
4.58162e-010	0.495232
4.58477e-010	0.493039
4.58793e-010	0.49085
4.59108e-010	0.488663
4.59424e-010	0.486479
4.59739e-010	0.484298
4.60055e-010	0.48212
4.6037e-010	0.479945
4.60685e-010	0.477773
4.61001e-010	0.475605
4.61316e-010	0.473439
4.61632e-010	0.471277
4.61947e-010	0.469119
4.62263e-010	0.466963
4.62578e-010	0.464811
4.62893e-010	0.462663
4.63209e-010	0.460518
4.63524e-010	0.458377
4.6384e-010	0.456239
4.64155e-010	0.454105
4.64471e-010	0.451974
4.64786e-010	0.449847
4.65101e-010	0.447724
4.65417e-010	0.445605
4.65732e-010	0.443489
4.66048e-010	0.441378
4.66363e-010	0.43927
4.66679e-010	0.437167
4.66994e-010	0.435067
4.67309e-010	0.432971
4.67625e-010	0.43088
4.6794e-010	0.428792
4.68256e-010	0.426709
4.68571e-010	0.42463
4.68887e-010	0.422555
4.69202e-010	0.420484
4.69518e-010	0.418418
4.69833e-010	0.416356
4.70148e-010	0.414299
4.70464e-010	0.412245
4.70779e-010	0.410197
4.71095e-010	0.408152
4.7141e-010	0.406113
4.71726e-010	0.404077
4.72041e-010	0.402047
4.72356e-010	0.400021
4.72672e-010	0.398
4.72987e-010	0.395983
4.73303e-010	0.393971
4.73618e-010	0.391964
4.73934e-010	0.389961
4.74249e-010	0.387964
4.74564e-010	0.385971
4.7488e-010	0.383983
4.75195e-010	0.382
4.75511e-010	0.380022
4.75826e-010	0.378049
4.76142e-010	0.376081
4.76457e-010	0.374118
4.76772e-010	0.37216
4.77088e-010	0.370207
4.77403e-010	0.368259
4.77719e-010	0.366316
4.78034e-010	0.364379
4.7835e-010	0.362446
4.78665e-010	0.360519
4.7898e-010	0.358597
4.79296e-010	0.356681
4.79611e-010	0.354769
4.79927e-010	0.352863
4.80242e-010	0.350963
4.80558e-010	0.349067
4.80873e-010	0.347177
4.81188e-010	0.345293
4.81504e-010	0.343414
4.81819e-010	0.34154
4.82135e-010	0.339672
4.8245e-010	0.337809
4.82766e-010	0.335952
4.83081e-010	0.334101
4.83396e-010	0.332254
4.83712e-010	0.330414
4.84027e-010	0.328579
4.84343e-010	0.32675
4.84658e-010	0.324926
4.84974e-010	0.323108
4.85289e-010	0.321296
4.85604e-010	0.31949
4.8592e-010	0.317689
4.86235e-010	0.315894
4.86551e-010	0.314105
4.86866e-010	0.312321
4.87182e-010	0.310543
4.87497e-010	0.308771
4.87812e-010	0.307005
4.88128e-010	0.305245
4.88443e-010	0.30349
4.88759e-010	0.301742
4.89074e-010	0.299999
4.8939e-010	0.298262
4.89705e-010	0.296532
4.9002e-010	0.294807
4.90336e-010	0.293088
4.90651e-010	0.291375
4.90967e-010	0.289668
4.91282e-010	0.287966
4.91598e-010	0.286271
4.91913e-010	0.284582
4.92228e-010	0.282899
4.92544e-010	0.281222
4.92859e-010	0.279551
4.93175e-010	0.277886
4.9349e-010	0.276227
4.93806e-010	0.274574
4.94121e-010	0.272928
4.94436e-010	0.271287
4.94752e-010	0.269652
4.95067e-010	0.268024
4.95383e-010	0.266402
4.95698e-010	0.264785
4.96014e-010	0.263175
4.96329e-010	0.261571
4.96644e-010	0.259973
4.9696e-010	0.258382
4.97275e-010	0.256796
4.97591e-010	0.255217
4.97906e-010	0.253644
4.98222e-010	0.252077
4.98537e-010	0.250516
4.98852e-010	0.248961
4.99168e-010	0.247413
4.99483e-010	0.245871
4.99799e-010	0.244335
5.00114e-010	0.242805
5.0043e-010	0.241281
5.00745e-010	0.239764
5.0106e-010	0.238252
5.01376e-010	0.236747
5.01691e-010	0.235249
5.02007e-010	0.233756
5.02322e-010	0.23227
5.02638e-010	0.23079
5.02953e-010	0.229316
5.03269e-010	0.227848
5.03584e-010	0.226387
5.03899e-010	0.224932
5.04215e-010	0.223483
5.0453e-010	0.22204
5.04846e-010	0.220604
5.05161e-010	0.219173
5.05477e-010	0.217749
5.05792e-010	0.216332
5.06107e-010	0.21492
5.06423e-010	0.213515
5.06738e-010	0.212116
5.07054e-010	0.210723
5.07369e-010	0.209336
5.07685e-010	0.207956
5.08e-010	0.206582
5.08315e-010	0.205214
5.08631e-010	0.203852
5.08946e-010	0.202496
5.09262e-010	0.201147
5.09577e-010	0.199804
5.09893e-010	0.198467
5.10208e-010	0.197136
5.10523e-010	0.195811
5.10839e-010	0.194493
5.11154e-010	0.193181
5.1147e-010	0.191875
5.11785e-010	0.190575
5.12101e-010	0.189281
5.12416e-010	0.187994
5.12731e-010	0.186712
5.13047e-010	0.185437
5.13362e-010	0.184168
5.13678e-010	0.182905
5.13993e-010	0.181648
5.14309e-010	0.180397
5.14624e-010	0.179153
5.14939e-010	0.177914
5.15255e-010	0.176682
5.1557e-010	0.175455
5.15886e-010	0.174235
5.16201e-010	0.173021
5.16517e-010	0.171813
5.16832e-010	0.17061
5.17147e-010	0.169414
5.17463e-010	0.168224
5.17778e-010	0.16704
5.18094e-010	0.165862
5.18409e-010	0.16469
5.18725e-010	0.163525
5.1904e-010	0.162365
5.19355e-010	0.161211
5.19671e-010	0.160063
5.19986e-010	0.15892
5.20302e-010	0.157784
5.20617e-010	0.156654
5.20933e-010	0.15553
5.21248e-010	0.154411
5.21563e-010	0.153299
5.21879e-010	0.152192
5.22194e-010	0.151092
5.2251e-010	0.149997
5.22825e-010	0.148908
5.23141e-010	0.147825
5.23456e-010	0.146747
5.23771e-010	0.145676
5.24087e-010	0.14461
5.24402e-010	0.14355
5.24718e-010	0.142496
5.25033e-010	0.141448
5.25349e-010	0.140405
5.25664e-010	0.139368
5.25979e-010	0.138337
5.26295e-010	0.137312
5.2661e-010	0.136292
5.26926e-010	0.135278
5.27241e-010	0.13427
5.27557e-010	0.133267
5.27872e-010	0.13227
5.28187e-010	0.131279
5.28503e-010	0.130293
5.28818e-010	0.129312
5.29134e-010	0.128338
5.29449e-010	0.127369
5.29765e-010	0.126405
5.3008e-010	0.125447
5.30395e-010	0.124495
5.30711e-010	0.123548
5.31026e-010	0.122606
5.31342e-010	0.12167
5.31657e-010	0.12074
5.31973e-010	0.119815
5.32288e-010	0.118895
5.32603e-010	0.117981
5.32919e-010	0.117072
5.33234e-010	0.116168
5.3355e-010	0.11527
5.33865e-010	0.114377
5.34181e-010	0.11349
5.34496e-010	0.112608
5.34812e-010	0.111731
5.35127e-010	0.110859
5.35442e-010	0.109993
5.35758e-010	0.109132
5.36073e-010	0.108276
5.36389e-010	0.107426
5.36704e-010	0.10658
5.3702e-010	0.10574
5.37335e-010	0.104905
5.3765e-010	0.104075
5.37966e-010	0.10325
5.38281e-010	0.10243
5.38597e-010	0.101616
5.38912e-010	0.100806
5.39228e-010	0.100002
5.39543e-010	0.0992021
5.39858e-010	0.0984077
5.40174e-010	0.0976182
5.40489e-010	0.0968337
5.40805e-010	0.0960542
5.4112e-010	0.0952797
5.41436e-010	0.09451
5.41751e-010	0.0937453
5.42066e-010	0.0929855
5.42382e-010	0.0922305
5.42697e-010	0.0914804
5.43013e-010	0.0907351
5.43328e-010	0.0899946
5.43644e-010	0.0892589
5.43959e-010	0.088528
5.44274e-010	0.0878019
5.4459e-010	0.0870805
5.44905e-010	0.0863638
5.45221e-010	0.0856519
5.45536e-010	0.0849446
5.45852e-010	0.0842419
5.46167e-010	0.0835439
5.46482e-010	0.0828506
5.46798e-010	0.0821618
5.47113e-010	0.0814777
5.47429e-010	0.0807981
5.47744e-010	0.080123
5.4806e-010	0.0794525
5.48375e-010	0.0787865
5.4869e-010	0.078125
5.49006e-010	0.077468
5.49321e-010	0.0768154
5.49637e-010	0.0761672
5.49952e-010	0.0755235
5.50268e-010	0.0748842
5.50583e-010	0.0742492
5.50898e-010	0.0736186
5.51214e-010	0.0729923
5.51529e-010	0.0723704
5.51845e-010	0.0717527
5.5216e-010	0.0711393
5.52476e-010	0.0705302
5.52791e-010	0.0699253
5.53106e-010	0.0693246
5.53422e-010	0.0687282
5.53737e-010	0.0681359
5.54053e-010	0.0675478
5.54368e-010	0.0669638
5.54684e-010	0.0663839
5.54999e-010	0.0658081
5.55314e-010	0.0652365
5.5563e-010	0.0646689
5.55945e-010	0.0641053
5.56261e-010	0.0635457
5.56576e-010	0.0629902
5.56892e-010	0.0624386
5.57207e-010	0.061891
5.57522e-010	0.0613474
5.57838e-010	0.0608077
5.58153e-010	0.0602719
5.58469e-010	0.0597399
5.58784e-010	0.0592119
5.591e-010	0.0586877
5.59415e-010	0.0581673
5.5973e-010	0.0576507
5.60046e-010	0.0571379
5.60361e-010	0.0566289
5.60677e-010	0.0561236
5.60992e-010	0.0556221
5.61308e-010	0.0551243
5.61623e-010	0.0546302
5.61938e-010	0.0541397
5.62254e-010	0.0536529
5.62569e-010	0.0531697
5.62885e-010	0.0526902
5.632e-010	0.0522142
5.63516e-010	0.0517419
5.63831e-010	0.051273
5.64146e-010	0.0508078
5.64462e-010	0.050346
5.64777e-010	0.0498877
5.65093e-010	0.0494329
5.65408e-010	0.0489816
5.65724e-010	0.0485337
5.66039e-010	0.0480893
5.66354e-010	0.0476482
5.6667e-010	0.0472106
5.66985e-010	0.0467763
5.67301e-010	0.0463453
5.67616e-010	0.0459177
5.67932e-010	0.0454934
5.68247e-010	0.0450724
5.68563e-010	0.0446546
5.68878e-010	0.0442401
5.69193e-010	0.0438289
5.69509e-010	0.0434208
5.69824e-010	0.043016
5.7014e-010	0.0426143
5.70455e-010	0.0422158
5.70771e-010	0.0418205
5.71086e-010	0.0414282
5.71401e-010	0.0410391
5.71717e-010	0.0406531
5.72032e-010	0.0402701
5.72348e-010	0.0398902
5.72663e-010	0.0395133
5.72979e-010	0.0391394
5.73294e-010	0.0387685
5.73609e-010	0.0384006
5.73925e-010	0.0380357
5.7424e-010	0.0376737
5.74556e-010	0.0373146
5.74871e-010	0.0369584
5.75187e-010	0.0366052
5.75502e-010	0.0362548
5.75817e-010	0.0359072
5.76133e-010	0.0355625
5.76448e-010	0.0352206
5.76764e-010	0.0348815
5.77079e-010	0.0345451
5.77395e-010	0.0342116
5.7771e-010	0.0338808
5.78025e-010	0.0335527
5.78341e-010	0.0332273
5.78656e-010	0.0329047
5.78972e-010	0.0325847
5.79287e-010	0.0322673
5.79603e-010	0.0319526
5.79918e-010	0.0316406
5.80233e-010	0.0313311
5.80549e-010	0.0310243
5.80864e-010	0.03072
5.8118e-010	0.0304183
5.81495e-010	0.0301191
5.81811e-010	0.0298225
5.82126e-010	0.0295283
5.82441e-010	0.0292367
5.82757e-010	0.0289475
5.83072e-010	0.0286608
5.83388e-010	0.0283765
5.83703e-010	0.0280947
5.84019e-010	0.0278152
5.84334e-010	0.0275382
5.84649e-010	0.0272635
5.84965e-010	0.0269912
5.8528e-010	0.0267213
5.85596e-010	0.0264537
5.85911e-010	0.0261884
5.86227e-010	0.0259254
5.86542e-010	0.0256646
5.86857e-010	0.0254062
5.87173e-010	0.02515
5.87488e-010	0.024896
5.87804e-010	0.0246442
5.88119e-010	0.0243947
5.88435e-010	0.0241474
5.8875e-010	0.0239022
5.89065e-010	0.0236592
5.89381e-010	0.0234183
5.89696e-010	0.0231795
5.90012e-010	0.0229429
5.90327e-010	0.0227084
5.90643e-010	0.0224759
5.90958e-010	0.0222455
5.91273e-010	0.0220172
5.91589e-010	0.0217909
5.91904e-010	0.0215666
5.9222e-010	0.0213444
5.92535e-010	0.0211241
5.92851e-010	0.0209058
5.93166e-010	0.0206895
5.93481e-010	0.0204752
5.93797e-010	0.0202627
5.94112e-010	0.0200522
5.94428e-010	0.0198437
5.94743e-010	0.019637
5.95059e-010	0.0194321
5.95374e-010	0.0192292
5.95689e-010	0.0190281
5.96005e-010	0.0188289
5.9632e-010	0.0186314
5.96636e-010	0.0184358
5.96951e-010	0.018242
5.97267e-010	0.01805
5.97582e-010	0.0178597
5.97897e-010	0.0176712
5.98213e-010	0.0174845
5.98528e-010	0.0172995
5.98844e-010	0.0171162
5.99159e-010	0.0169346
5.99475e-010	0.0167547
5.9979e-010	0.0165764
6.00106e-010	0.0163999
6.00421e-010	0.016225
6.00736e-010	0.0160517
6.01052e-010	0.0158801
6.01367e-010	0.0157101
6.01683e-010	0.0155417
6.01998e-010	0.0153748
6.02314e-010	0.0152096
6.02629e-010	0.0150459
6.02944e-010	0.0148838
6.0326e-010	0.0147232
6.03575e-010	0.0145641
6.03891e-010	0.0144066
6.04206e-010	0.0142506
6.04522e-010	0.014096
6.04837e-010	0.013943
6.05152e-010	0.0137914
6.05468e-010	0.0136413
6.05783e-010	0.0134926
6.06099e-010	0.0133453
6.06414e-010	0.0131995
6.0673e-010	0.0130551
6.07045e-010	0.0129121
6.0736e-010	0.0127704
6.07676e-010	0.0126302
6.07991e-010	0.0124913
6.08307e-010	0.0123538
6.08622e-010	0.0122176
6.08938e-010	0.0120827
6.09253e-010	0.0119492
6.09568e-010	0.011817
6.09884e-010	0.011686
6.10199e-010	0.0115564
6.10515e-010	0.011428
6.1083e-010	0.011301
6.11146e-010	0.0111751
6.11461e-010	0.0110505
6.11776e-010	0.0109272
6.12092e-010	0.0108051
6.12407e-010	0.0106842
6.12723e-010	0.0105645
6.13038e-010	0.010446
6.13354e-010	0.0103286
6.13669e-010	0.0102125
6.13984e-010	0.0100975
6.143e-010	0.00998369
6.14615e-010	0.00987101
6.14931e-010	0.00975946
6.15246e-010	0.00964904
6.15562e-010	0.00953974
6.15877e-010	0.00943154
6.16192e-010	0.00932444
6.16508e-010	0.00921843
6.16823e-010	0.0091135
6.17139e-010	0.00900963
6.17454e-010	0.00890683
6.1777e-010	0.00880507
6.18085e-010	0.00870435
6.184e-010	0.00860467
6.18716e-010	0.00850601
6.19031e-010	0.00840836
6.19347e-010	0.00831172
6.19662e-010	0.00821608
6.19978e-010	0.00812142
6.20293e-010	0.00802774
6.20608e-010	0.00793503
6.20924e-010	0.00784328
6.21239e-010	0.00775248
6.21555e-010	0.00766263
6.2187e-010	0.00757371
6.22186e-010	0.00748572
6.22501e-010	0.00739865
6.22816e-010	0.00731249
6.23132e-010	0.00722723
6.23447e-010	0.00714287
6.23763e-010	0.00705939
6.24078e-010	0.00697679
6.24394e-010	0.00689507
6.24709e-010	0.0068142
6.25024e-010	0.00673419
6.2534e-010	0.00665502
6.25655e-010	0.00657669
6.25971e-010	0.0064992
6.26286e-010	0.00642253
6.26602e-010	0.00634667
6.26917e-010	0.00627162
6.27232e-010	0.00619737
6.27548e-010	0.00612392
6.27863e-010	0.00605125
6.28179e-010	0.00597936
6.28494e-010	0.00590825
6.2881e-010	0.00583789
6.29125e-010	0.0057683
6.2944e-010	0.00569945
6.29756e-010	0.00563135
6.30071e-010	0.00556398
6.30387e-010	0.00549735
6.30702e-010	0.00543143
6.31018e-010	0.00536623
6.31333e-010	0.00530174
6.31649e-010	0.00523795
6.31964e-010	0.00517485
6.32279e-010	0.00511245
6.32595e-010	0.00505073
6.3291e-010	0.00498968
6.33226e-010	0.0049293
6.33541e-010	0.00486958
6.33857e-010	0.00481052
6.34172e-010	0.00475211
6.34487e-010	0.00469435
6.34803e-010	0.00463722
6.35118e-010	0.00458072
6.35434e-010	0.00452485
6.35749e-010	0.00446959
6.36065e-010	0.00441495
6.3638e-010	0.00436092
6.36695e-010	0.00430749
6.37011e-010	0.00425465
6.37326e-010	0.0042024
6.37642e-010	0.00415074
6.37957e-010	0.00409965
6.38273e-010	0.00404914
6.38588e-010	0.00399919
6.38903e-010	0.0039498
6.39219e-010	0.00390097
6.39534e-010	0.00385269
6.3985e-010	0.00380495
6.40165e-010	0.00375776
6.40481e-010	0.00371109
6.40796e-010	0.00366496
6.41111e-010	0.00361934
6.41427e-010	0.00357425
6.41742e-010	0.00352967
6.42058e-010	0.00348559
6.42373e-010	0.00344202
6.42689e-010	0.00339894
6.43004e-010	0.00335636
6.43319e-010	0.00331426
6.43635e-010	0.00327265
6.4395e-010	0.00323151
6.44266e-010	0.00319085
6.44581e-010	0.00315065
6.44897e-010	0.00311092
6.45212e-010	0.00307165
6.45527e-010	0.00303282
6.45843e-010	0.00299445
6.46158e-010	0.00295652
6.46474e-010	0.00291903
6.46789e-010	0.00288198
6.47105e-010	0.00284536
6.4742e-010	0.00280916
6.47735e-010	0.00277338
6.48051e-010	0.00273803
6.48366e-010	0.00270308
6.48682e-010	0.00266854
6.48997e-010	0.00263441
6.49313e-010	0.00260068
6.49628e-010	0.00256735
6.49943e-010	0.0025344
6.50259e-010	0.00250185
6.50574e-010	0.00246967
6.5089e-010	0.00243788
6.51205e-010	0.00240647
6.51521e-010	0.00237542
6.51836e-010	0.00234474
6.52151e-010	0.00231443
6.52467e-010	0.00228448
6.52782e-010	0.00225488
6.53098e-010	0.00222563
6.53413e-010	0.00219674
6.53729e-010	0.00216819
6.54044e-010	0.00213998
6.54359e-010	0.0021121
6.54675e-010	0.00208457
6.5499e-010	0.00205736
6.55306e-010	0.00203048
6.55621e-010	0.00200392
6.55937e-010	0.00197768
6.56252e-010	0.00195176
6.56567e-010	0.00192615
6.56883e-010	0.00190085
6.57198e-010	0.00187585
6.57514e-010	0.00185116
6.57829e-010	0.00182677
6.58145e-010	0.00180267
6.5846e-010	0.00177887
6.58775e-010	0.00175536
6.59091e-010	0.00173213
6.59406e-010	0.00170919
6.59722e-010	0.00168653
6.60037e-010	0.00166414
6.60353e-010	0.00164203
6.60668e-010	0.00162019
6.60983e-010	0.00159862
6.61299e-010	0.00157732
6.61614e-010	0.00155627
6.6193e-010	0.00153549
6.62245e-010	0.00151496
6.62561e-010	0.00149468
6.62876e-010	0.00147466
6.63191e-010	0.00145488
6.63507e-010	0.00143535
6.63822e-010	0.00141606
6.64138e-010	0.00139701
6.64453e-010	0.0013782
6.64769e-010	0.00135963
6.65084e-010	0.00134128
6.654e-010	0.00132316
6.65715e-010	0.00130527
6.6603e-010	0.00128761
6.66346e-010	0.00127016
6.66661e-010	0.00125293
6.66977e-010	0.00123593
6.67292e-010	0.00121913
6.67608e-010	0.00120254
6.67923e-010	0.00118617
6.68238e-010	0.00117
6.68554e-010	0.00115404
6.68869e-010	0.00113827
6.69185e-010	0.00112271
6.695e-010	0.00110734
6.69816e-010	0.00109217
6.70131e-010	0.0010772
6.70446e-010	0.00106241
6.70762e-010	0.00104781
6.71077e-010	0.0010334
6.71393e-010	0.00101917
6.71708e-010	0.00100512
6.72024e-010	0.000991256
6.72339e-010	0.000977566
6.72654e-010	0.000964052
6.7297e-010	0.000950712
6.73285e-010	0.000937543
6.73601e-010	0.000924544
6.73916e-010	0.000911712
6.74232e-010	0.000899046
6.74547e-010	0.000886544
6.74862e-010	0.000874203
6.75178e-010	0.000862021
6.75493e-010	0.000849998
6.75809e-010	0.000838131
6.76124e-010	0.000826417
6.7644e-010	0.000814857
6.76755e-010	0.000803446
6.7707e-010	0.000792184
6.77386e-010	0.00078107
6.77701e-010	0.0007701
6.78017e-010	0.000759274
6.78332e-010	0.00074859
6.78648e-010	0.000738045
6.78963e-010	0.00072764
6.79278e-010	0.00071737
6.79594e-010	0.000707236
6.79909e-010	0.000697235
6.80225e-010	0.000687366
6.8054e-010	0.000677628
6.80856e-010	0.000668018
6.81171e-010	0.000658535
6.81486e-010	0.000649177
6.81802e-010	0.000639944
6.82117e-010	0.000630833
6.82433e-010	0.000621843
6.82748e-010	0.000612973
6.83064e-010	0.000604221
6.83379e-010	0.000595585
6.83694e-010	0.000587065
6.8401e-010	0.000578658
6.84325e-010	0.000570364
6.84641e-010	0.000562181
6.84956e-010	0.000554107
6.85272e-010	0.000546142
6.85587e-010	0.000538284
6.85902e-010	0.000530532
6.86218e-010	0.000522884
6.86533e-010	0.000515339
6.86849e-010	0.000507895
6.87164e-010	0.000500552
6.8748e-010	0.000493309
6.87795e-010	0.000486163
6.8811e-010	0.000479115
6.88426e-010	0.000472162
6.88741e-010	0.000465303
6.89057e-010	0.000458538
6.89372e-010	0.000451864
6.89688e-010	0.000445282
6.90003e-010	0.000438789
6.90318e-010	0.000432385
6.90634e-010	0.000426068
6.90949e-010	0.000419838
6.91265e-010	0.000413693
6.9158e-010	0.000407633
6.91896e-010	0.000401656
6.92211e-010	0.00039576
6.92526e-010	0.000389946
6.92842e-010	0.000384212
6.93157e-010	0.000378557
6.93473e-010	0.00037298
6.93788e-010	0.00036748
6.94104e-010	0.000362056
6.94419e-010	0.000356707
6.94734e-010	0.000351432
6.9505e-010	0.00034623
6.95365e-010	0.000341101
6.95681e-010	0.000336043
6.95996e-010	0.000331055
6.96312e-010	0.000326137
6.96627e-010	0.000321287
6.96943e-010	0.000316505
6.97258e-010	0.00031179
6.97573e-010	0.000307141
6.97889e-010	0.000302556
6.98204e-010	0.000298037
6.9852e-010	0.00029358
6.98835e-010	0.000289186
6.99151e-010	0.000284854
6.99466e-010	0.000280583
6.99781e-010	0.000276372
7.00097e-010	0.000272221
7.00412e-010	0.000268128
7.00728e-010	0.000264093
7.01043e-010	0.000260115
7.01359e-010	0.000256193
7.01674e-010	0.000252327
7.01989e-010	0.000248516
7.02305e-010	0.000244759
7.0262e-010	0.000241056
7.02936e-010	0.000237405
7.03251e-010	0.000233806
7.03567e-010	0.000230258
7.03882e-010	0.000226762
7.04197e-010	0.000223315
7.04513e-010	0.000219917
7.04828e-010	0.000216568
7.05144e-010	0.000213268
7.05459e-010	0.000210014
7.05775e-010	0.000206807
7.0609e-010	0.000203647
7.06405e-010	0.000200532
7.06721e-010	0.000197462
7.07036e-010	0.000194436
7.07352e-010	0.000191453
7.07667e-010	0.000188514
7.07983e-010	0.000185618
7.08298e-010	0.000182763
7.08613e-010	0.00017995
7.08929e-010	0.000177178
7.09244e-010	0.000174445
7.0956e-010	0.000171753
7.09875e-010	0.0001691
7.10191e-010	0.000166485
7.10506e-010	0.000163909
7.10821e-010	0.00016137
7.11137e-010	0.000158868
7.11452e-010	0.000156403
7.11768e-010	0.000153974
7.12083e-010	0.000151581
7.12399e-010	0.000149223
7.12714e-010	0.000146899
7.13029e-010	0.00014461
7.13345e-010	0.000142354
7.1366e-010	0.000140131
7.13976e-010	0.000137942
7.14291e-010	0.000135784
7.14607e-010	0.000133659
7.14922e-010	0.000131564
7.15237e-010	0.000129501
7.15553e-010	0.000127469
7.15868e-010	0.000125466
7.16184e-010	0.000123494
