% time-domain voltage integration by openEMS v0.0.35 @Mon Apr 13 04:02:57 2020
% start-coordinates: (0.0510354,-0.00118687,0.7525) m -> [71,49,168]
% stop-coordinates: (0.115126,-0.00118687,0.7525) m -> [98,49,168]
% t/s	voltage
0	0
3.12275664039e-011	0
6.24551328077e-011	0
9.36826992116e-011	0
1.24910265615e-010	0
1.56137832019e-010	0
1.87365398423e-010	0
2.18592964827e-010	0
2.49820531231e-010	0
2.81048097635e-010	0
3.12275664039e-010	0
3.43503230443e-010	0
3.74730796846e-010	0
4.0595836325e-010	0
4.37185929654e-010	0
4.68413496058e-010	0
4.99641062462e-010	0
5.30868628866e-010	0
5.6209619527e-010	0
5.93323761674e-010	0
6.24551328077e-010	0
6.55778894481e-010	0
6.87006460885e-010	0
7.18234027289e-010	0
7.49461593693e-010	0
7.80689160097e-010	0
8.11916726501e-010	0
8.43144292905e-010	0
8.74371859308e-010	0
9.05599425712e-010	0
9.36826992116e-010	0
9.6805455852e-010	0
9.99282124924e-010	0
1.03050969133e-009	0
1.06173725773e-009	0
1.09296482414e-009	0
1.12419239054e-009	0
1.15541995694e-009	0
1.18664752335e-009	0
1.21787508975e-009	0
1.24910265615e-009	0
1.28033022256e-009	0
1.31155778896e-009	0
1.34278535537e-009	0
1.37401292177e-009	0
1.40524048817e-009	0
1.43646805458e-009	0
1.46769562098e-009	0
1.49892318739e-009	0
1.53015075379e-009	0
1.56137832019e-009	0
1.5926058866e-009	0
1.623833453e-009	0
1.65506101941e-009	0
1.68628858581e-009	0
1.71751615221e-009	0
1.74874371862e-009	0
1.77997128502e-009	0
1.81119885142e-009	9.10581456009e-032
1.84242641783e-009	3.22132766948e-030
1.87365398423e-009	9.64714956024e-029
1.90488155064e-009	2.55159295678e-027
1.93610911704e-009	5.96894392682e-026
1.96733668344e-009	1.23736481157e-024
1.99856424985e-009	2.27709755904e-023
2.02979181625e-009	3.7261589425e-022
2.06101938266e-009	5.42999027552e-021
2.09224694906e-009	7.05691749824e-020
2.12347451546e-009	8.19025479284e-019
2.15470208187e-009	8.4998901159e-018
2.18592964827e-009	7.89810515673e-017
2.21715721467e-009	6.57954551962e-016
2.24838478108e-009	4.92074953771e-015
2.27961234748e-009	3.30887422793e-014
2.31083991389e-009	2.00388294181e-013
2.34206748029e-009	1.09506928333e-012
2.37329504669e-009	5.41192931398e-012
2.4045226131e-009	2.42502193998e-011
2.4357501795e-009	9.88085440291e-011
2.46697774591e-009	3.67265508804e-010
2.49820531231e-009	1.24950962424e-009
2.52943287871e-009	3.9041337524e-009
2.56066044512e-009	1.1237040104e-008
2.59188801152e-009	2.98655685183e-008
2.62311557793e-009	7.34090614962e-008
2.65434314433e-009	1.66957417225e-007
2.68557071073e-009	3.51148830902e-007
2.71679827714e-009	6.81909680722e-007
2.74802584354e-009	1.21970651534e-006
2.77925340994e-009	2.00300514308e-006
2.81048097635e-009	3.00797959341e-006
2.84170854275e-009	4.11059053818e-006
2.87293610916e-009	5.0805270746e-006
2.90416367556e-009	5.63463025571e-006
2.93539124196e-009	5.54895382265e-006
2.96661880837e-009	4.78169019402e-006
2.99784637477e-009	3.52785150426e-006
3.02907394118e-009	2.14991995762e-006
3.06030150758e-009	1.00869055686e-006
3.09152907398e-009	2.98733517923e-007
3.12275664039e-009	-3.31308369628e-009
3.15398420679e-009	-5.72823959377e-008
3.1852117732e-009	-2.71585298695e-008
3.2164393396e-009	-1.01128686762e-009
3.247666906e-009	4.26063869081e-009
3.27889447241e-009	-1.17441827444e-009
3.31012203881e-009	-8.15708615931e-009
3.34134960521e-009	-1.06900011412e-008
3.37257717162e-009	-4.2096052269e-009
3.40380473802e-009	1.00807535349e-008
3.43503230443e-009	2.36957922728e-008
3.46625987083e-009	2.72050342878e-008
3.49748743723e-009	1.79092808777e-008
3.52871500364e-009	6.77280186795e-010
3.55994257004e-009	-1.6372731438e-008
3.59117013645e-009	-2.6183504663e-008
3.62239770285e-009	-2.59131645829e-008
3.65362526925e-009	-1.70290497805e-008
3.68485283566e-009	-3.67090866645e-009
3.71608040206e-009	9.62172128603e-009
3.74730796846e-009	1.92727486401e-008
3.77853553487e-009	2.22611808223e-008
3.80976310127e-009	1.7234716751e-008
3.84099066768e-009	6.0368779628e-009
3.87221823408e-009	-5.78842813265e-009
3.90344580048e-009	-1.2406428912e-008
3.93467336689e-009	-1.12787658449e-008
3.96590093329e-009	-3.88193704091e-009
3.9971284997e-009	5.62895996654e-009
4.0283560661e-009	1.33634290092e-008
4.0595836325e-009	1.7129680157e-008
4.09081119891e-009	1.66882922481e-008
4.12203876531e-009	1.28642319939e-008
4.15326633172e-009	6.78179292064e-009
4.18449389812e-009	-1.08092307457e-009
4.21572146452e-009	-9.73043622066e-009
4.24694903093e-009	-1.70109427091e-008
4.27817659733e-009	-1.96467015929e-008
4.30940416373e-009	-1.48838601131e-008
4.34063173014e-009	-3.31970382433e-009
4.37185929654e-009	1.0597806189e-008
4.40308686295e-009	2.10910212784e-008
4.43431442935e-009	2.41904510381e-008
4.46554199575e-009	2.02717545528e-008
4.49676956216e-009	1.25879901329e-008
4.52799712856e-009	4.35210827966e-009
4.55922469497e-009	-3.11320902217e-009
4.59045226137e-009	-9.47145888195e-009
4.62167982777e-009	-1.37406886772e-008
4.65290739418e-009	-1.38187438506e-008
4.68413496058e-009	-8.18401519123e-009
4.71536252698e-009	1.75512763351e-009
