% time-domain voltage integration by openEMS v0.0.35 @Mon Apr 13 04:02:57 2020
% start-coordinates: (0.0510354,-0.00118687,0.75) m -> [71,49,165]
% stop-coordinates: (0.115126,-0.00118687,0.75) m -> [98,49,165]
% t/s	voltage
0	0
3.12275664039e-011	0
6.24551328077e-011	0
9.36826992116e-011	0
1.24910265615e-010	0
1.56137832019e-010	0
1.87365398423e-010	0
2.18592964827e-010	0
2.49820531231e-010	0
2.81048097635e-010	0
3.12275664039e-010	0
3.43503230443e-010	0
3.74730796846e-010	0
4.0595836325e-010	0
4.37185929654e-010	0
4.68413496058e-010	0
4.99641062462e-010	0
5.30868628866e-010	0
5.6209619527e-010	0
5.93323761674e-010	0
6.24551328077e-010	0
6.55778894481e-010	0
6.87006460885e-010	0
7.18234027289e-010	0
7.49461593693e-010	0
7.80689160097e-010	0
8.11916726501e-010	0
8.43144292905e-010	0
8.74371859308e-010	0
9.05599425712e-010	0
9.36826992116e-010	0
9.6805455852e-010	0
9.99282124924e-010	0
1.03050969133e-009	0
1.06173725773e-009	0
1.09296482414e-009	0
1.12419239054e-009	0
1.15541995694e-009	0
1.18664752335e-009	0
1.21787508975e-009	0
1.24910265615e-009	0
1.28033022256e-009	0
1.31155778896e-009	0
1.34278535537e-009	0
1.37401292177e-009	0
1.40524048817e-009	0
1.43646805458e-009	0
1.46769562098e-009	0
1.49892318739e-009	0
1.53015075379e-009	0
1.56137832019e-009	0
1.5926058866e-009	0
1.623833453e-009	0
1.65506101941e-009	0
1.68628858581e-009	0
1.71751615221e-009	0
1.74874371862e-009	0
1.77997128502e-009	2.69788939699e-033
1.81119885142e-009	2.52654609032e-031
1.84242641783e-009	8.44807312824e-030
1.87365398423e-009	2.44619556262e-028
1.90488155064e-009	6.25541188898e-027
1.93610911704e-009	1.41530925912e-025
1.96733668344e-009	2.83856821009e-024
1.99856424985e-009	5.05543431001e-023
2.02979181625e-009	8.00815091964e-022
2.06101938266e-009	1.12999454435e-020
2.09224694906e-009	1.42235329994e-019
2.12347451546e-009	1.59923862964e-018
2.15470208187e-009	1.60828996366e-017
2.18592964827e-009	1.44853513887e-016
2.21715721467e-009	1.17001317124e-015
2.24838478108e-009	8.48728217524e-015
2.27961234748e-009	5.53785398589e-014
2.31083991389e-009	3.25592043222e-013
2.34206748029e-009	1.72839194874e-012
2.37329504669e-009	8.30345959092e-012
2.4045226131e-009	3.61981350927e-011
2.4357501795e-009	1.43625479131e-010
2.46697774591e-009	5.20378249172e-010
2.49820531231e-009	1.72752711095e-009
2.52943287871e-009	5.27200814948e-009
2.56066044512e-009	1.48329141192e-008
2.59188801152e-009	3.85591388818e-008
2.62311557793e-009	9.27309191656e-008
2.65434314433e-009	2.06350249776e-007
2.68557071073e-009	4.24519985387e-007
2.71679827714e-009	8.05968682016e-007
2.74802584354e-009	1.40837029861e-006
2.77925340994e-009	2.25743252358e-006
2.81048097635e-009	3.30510949453e-006
2.84170854275e-009	4.39722082746e-006
2.87293610916e-009	5.28150157209e-006
2.90416367556e-009	5.67862083756e-006
2.93539124196e-009	5.40345681088e-006
2.96661880837e-009	4.47725847863e-006
2.99784637477e-009	3.15176332322e-006
3.02907394118e-009	1.80699925423e-006
3.06030150758e-009	7.7171985069e-007
3.09152907398e-009	1.81178576586e-007
3.12275664039e-009	-3.62453091429e-008
3.15398420679e-009	-5.35761227605e-008
3.1852117732e-009	-1.87747847269e-008
3.2164393396e-009	2.10202705329e-009
3.247666906e-009	3.61764138611e-009
3.27889447241e-009	-2.86974412289e-009
3.31012203881e-009	-9.38553068597e-009
3.34134960521e-009	-1.01620213494e-008
3.37257717162e-009	-1.48455685765e-009
3.40380473802e-009	1.3591858989e-008
3.43503230443e-009	2.56084364825e-008
3.46625987083e-009	2.62034310083e-008
3.49748743723e-009	1.45836355986e-008
3.52871500364e-009	-3.29945501649e-009
3.55994257004e-009	-1.92551745312e-008
3.59117013645e-009	-2.69891863094e-008
3.62239770285e-009	-2.46720855308e-008
3.65362526925e-009	-1.44853876186e-008
3.68485283566e-009	-8.30845725552e-010
3.71608040206e-009	1.19934512668e-008
3.74730796846e-009	2.0536861739e-008
3.77853553487e-009	2.19691162276e-008
3.80976310127e-009	1.54217027759e-008
3.84099066768e-009	3.55722963585e-009
3.87221823408e-009	-7.65129806041e-009
3.90344580048e-009	-1.28574293538e-008
3.93467336689e-009	-1.02882598794e-008
3.96590093329e-009	-2.15048562811e-009
3.9971284997e-009	7.27472198496e-009
4.0283560661e-009	1.4349654312e-008
4.0595836325e-009	1.72924041579e-008
4.09081119891e-009	1.61051567221e-008
4.12203876531e-009	1.17577329097e-008
4.15326633172e-009	5.23088690071e-009
4.18449389812e-009	-3.00803991785e-009
4.21572146452e-009	-1.17506622002e-008
4.24694903093e-009	-1.85812675385e-008
4.27817659733e-009	-2.00229612109e-008
4.30940416373e-009	-1.36988306254e-008
4.34063173014e-009	-9.71203117928e-010
4.37185929654e-009	1.3192024792e-008
4.40308686295e-009	2.29388559814e-008
4.43431442935e-009	2.48447251591e-008
4.46554199575e-009	1.99581189353e-008
4.49676956216e-009	1.17464840979e-008
4.52799712856e-009	3.30783634338e-009
4.55922469497e-009	-4.23824143836e-009
4.59045226137e-009	-1.04690057456e-008
4.62167982777e-009	-1.42570630024e-008
4.65290739418e-009	-1.34154108178e-008
4.68413496058e-009	-6.8955807158e-009
4.71536252698e-009	3.461613763e-009
