% time-domain voltage integration by openEMS v0.0.35 @Mon Apr 13 04:02:57 2020
% start-coordinates: (0.0510354,-0.00118687,0.2525) m -> [71,49,57]
% stop-coordinates: (0.115126,-0.00118687,0.2525) m -> [98,49,57]
% t/s	voltage
0	0
3.12275664039e-011	0
6.24551328077e-011	0
9.36826992116e-011	0
1.24910265615e-010	0
1.56137832019e-010	0
1.87365398423e-010	0
2.18592964827e-010	0
2.49820531231e-010	0
2.81048097635e-010	0
3.12275664039e-010	0
3.43503230443e-010	0
3.74730796846e-010	0
4.0595836325e-010	2.28102587132e-031
4.37185929654e-010	1.54467769751e-028
4.68413496058e-010	5.57709149514e-026
4.99641062462e-010	1.15405140747e-023
5.30868628866e-010	1.44761902662e-021
5.6209619527e-010	1.15197354859e-019
5.93323761674e-010	6.03575091756e-018
6.24551328077e-010	2.14699437541e-016
6.55778894481e-010	5.31932997018e-015
6.87006460885e-010	9.38245402188e-014
7.18234027289e-010	1.20153686601e-012
7.49461593693e-010	1.13879963673e-011
7.80689160097e-010	8.15842701556e-011
8.11916726501e-010	4.53364308768e-010
8.43144292905e-010	2.01950757506e-009
8.74371859308e-010	7.49523204613e-009
9.05599425712e-010	2.40547030073e-008
9.36826992116e-010	6.85023825442e-008
9.6805455852e-010	1.75060005159e-007
9.99282124924e-010	4.02190272197e-007
1.03050969133e-009	8.29303274941e-007
1.06173725773e-009	1.53109670009e-006
1.09296482414e-009	2.52526022848e-006
1.12419239054e-009	3.71117354092e-006
1.15541995694e-009	4.84383892285e-006
1.18664752335e-009	5.59304423575e-006
1.21787508975e-009	5.68710353832e-006
1.24910265615e-009	5.06390280464e-006
1.28033022256e-009	3.92132381677e-006
1.31155778896e-009	2.61699607051e-006
1.34278535537e-009	1.48579252723e-006
1.37401292177e-009	7.02489339588e-007
1.40524048817e-009	2.66792741233e-007
1.43646805458e-009	7.89206220445e-008
1.46769562098e-009	2.59287580608e-008
1.49892318739e-009	2.68980931972e-008
1.53015075379e-009	3.78918759286e-008
1.56137832019e-009	4.1150501201e-008
1.5926058866e-009	3.34370023058e-008
1.623833453e-009	1.77509446239e-008
1.65506101941e-009	-1.50988234415e-009
1.68628858581e-009	-2.08070140839e-008
1.71751615221e-009	-3.72615410402e-008
1.74874371862e-009	-4.73009186402e-008
1.77997128502e-009	-4.65380722639e-008
1.81119885142e-009	-3.22480249726e-008
1.84242641783e-009	-6.61465420632e-009
1.87365398423e-009	2.12865284288e-008
1.90488155064e-009	4.02399383467e-008
1.93610911704e-009	4.39522119889e-008
1.96733668344e-009	3.39758679511e-008
1.99856424985e-009	1.71227117103e-008
2.02979181625e-009	-4.14615411448e-010
2.06101938266e-009	-1.58149215668e-008
2.09224694906e-009	-2.87535893151e-008
2.12347451546e-009	-3.80709784271e-008
2.15470208187e-009	-4.082512612e-008
2.18592964827e-009	-3.3738451366e-008
2.21715721467e-009	-1.54372397157e-008
2.24838478108e-009	1.18409819831e-008
2.27961234748e-009	4.11965556529e-008
2.31083991389e-009	6.28688834603e-008
2.34206748029e-009	6.79500133938e-008
2.37329504669e-009	5.40474635186e-008
2.4045226131e-009	2.73605575002e-008
2.4357501795e-009	-1.20173432316e-009
2.46697774591e-009	-2.3055336959e-008
2.49820531231e-009	-3.66890268513e-008
2.52943287871e-009	-4.5525916148e-008
2.56066044512e-009	-5.21939363014e-008
2.59188801152e-009	-5.48776115245e-008
2.62311557793e-009	-4.88858121345e-008
2.65434314433e-009	-3.17399539429e-008
2.68557071073e-009	-5.85770530692e-009
2.71679827714e-009	2.25348364483e-008
2.74802584354e-009	4.68244671925e-008
2.77925340994e-009	6.21696146022e-008
2.81048097635e-009	6.52602053508e-008
2.84170854275e-009	5.43065795805e-008
2.87293610916e-009	3.07429477153e-008
2.90416367556e-009	9.93709390815e-010
2.93539124196e-009	-2.54105397141e-008
2.96661880837e-009	-4.04007492669e-008
2.99784637477e-009	-4.1833574535e-008
3.02907394118e-009	-3.32783212341e-008
3.06030150758e-009	-2.02325630069e-008
3.09152907398e-009	-6.47456133152e-009
3.12275664039e-009	6.63968299786e-009
3.15398420679e-009	1.84642447235e-008
3.1852117732e-009	2.79876358478e-008
3.2164393396e-009	3.44835061755e-008
3.247666906e-009	3.79024259131e-008
3.27889447241e-009	3.78931210958e-008
3.31012203881e-009	3.22396221664e-008
3.34134960521e-009	1.77394343659e-008
3.37257717162e-009	-6.90779181078e-009
3.40380473802e-009	-3.70969723412e-008
3.43503230443e-009	-6.27459032371e-008
3.46625987083e-009	-7.32110684853e-008
3.49748743723e-009	-6.4163700686e-008
3.52871500364e-009	-4.05378302593e-008
3.55994257004e-009	-1.28452914555e-008
3.59117013645e-009	1.00737700074e-008
3.62239770285e-009	2.55374490998e-008
3.65362526925e-009	3.58511257001e-008
3.68485283566e-009	4.32647468893e-008
3.71608040206e-009	4.69429185107e-008
3.74730796846e-009	4.37259573723e-008
3.77853553487e-009	3.15277492446e-008
3.80976310127e-009	1.18207659772e-008
3.84099066768e-009	-1.1009128581e-008
3.87221823408e-009	-3.1231192979e-008
3.90344580048e-009	-4.35944342014e-008
3.93467336689e-009	-4.44600805477e-008
3.96590093329e-009	-3.33046279999e-008
3.9971284997e-009	-1.34501676879e-008
4.0283560661e-009	8.46787837072e-009
4.0595836325e-009	2.57481428262e-008
4.09081119891e-009	3.487722312e-008
4.12203876531e-009	3.69010481616e-008
4.15326633172e-009	3.52373476648e-008
4.18449389812e-009	3.21926881541e-008
4.21572146452e-009	2.6579890114e-008
4.24694903093e-009	1.53373657941e-008
4.27817659733e-009	-3.58495775774e-009
4.30940416373e-009	-2.74758678032e-008
4.34063173014e-009	-4.98639762779e-008
4.37185929654e-009	-6.29457013387e-008
4.40308686295e-009	-6.22723815569e-008
4.43431442935e-009	-4.85647460441e-008
4.46554199575e-009	-2.63632754932e-008
4.49676956216e-009	-1.20698807893e-009
4.52799712856e-009	2.25327028702e-008
4.55922469497e-009	4.1624107619e-008
4.59045226137e-009	5.39722782716e-008
4.62167982777e-009	5.80666236205e-008
4.65290739418e-009	5.3686184498e-008
4.68413496058e-009	4.19583246203e-008
4.71536252698e-009	2.5116001473e-008
