% time-domain voltage integration by openEMS v0.0.35 @Mon Apr 13 04:02:57 2020
% start-coordinates: (0.0510354,-0.00118687,0.7477) m -> [71,49,159]
% stop-coordinates: (0.115126,-0.00118687,0.7477) m -> [98,49,159]
% t/s	voltage
0	0
3.12275664039e-011	0
6.24551328077e-011	0
9.36826992116e-011	0
1.24910265615e-010	0
1.56137832019e-010	0
1.87365398423e-010	0
2.18592964827e-010	0
2.49820531231e-010	0
2.81048097635e-010	0
3.12275664039e-010	0
3.43503230443e-010	0
3.74730796846e-010	0
4.0595836325e-010	0
4.37185929654e-010	0
4.68413496058e-010	0
4.99641062462e-010	0
5.30868628866e-010	0
5.6209619527e-010	0
5.93323761674e-010	0
6.24551328077e-010	0
6.55778894481e-010	0
6.87006460885e-010	0
7.18234027289e-010	0
7.49461593693e-010	0
7.80689160097e-010	0
8.11916726501e-010	0
8.43144292905e-010	0
8.74371859308e-010	0
9.05599425712e-010	0
9.36826992116e-010	0
9.6805455852e-010	0
9.99282124924e-010	0
1.03050969133e-009	0
1.06173725773e-009	0
1.09296482414e-009	0
1.12419239054e-009	0
1.15541995694e-009	0
1.18664752335e-009	0
1.21787508975e-009	0
1.24910265615e-009	0
1.28033022256e-009	0
1.31155778896e-009	0
1.34278535537e-009	0
1.37401292177e-009	0
1.40524048817e-009	0
1.43646805458e-009	0
1.46769562098e-009	0
1.49892318739e-009	0
1.53015075379e-009	0
1.56137832019e-009	0
1.5926058866e-009	0
1.623833453e-009	0
1.65506101941e-009	0
1.68628858581e-009	0
1.71751615221e-009	0
1.74874371862e-009	0
1.77997128502e-009	1.23810896301e-032
1.81119885142e-009	6.16803872029e-031
1.84242641783e-009	1.974428937e-029
1.87365398423e-009	5.54746811185e-028
1.90488155064e-009	1.37699076773e-026
1.93610911704e-009	3.02539088731e-025
1.96733668344e-009	5.89454589402e-024
1.99856424985e-009	1.02018943727e-022
2.02979181625e-009	1.57095147483e-021
2.06101938266e-009	2.15546069706e-020
2.09224694906e-009	2.63888268925e-019
2.12347451546e-009	2.88658067968e-018
2.15470208187e-009	2.82487011473e-017
2.18592964827e-009	2.47647405773e-016
2.21715721467e-009	1.94750836966e-015
2.24838478108e-009	1.37583555799e-014
2.27961234748e-009	8.74567796672e-014
2.31083991389e-009	5.01131272337e-013
2.34206748029e-009	2.59388764265e-012
2.37329504669e-009	1.21575074227e-011
2.4045226131e-009	5.17410600042e-011
2.4357501795e-009	2.00571671251e-010
2.46697774591e-009	7.10554578717e-010
2.49820531231e-009	2.30833326759e-009
2.52943287871e-009	6.89880132188e-009
2.56066044512e-009	1.90202238959e-008
2.59188801152e-009	4.84712300297e-008
2.62311557793e-009	1.14291377473e-007
2.65434314433e-009	2.4932995224e-007
2.68557071073e-009	5.02676511083e-007
2.71679827714e-009	9.34710209677e-007
2.74802584354e-009	1.59849394166e-006
2.77925340994e-009	2.50514803213e-006
2.81048097635e-009	3.58202869677e-006
2.84170854275e-009	4.64758535657e-006
2.87293610916e-009	5.4340435014e-006
2.90416367556e-009	5.67388319439e-006
2.93539124196e-009	5.22555663451e-006
2.96661880837e-009	4.17020616794e-006
2.99784637477e-009	2.80479560644e-006
3.02907394118e-009	1.51299239093e-006
3.06030150758e-009	5.84126683023e-007
3.09152907398e-009	9.80346789303e-008
3.12275664039e-009	-5.37233780795e-008
3.15398420679e-009	-4.73688196445e-008
3.1852117732e-009	-1.23439411401e-008
3.2164393396e-009	3.7175313535e-009
3.247666906e-009	2.65110286848e-009
3.27889447241e-009	-4.4083616705e-009
3.31012203881e-009	-1.02671661797e-008
3.34134960521e-009	-9.21168953442e-009
3.37257717162e-009	1.3741264758e-009
3.40380473802e-009	1.66944383179e-008
3.43503230443e-009	2.6813743054e-008
3.46625987083e-009	2.4716604638e-008
3.49748743723e-009	1.12612602229e-008
3.52871500364e-009	-6.85443259964e-009
3.55994257004e-009	-2.15393284701e-008
3.59117013645e-009	-2.731347961e-008
3.62239770285e-009	-2.32203273623e-008
3.65362526925e-009	-1.20295801792e-008
3.68485283566e-009	1.73181767538e-009
3.71608040206e-009	1.40228268233e-008
3.74730796846e-009	2.14478676278e-008
3.77853553487e-009	2.14073795496e-008
3.80976310127e-009	1.35429867876e-008
3.84099066768e-009	1.2926154383e-009
3.87221823408e-009	-9.15421836771e-009
3.90344580048e-009	-1.30001760329e-008
3.93467336689e-009	-9.1893692343e-009
3.96590093329e-009	-5.23289685889e-010
3.9971284997e-009	8.70603545852e-009
4.0283560661e-009	1.51241946744e-008
4.0595836325e-009	1.73228622558e-008
4.09081119891e-009	1.5489317641e-008
4.12203876531e-009	1.07030332375e-008
4.15326633172e-009	3.76614994052e-009
4.18449389812e-009	-4.78738694347e-009
4.21572146452e-009	-1.35655096947e-008
4.24694903093e-009	-1.98870350457e-008
4.27817659733e-009	-2.016039043e-008
4.30940416373e-009	-1.24468023111e-008
4.34063173014e-009	1.19990120877e-009
4.37185929654e-009	1.54295729353e-008
4.40308686295e-009	2.43962254252e-008
4.43431442935e-009	2.52673113509e-008
4.46554199575e-009	1.9610849944e-008
4.49676956216e-009	1.10123616892e-008
4.52799712856e-009	2.39926459386e-009
4.55922469497e-009	-5.23068130823e-009
4.59045226137e-009	-1.13467604809e-008
4.62167982777e-009	-1.46363568002e-008
4.65290739418e-009	-1.29164024407e-008
4.68413496058e-009	-5.61948909628e-009
4.71536252698e-009	5.03026098553e-009
