% time-domain voltage integration by openEMS v0.0.35 @Mon Apr 13 04:02:57 2020
% start-coordinates: (0.0510354,-0.00118687,0.2475) m -> [71,49,50]
% stop-coordinates: (0.115126,-0.00118687,0.2475) m -> [98,49,50]
% t/s	voltage
0	0
3.12275664039e-011	0
6.24551328077e-011	0
9.36826992116e-011	0
1.24910265615e-010	0
1.56137832019e-010	0
1.87365398423e-010	0
2.18592964827e-010	0
2.49820531231e-010	0
2.81048097635e-010	0
3.12275664039e-010	0
3.43503230443e-010	0
3.74730796846e-010	6.71453155825e-033
4.0595836325e-010	7.79972710316e-030
4.37185929654e-010	3.80448186168e-027
4.68413496058e-010	1.02637558853e-024
4.99641062462e-010	1.63180563684e-022
5.30868628866e-010	1.60887045913e-020
5.6209619527e-010	1.02529749561e-018
5.93323761674e-010	4.36908354036e-017
6.24551328077e-010	1.28038064444e-015
6.55778894481e-010	2.64221188048e-014
6.87006460885e-010	3.91949951939e-013
7.18234027289e-010	4.26063397345e-012
7.49461593693e-010	3.46225324886e-011
7.80689160097e-010	2.15303987312e-010
8.11916726501e-010	1.05551037702e-009
8.43144292905e-010	4.23254137294e-009
8.74371859308e-010	1.44414770142e-008
9.05599425712e-010	4.32982742993e-008
9.36826992116e-010	1.16092969016e-007
9.6805455852e-010	2.79792613522e-007
9.99282124924e-010	6.05741799831e-007
1.03050969133e-009	1.17546432321e-006
1.06173725773e-009	2.03991843151e-006
1.09296482414e-009	3.15864161138e-006
1.12419239054e-009	4.35129914678e-006
1.15541995694e-009	5.31404924686e-006
1.18664752335e-009	5.72960176726e-006
1.21787508975e-009	5.4267248828e-006
1.24910265615e-009	4.48738496317e-006
1.28033022256e-009	3.21408128201e-006
1.31155778896e-009	1.97205148922e-006
1.34278535537e-009	1.01828176113e-006
1.37401292177e-009	4.2835726255e-007
1.40524048817e-009	1.38522265991e-007
1.43646805458e-009	3.45896107867e-008
1.46769562098e-009	1.87702055175e-008
1.49892318739e-009	3.04171154999e-008
1.53015075379e-009	4.06266172995e-008
1.56137832019e-009	3.99414894908e-008
1.5926058866e-009	2.88414488334e-008
1.623833453e-009	1.12914426368e-008
1.65506101941e-009	-8.43748496071e-009
1.68628858581e-009	-2.72886949565e-008
1.71751615221e-009	-4.22357794919e-008
1.74874371862e-009	-4.93772980004e-008
1.77997128502e-009	-4.4410902832e-008
1.81119885142e-009	-2.55992752274e-008
1.84242641783e-009	2.49340033343e-009
1.87365398423e-009	2.91893986343e-008
1.90488155064e-009	4.40427366244e-008
1.93610911704e-009	4.31036119575e-008
1.96733668344e-009	3.01188561522e-008
1.99856424985e-009	1.23711340616e-008
2.02979181625e-009	-4.7868854991e-009
2.06101938266e-009	-1.96918589282e-008
2.09224694906e-009	-3.2113379473e-008
2.12347451546e-009	-4.0305032048e-008
2.15470208187e-009	-4.10272002274e-008
2.18592964827e-009	-3.10793223796e-008
2.21715721467e-009	-9.9082219096e-009
2.24838478108e-009	1.91200050931e-008
2.27961234748e-009	4.81699635561e-008
2.31083991389e-009	6.70065957858e-008
2.34206748029e-009	6.76724692811e-008
2.37329504669e-009	4.98094517853e-008
2.4045226131e-009	2.12245153293e-008
2.4357501795e-009	-6.80073811155e-009
2.46697774591e-009	-2.70359668542e-008
2.49820531231e-009	-3.94051247188e-008
2.52943287871e-009	-4.78371784129e-008
2.56066044512e-009	-5.41379804719e-008
2.59188801152e-009	-5.55335076258e-008
2.62311557793e-009	-4.72730124334e-008
2.65434314433e-009	-2.77380965558e-008
2.68557071073e-009	-4.2771935993e-010
2.71679827714e-009	2.8046229783e-008
2.74802584354e-009	5.12685900955e-008
2.77925340994e-009	6.47864679681e-008
2.81048097635e-009	6.5473737515e-008
2.84170854275e-009	5.18987666731e-008
2.87293610916e-009	2.62653858212e-008
2.90416367556e-009	-4.11790643945e-009
2.93539124196e-009	-2.94046510751e-008
2.96661880837e-009	-4.22414886542e-008
2.99784637477e-009	-4.16249192822e-008
3.02907394118e-009	-3.18556152082e-008
3.06030150758e-009	-1.84101055511e-008
3.09152907398e-009	-4.56997876173e-009
3.12275664039e-009	8.53729684169e-009
3.15398420679e-009	2.02663302806e-008
3.1852117732e-009	2.95442172948e-008
3.2164393396e-009	3.56848098293e-008
3.247666906e-009	3.87228028878e-008
3.27889447241e-009	3.81046937198e-008
3.31012203881e-009	3.12758534626e-008
3.34134960521e-009	1.50542161514e-008
3.37257717162e-009	-1.11742479783e-008
3.40380473802e-009	-4.18598530283e-008
3.43503230443e-009	-6.62302137855e-008
3.46625987083e-009	-7.41035778573e-008
3.49748743723e-009	-6.23786755652e-008
3.52871500364e-009	-3.72624503198e-008
3.55994257004e-009	-9.58923310201e-009
3.59117013645e-009	1.24850701062e-008
3.62239770285e-009	2.72368454735e-008
3.65362526925e-009	3.73124862136e-008
3.68485283566e-009	4.45757315668e-008
3.71608040206e-009	4.76914334066e-008
3.74730796846e-009	4.33918449227e-008
3.77853553487e-009	2.99274593996e-008
3.80976310127e-009	9.28915344645e-009
3.84099066768e-009	-1.38070683706e-008
3.87221823408e-009	-3.35373033233e-008
3.90344580048e-009	-4.47767949038e-008
3.93467336689e-009	-4.42245047024e-008
3.96590093329e-009	-3.17119954463e-008
3.9971284997e-009	-1.11024724692e-008
4.0283560661e-009	1.07747500089e-008
4.0595836325e-009	2.73530555428e-008
4.09081119891e-009	3.56078999619e-008
4.12203876531e-009	3.71027153237e-008
4.15326633172e-009	3.53134896602e-008
4.18449389812e-009	3.21344136439e-008
4.21572146452e-009	2.60494060858e-008
4.24694903093e-009	1.3810581817e-008
4.27817659733e-009	-6.14636902485e-009
4.30940416373e-009	-3.05789254751e-008
4.34063173014e-009	-5.25043446966e-008
4.37185929654e-009	-6.42133981682e-008
4.40308686295e-009	-6.16931415953e-008
4.43431442935e-009	-4.61908317845e-008
4.46554199575e-009	-2.26999296443e-008
4.49676956216e-009	2.92588595019e-009
4.52799712856e-009	2.59991170329e-008
4.55922469497e-009	4.32194241229e-008
4.59045226137e-009	5.29025469594e-008
4.62167982777e-009	5.45540980723e-008
4.65290739418e-009	4.92445993427e-008
4.68413496058e-009	3.8885416883e-008
4.71536252698e-009	2.50050601405e-008
