% time-domain voltage integration by openEMS v0.0.35 @Mon Apr 13 04:02:57 2020
% start-coordinates: (0.0510354,-0.00118687,0.25) m -> [71,49,53]
% stop-coordinates: (0.115126,-0.00118687,0.25) m -> [98,49,53]
% t/s	voltage
0	0
3.12275664039e-011	0
6.24551328077e-011	0
9.36826992116e-011	0
1.24910265615e-010	0
1.56137832019e-010	0
1.87365398423e-010	0
2.18592964827e-010	0
2.49820531231e-010	0
2.81048097635e-010	0
3.12275664039e-010	0
3.43503230443e-010	0
3.74730796846e-010	1.20321449625e-035
4.0595836325e-010	1.40307756267e-030
4.37185929654e-010	8.02567271667e-028
4.68413496058e-010	2.49447623525e-025
4.99641062462e-010	4.50748461285e-023
5.30868628866e-010	4.9953529331e-021
5.6209619527e-010	3.54585987261e-019
5.93323761674e-010	1.67041731778e-017
6.24551328077e-010	5.37797336653e-016
6.55778894481e-010	1.212789466e-014
6.87006460885e-010	1.95678956166e-013
7.18234027289e-010	2.3031186062e-012
7.49461593693e-010	2.0163983005e-011
7.80689160097e-010	1.34265971605e-010
8.11916726501e-010	6.9911833267e-010
8.43144292905e-010	2.94799045591e-009
8.74371859308e-010	1.0470971562e-008
9.05599425712e-010	3.24420125208e-008
9.36826992116e-010	8.95943779167e-008
9.6805455852e-010	2.22294931795e-007
9.99282124924e-010	4.95706790282e-007
1.03050969133e-009	9.9151367472e-007
1.06173725773e-009	1.77474860052e-006
1.09296482414e-009	2.83630608067e-006
1.12419239054e-009	4.03613889688e-006
1.15541995694e-009	5.09661850856e-006
1.18664752335e-009	5.68791489286e-006
1.21787508975e-009	5.58322790312e-006
1.24910265615e-009	4.79200889458e-006
1.28033022256e-009	3.56972426374e-006
1.31155778896e-009	2.28504465838e-006
1.34278535537e-009	1.23809571662e-006
1.37401292177e-009	5.53222902155e-007
1.40524048817e-009	1.94872114667e-007
1.43646805458e-009	5.29626694654e-008
1.46769562098e-009	2.10143760448e-008
1.49892318739e-009	2.84516411264e-008
1.53015075379e-009	3.94240011886e-008
1.56137832019e-009	4.07323235557e-008
1.5926058866e-009	3.12610186209e-008
1.623833453e-009	1.455975953e-008
1.65506101941e-009	-4.97560706525e-009
1.68628858581e-009	-2.40873326424e-008
1.71751615221e-009	-3.98307727495e-008
1.74874371862e-009	-4.84776962687e-008
1.77997128502e-009	-4.56535052054e-008
1.81119885142e-009	-2.90855946793e-008
1.84242641783e-009	-2.09614291723e-009
1.87365398423e-009	2.53454116514e-008
1.90488155064e-009	4.23189396997e-008
1.93610911704e-009	4.3681556261e-008
1.96733668344e-009	3.21112308757e-008
1.99856424985e-009	1.47460331619e-008
2.02979181625e-009	-2.63164966208e-009
2.06101938266e-009	-1.77629005393e-008
2.09224694906e-009	-3.04548608341e-008
2.12347451546e-009	-3.9225992933e-008
2.15470208187e-009	-4.09976509685e-008
2.18592964827e-009	-3.24974961732e-008
2.21715721467e-009	-1.27458070764e-008
2.24838478108e-009	1.54534220975e-008
2.27961234748e-009	4.47239918155e-008
2.31083991389e-009	6.50436519645e-008
2.34206748029e-009	6.79331754599e-008
2.37329504669e-009	5.20142543967e-008
2.4045226131e-009	2.43027015144e-008
2.4357501795e-009	-4.04119949657e-009
2.46697774591e-009	-2.50918596456e-008
2.49820531231e-009	-3.80643003974e-008
2.52943287871e-009	-4.66835959334e-008
2.56066044512e-009	-5.31767343007e-008
2.59188801152e-009	-5.52487167405e-008
2.62311557793e-009	-4.81374436423e-008
2.65434314433e-009	-2.97841508679e-008
2.68557071073e-009	-3.15747955559e-009
2.71679827714e-009	2.53085592136e-008
2.74802584354e-009	4.9078497627e-008
2.77925340994e-009	6.35244222225e-008
2.81048097635e-009	6.54182131243e-008
2.84170854275e-009	5.31542317904e-008
2.87293610916e-009	2.85303107875e-008
2.90416367556e-009	-1.57077182511e-009
2.93539124196e-009	-2.74469464101e-008
2.96661880837e-009	-4.13693790682e-008
2.99784637477e-009	-4.17619931276e-008
3.02907394118e-009	-3.25782638817e-008
3.06030150758e-009	-1.93180344499e-008
3.09152907398e-009	-5.51821854877e-009
3.12275664039e-009	7.59183971244e-009
3.15398420679e-009	1.93692555606e-008
3.1852117732e-009	2.87717571712e-008
3.2164393396e-009	3.50875703145e-008
3.247666906e-009	3.83177655924e-008
3.27889447241e-009	3.80102628435e-008
3.31012203881e-009	3.17794470739e-008
3.34134960521e-009	1.64265173408e-008
3.37257717162e-009	-9.02321921348e-009
3.40380473802e-009	-3.9488696299e-008
3.43503230443e-009	-6.45275815767e-008
3.46625987083e-009	-7.37068266976e-008
3.49748743723e-009	-6.33038737957e-008
3.52871500364e-009	-3.89041240195e-008
3.55994257004e-009	-1.12000087416e-008
3.59117013645e-009	1.12976111417e-008
3.62239770285e-009	2.6396008268e-008
3.65362526925e-009	3.65821200762e-008
3.68485283566e-009	4.39214797032e-008
3.71608040206e-009	4.73260172856e-008
3.74730796846e-009	4.35759007589e-008
3.77853553487e-009	3.07398631827e-008
3.80976310127e-009	1.05584313514e-008
3.84099066768e-009	-1.2413146469e-008
3.87221823408e-009	-3.23985923645e-008
3.90344580048e-009	-4.42065496709e-008
3.93467336689e-009	-4.43637182754e-008
3.96590093329e-009	-3.25207192287e-008
3.9971284997e-009	-1.22752969178e-008
4.0283560661e-009	9.63147406274e-009
4.0595836325e-009	2.65650011155e-008
4.09081119891e-009	3.52530250686e-008
4.12203876531e-009	3.70049229766e-008
4.15326633172e-009	3.52694439903e-008
4.18449389812e-009	3.21597497244e-008
4.21572146452e-009	2.63175507463e-008
4.24694903093e-009	1.4583688035e-008
4.27817659733e-009	-4.86161501334e-009
4.30940416373e-009	-2.90328984742e-008
4.34063173014e-009	-5.11971416234e-008
4.37185929654e-009	-6.35830992995e-008
4.40308686295e-009	-6.196934281e-008
4.43431442935e-009	-4.73505798043e-008
4.46554199575e-009	-2.45011619326e-008
4.49676956216e-009	8.66339833205e-010
4.52799712856e-009	2.42236047679e-008
4.55922469497e-009	4.23239609471e-008
4.59045226137e-009	5.33256976007e-008
4.62167982777e-009	5.62509200747e-008
4.65290739418e-009	5.15134622181e-008
4.68413496058e-009	4.05829315014e-008
4.71536252698e-009	2.52578136097e-008
