% time-domain current integration by openEMS v0.0.35-62-gbb235b2 @Mon Jun 01 03:17:39 2020
% start-coordinates: (0.0204404,-0.0183709,-0.00100533) m -> [153,18,9]
% stop-coordinates: (0.0207404,-0.0147709,-0.00100533) m -> [154,30,9]
% t/s	current
5.42958328728e-14	-0
5.2069703725e-11	-0
1.04085111617e-10	-5.02661992297e-33
1.56100519509e-10	6.97840982049e-13
2.08115927402e-10	2.5207721327e-11
2.60131335294e-10	-1.03755233571e-11
3.12146743186e-10	-5.53955381566e-10
3.64162151078e-10	-3.64252783491e-09
4.1617755897e-10	-1.02318886697e-09
4.68192966862e-10	2.09106172377e-08
5.20208374755e-10	5.66929365675e-08
5.72223782647e-10	1.03975608567e-07
6.24239190539e-10	1.41626159689e-07
6.76254598431e-10	1.27162110175e-07
7.28270006323e-10	2.58614685222e-09
7.80285414215e-10	-2.83078236407e-07
8.32300822107e-10	-7.31089357942e-07
8.8431623e-10	-1.23563927446e-06
9.36331637892e-10	-1.54761062277e-06
9.88347045784e-10	-1.29039744934e-06
1.04036245368e-09	-7.66075132219e-08
1.09237786157e-09	2.27194641411e-06
1.14439326946e-09	5.45281818631e-06
1.19640867735e-09	8.48971467349e-06
1.24842408524e-09	9.78580737865e-06
1.30043949314e-09	7.55641940486e-06
1.35245490103e-09	6.29248290807e-07
1.40447030892e-09	-1.06216139102e-05
1.45648571681e-09	-2.36417490669e-05
1.50850112471e-09	-3.38485260727e-05
1.5605165326e-09	-3.5847973777e-05
1.61253194049e-09	-2.55444956565e-05
1.66454734838e-09	-2.4321204819e-06
1.71656275627e-09	2.89888357656e-05
1.76857816417e-09	5.96262871113e-05
1.82059357206e-09	7.83597279224e-05
1.87260897995e-09	7.61041228543e-05
1.92462438784e-09	4.98439112562e-05
1.97663979574e-09	4.83297071696e-06
2.02865520363e-09	-4.63072174171e-05
2.08067061152e-09	-8.75979094417e-05
2.13268601941e-09	-0.000105420927866
2.1847014273e-09	-9.36594587984e-05
2.2367168352e-09	-5.60908993066e-05
2.28873224309e-09	-4.99223597217e-06
2.34074765098e-09	4.34683279309e-05
2.39276305887e-09	7.51119223423e-05
2.44477846676e-09	8.25070892461e-05
2.49679387466e-09	6.68209904688e-05
2.54880928255e-09	3.63304861821e-05
2.60082469044e-09	2.56742578131e-06
2.65284009833e-09	-2.4098855647e-05
2.70485550623e-09	-3.76800308004e-05
2.75687091412e-09	-3.76039970433e-05
2.80888632201e-09	-2.76267182926e-05
2.8609017299e-09	-1.34992505991e-05
2.91291713779e-09	-5.47591639588e-07
2.96493254569e-09	7.92785886006e-06
3.01694795358e-09	1.10838172986e-05
3.06896336147e-09	9.99072290142e-06
3.12097876936e-09	6.61764033794e-06
3.17299417725e-09	2.8683475648e-06
3.22500958515e-09	-6.63829169412e-09
3.27702499304e-09	-1.5504822386e-06
3.32904040093e-09	-1.91587832887e-06
3.38105580882e-09	-1.55083910158e-06
3.43307121672e-09	-9.20961269912e-07
3.48508662461e-09	-3.49703526581e-07
3.5371020325e-09	1.91363032087e-08
3.58911744039e-09	1.79467988914e-07
