% time-domain current integration by openEMS v0.0.35-62-gbb235b2 @Mon Jun 01 03:17:39 2020
% start-coordinates: (-0.00205964,0.0191291,-0.00100533) m -> [78,143,9]
% stop-coordinates: (0.00154036,0.0194291,-0.00100533) m -> [90,144,9]
% t/s	current
5.42958328728e-14	-0
5.2069703725e-11	5.5242037611e-09
1.04085111617e-10	-1.68062754824e-08
1.56100519509e-10	-6.10222272712e-08
2.08115927402e-10	-1.34104581662e-07
2.60131335294e-10	-2.10214608387e-07
3.12146743186e-10	-2.37872583853e-07
3.64162151078e-10	-1.32216968041e-07
4.1617755897e-10	2.04310865115e-07
4.68192966862e-10	8.17434965938e-07
5.20208374755e-10	1.63047116075e-06
5.72223782647e-10	2.34271442423e-06
6.24239190539e-10	2.44232842306e-06
6.76254598431e-10	1.27620933199e-06
7.28270006323e-10	-1.64071366271e-06
7.80285414215e-10	-6.22668449068e-06
8.32300822107e-10	-1.14375716294e-05
8.8431623e-10	-1.51490139615e-05
9.36331637892e-10	-1.45594040077e-05
9.88347045784e-10	-7.21612377674e-06
1.04036245368e-09	7.55216797188e-06
1.09237786157e-09	2.73498953902e-05
1.14439326946e-09	4.63420292363e-05
1.19640867735e-09	5.64153779123e-05
1.24842408524e-09	4.99270863656e-05
1.30043949314e-09	2.32859383686e-05
1.35245490103e-09	-2.01091843337e-05
1.40447030892e-09	-6.92012545187e-05
1.45648571681e-09	-0.000107849919004
1.50850112471e-09	-0.000120272212371
1.5605165326e-09	-9.74875001702e-05
1.61253194049e-09	-4.20332398789e-05
1.66454734838e-09	3.14362187055e-05
1.71656275627e-09	0.000100488956377
1.76857816417e-09	0.000142828721437
1.82059357206e-09	0.000144663310493
1.87260897995e-09	0.000105996543425
1.92462438784e-09	4.05380451411e-05
1.97663979574e-09	-2.97326678265e-05
2.02865520363e-09	-8.29762575449e-05
2.08067061152e-09	-0.000105296785478
2.13268601941e-09	-9.4809991424e-05
2.1847014273e-09	-6.06972862442e-05
2.2367168352e-09	-1.82142612175e-05
2.28873224309e-09	1.77898436959e-05
2.34074765098e-09	3.80210694857e-05
2.39276305887e-09	4.0763283323e-05
2.44477846676e-09	3.06050314975e-05
2.49679387466e-09	1.51076819748e-05
2.54880928255e-09	1.23176175748e-06
2.60082469044e-09	-6.99774955137e-06
2.65284009833e-09	-9.00466420717e-06
2.70485550623e-09	-6.68443681207e-06
2.75687091412e-09	-2.79574851447e-06
2.80888632201e-09	4.24465923743e-07
2.8609017299e-09	1.93417349692e-06
2.91291713779e-09	1.82635210422e-06
2.96493254569e-09	8.29758619147e-07
3.01694795358e-09	-2.53416487794e-07
3.06896336147e-09	-9.13475560083e-07
3.12097876936e-09	-1.02624881038e-06
3.17299417725e-09	-7.45063800878e-07
3.22500958515e-09	-3.21693079286e-07
3.27702499304e-09	3.80327911387e-08
3.32904040093e-09	2.3716924602e-07
3.38105580882e-09	2.78508110796e-07
3.43307121672e-09	2.19465107421e-07
3.48508662461e-09	1.2576474262e-07
3.5371020325e-09	4.33609770312e-08
3.58911744039e-09	-8.24913382047e-09
