% time-domain voltage integration by openEMS v0.0.35-62-gbb235b2 @Mon Jun 01 03:17:39 2020
% start-coordinates: (4.0363e-05,0.0194291,-0.001516) m -> [85,144,8]
% stop-coordinates: (4.0363e-05,0.0194291,1.6e-05) m -> [85,144,11]
% t/s	voltage
0	0
5.20154078922e-11	3.24168865973e-07
1.04030815784e-10	-8.28706220091e-07
1.56046223676e-10	-3.30971545281e-06
2.08061631569e-10	-6.55912572256e-06
2.60077039461e-10	-9.68528593148e-06
3.12092447353e-10	-9.98994664769e-06
3.64107855245e-10	-3.41268093962e-06
4.16123263137e-10	1.3970432974e-05
4.68138671029e-10	4.36062100562e-05
5.20154078922e-10	7.98721866886e-05
5.72169486814e-10	0.000107626015961
6.24184894706e-10	0.000100756809843
6.76200302598e-10	3.07870823235e-05
7.2821571049e-10	-0.000119971911772
7.80231118382e-10	-0.000338260637363
8.32246526275e-10	-0.000563976995181
8.84261934167e-10	-0.000689618580509
9.36277342059e-10	-0.000585943067563
9.88292749951e-10	-0.000155642715981
1.04030815784e-09	0.000598823855398
1.09232356574e-09	0.00152292783605
1.14433897363e-09	0.00230903661577
1.19635438152e-09	0.00257062294986
1.24836978941e-09	0.00198612775421
1.3003851973e-09	0.000466791956569
1.3524006052e-09	-0.00172540801577
1.40441601309e-09	-0.00398253614549
1.45643142098e-09	-0.00551077106502
1.50844682887e-09	-0.00561049650423
1.56046223676e-09	-0.00397518789396
1.61247764466e-09	-0.000879121362232
1.66449305255e-09	0.00284624251071
1.71650846044e-09	0.00606409646571
1.76852386833e-09	0.00772845721804
1.82053927623e-09	0.00726983207278
1.87255468412e-09	0.00481168401893
1.92457009201e-09	0.001127119991
1.9765854999e-09	-0.00264527095715
2.02860090779e-09	-0.00540774583351
2.08061631569e-09	-0.00646855472587
2.13263172358e-09	-0.00573100661859
2.18464713147e-09	-0.00365364679601
2.23666253936e-09	-0.00102460983908
2.28867794726e-09	0.00134110843646
2.34069335515e-09	0.00286099954974
2.39270876304e-09	0.00331786449533
2.44472417093e-09	0.00284599058796
2.49673957882e-09	0.00180797523353
2.54875498672e-09	0.000629430564004
2.60077039461e-09	-0.000343045699992
2.6527858025e-09	-0.000920580583625
2.70480121039e-09	-0.00108002952766
2.75681661828e-09	-0.000919516489375
2.80883202618e-09	-0.000591499381699
2.86084743407e-09	-0.000241287059907
2.91286284196e-09	3.17605281452e-05
2.96487824985e-09	0.00018613737484
3.01689365775e-09	0.000228714721743
3.06890906564e-09	0.000194431850105
3.12092447353e-09	0.00012525463535
3.17293988142e-09	5.51994107809e-05
3.22495528931e-09	3.74890896637e-06
3.27697069721e-09	-2.36504938584e-05
3.3289861051e-09	-3.09581628244e-05
3.38100151299e-09	-2.6079307645e-05
3.43301692088e-09	-1.65987621585e-05
3.48503232877e-09	-7.63371667745e-06
3.53704773667e-09	-1.49231834712e-06
3.58906314456e-09	1.59182934567e-06
