% time-domain voltage integration by openEMS v0.0.35-62-gbb235b2 @Mon Jun 01 03:17:39 2020
% start-coordinates: (-0.0206596,-0.0162709,-0.001516) m -> [16,25,8]
% stop-coordinates: (-0.0206596,-0.0162709,1.6e-05) m -> [16,25,11]
% t/s	voltage
0	0
5.20154078922e-11	0
1.04030815784e-10	0
1.56046223676e-10	-6.45298953161e-11
2.08061631569e-10	7.5596360595e-10
2.60077039461e-10	-3.34408389868e-09
3.12092447353e-10	3.42781500962e-08
3.64107855245e-10	1.8463948237e-07
4.16123263137e-10	7.50156115004e-08
4.68138671029e-10	-9.941801693e-07
5.20154078922e-10	-2.75844217867e-06
5.72169486814e-10	-5.12031431299e-06
6.24184894706e-10	-7.05940033185e-06
6.76200302598e-10	-6.48442755846e-06
7.2821571049e-10	-5.05081288793e-07
7.80231118382e-10	1.34747538141e-05
8.32246526275e-10	3.56733335138e-05
8.84261934167e-10	6.10222559772e-05
9.36277342059e-10	7.73311112425e-05
9.88292749951e-10	6.59098077449e-05
1.04030815784e-09	7.18964588486e-06
1.09232356574e-09	-0.000108386338979
1.14433897363e-09	-0.000266797775112
1.19635438152e-09	-0.000420468815719
1.24836978941e-09	-0.000490340622491
1.3003851973e-09	-0.000386770159821
1.3524006052e-09	-4.90597358294e-05
1.40441601309e-09	0.00050769301015
1.45643142098e-09	0.00115986456512
1.50844682887e-09	0.00168111617677
1.56046223676e-09	0.00180131359957
1.61247764466e-09	0.00131092272932
1.66449305255e-09	0.000176181743882
1.71650846044e-09	-0.00138748003519
1.76852386833e-09	-0.00293223408516
1.82053927623e-09	-0.00390236196108
1.87255468412e-09	-0.00383575516753
1.92457009201e-09	-0.00256724830251
1.9765854999e-09	-0.000343344159774
2.02860090779e-09	0.00221665273421
2.08061631569e-09	0.00431591551751
2.13263172358e-09	0.00526429526508
2.18464713147e-09	0.00473799323663
2.23666253936e-09	0.00290568952914
2.28867794726e-09	0.000366164480511
2.34069335515e-09	-0.00207652297104
2.39270876304e-09	-0.00370573042892
2.44472417093e-09	-0.00413333787583
2.49673957882e-09	-0.00339878920931
2.54875498672e-09	-0.00190139707411
2.60077039461e-09	-0.000212296865357
2.6527858025e-09	0.00114563418902
2.70480121039e-09	0.0018615705194
2.75681661828e-09	0.00189345382387
2.80883202618e-09	0.00141856650589
2.86084743407e-09	0.000719841234968
2.91286284196e-09	6.52466478641e-05
2.96487824985e-09	-0.000374258495867
3.01689365775e-09	-0.00054933980573
3.06890906564e-09	-0.000507857577759
3.12092447353e-09	-0.000345595530234
3.17293988142e-09	-0.000158082104463
3.22495528931e-09	-1.01167449884e-05
3.27697069721e-09	7.26540529286e-05
3.3289861051e-09	9.56659023359e-05
3.38100151299e-09	8.02165632194e-05
3.43301692088e-09	4.95406020491e-05
3.48503232877e-09	2.04112106985e-05
3.53704773667e-09	8.03075863587e-07
3.58906314456e-09	-8.35138530419e-06
