% time-domain voltage integration by openEMS v0.0.35-62-gbb235b2 @Mon Jun 01 03:17:39 2020
% start-coordinates: (0.0207404,-0.0162709,-0.001516) m -> [154,25,8]
% stop-coordinates: (0.0207404,-0.0162709,1.6e-05) m -> [154,25,11]
% t/s	voltage
0	0
5.20154078922e-11	0
1.04030815784e-10	-3.42197917606e-34
1.56046223676e-10	1.08860601089e-10
2.08061631569e-10	-5.00296151729e-10
2.60077039461e-10	-4.40292358128e-10
3.12092447353e-10	2.83068404272e-08
3.64107855245e-10	1.75702989935e-07
4.16123263137e-10	7.59328386835e-08
4.68138671029e-10	-1.00583159224e-06
5.20154078922e-10	-2.76684949085e-06
5.72169486814e-10	-5.12511803663e-06
6.24184894706e-10	-7.04697117726e-06
6.76200302598e-10	-6.44091574031e-06
7.2821571049e-10	-4.23441079533e-07
7.80231118382e-10	1.35937575578e-05
8.32246526275e-10	3.5785392356e-05
8.84261934167e-10	6.10617171333e-05
9.36277342059e-10	7.71957784309e-05
9.88292749951e-10	6.55012609059e-05
1.04030815784e-09	6.48253899271e-06
1.09232356574e-09	-0.000109265351057
1.14433897363e-09	-0.000267545146926
1.19635438152e-09	-0.00042060596752
1.24836978941e-09	-0.000489362413646
1.3003851973e-09	-0.000384384708013
1.3524006052e-09	-4.54436449218e-05
1.40441601309e-09	0.000511701029609
1.45643142098e-09	0.00116281336523
1.50844682887e-09	0.00168127258075
1.56046223676e-09	0.00179730780656
1.61247764466e-09	0.00130246329354
1.66449305255e-09	0.000164583401784
1.71650846044e-09	-0.00139922351809
1.76852386833e-09	-0.0029400808271
1.82053927623e-09	-0.00390243367292
1.87255468412e-09	-0.00382581772283
1.92457009201e-09	-0.00254795467481
1.9765854999e-09	-0.000318671009154
2.02860090779e-09	0.00224007968791
2.08061631569e-09	0.00433061807416
2.13263172358e-09	0.00526435906067
2.18464713147e-09	0.00472137273755
2.23666253936e-09	0.00287543365266
2.28867794726e-09	0.000330009504978
2.34069335515e-09	-0.00210828607669
2.39270876304e-09	-0.00372355664149
2.44472417093e-09	-0.0041317101568
2.49673957882e-09	-0.00337824213784
2.54875498672e-09	-0.00186844175914
2.60077039461e-09	-0.000177165438799
2.6527858025e-09	0.00117259990657
2.70480121039e-09	0.00187339831609
2.75681661828e-09	0.00188866181998
2.80883202618e-09	0.00140104794991
2.86084743407e-09	0.000696882110788
2.91286284196e-09	4.45394216513e-05
2.96487824985e-09	-0.000387271647924
3.01689365775e-09	-0.000552815268748
3.06890906564e-09	-0.000503358445712
3.12092447353e-09	-0.000336728313414
3.17293988142e-09	-0.000148747378262
3.22495528931e-09	-3.14784196576e-06
3.27697069721e-09	7.60924867791e-05
3.3289861051e-09	9.58809541771e-05
3.38100151299e-09	7.8393441072e-05
3.43301692088e-09	4.70291033707e-05
3.48503232877e-09	1.82321409739e-05
3.53704773667e-09	-5.50883996198e-07
3.58906314456e-09	-8.85069221113e-06
