% time-domain current integration by openEMS v0.0.35-62-gbb235b2 @Mon Jun 01 03:17:39 2020
% start-coordinates: (-0.0212596,-0.0183709,-0.00100533) m -> [14,18,9]
% stop-coordinates: (-0.0206596,-0.0147709,-0.00100533) m -> [16,30,9]
% t/s	current
5.42958328728e-14	-0
5.2069703725e-11	-0
1.04085111617e-10	-2.35559112937e-33
1.56100519509e-10	5.49349368079e-12
2.08115927402e-10	1.77919241839e-11
2.60131335294e-10	6.67254723696e-11
3.12146743186e-10	-4.94578322741e-10
3.64162151078e-10	-3.71150044032e-09
4.1617755897e-10	-9.59410551005e-10
4.68192966862e-10	2.10258956912e-08
5.20208374755e-10	5.69350788737e-08
5.72223782647e-10	1.04411988389e-07
6.24239190539e-10	1.42126609148e-07
6.76254598431e-10	1.27501522229e-07
7.28270006323e-10	2.357385398e-09
7.80285414215e-10	-2.84544086071e-07
8.32300822107e-10	-7.34204547825e-07
8.8431623e-10	-1.24022210457e-06
9.36331637892e-10	-1.55237671606e-06
9.88347045784e-10	-1.29286536321e-06
1.04036245368e-09	-7.32553075977e-08
1.09237786157e-09	2.28425778914e-06
1.14439326946e-09	5.47477475266e-06
1.19640867735e-09	8.51742970553e-06
1.24842408524e-09	9.80997810984e-06
1.30043949314e-09	7.5638281487e-06
1.35245490103e-09	6.07156209753e-07
1.40447030892e-09	-1.06786574179e-05
1.45648571681e-09	-2.3726353902e-05
1.50850112471e-09	-3.39387843269e-05
1.5605165326e-09	-3.59119658242e-05
1.61253194049e-09	-2.55516042671e-05
1.66454734838e-09	-2.36656728703e-06
1.71656275627e-09	2.91186206596e-05
1.76857816417e-09	5.97874641244e-05
1.82059357206e-09	7.85061201896e-05
1.87260897995e-09	7.61945484555e-05
1.92462438784e-09	4.98586523463e-05
1.97663979574e-09	4.77994490211e-06
2.02865520363e-09	-4.64006916445e-05
2.08067061152e-09	-8.77026031958e-05
2.13268601941e-09	-0.000105522536614
2.1847014273e-09	-9.37630611588e-05
2.2367168352e-09	-5.62103377888e-05
2.28873224309e-09	-5.13002214575e-06
2.34074765098e-09	4.33366258221e-05
2.39276305887e-09	7.50366452849e-05
2.44477846676e-09	8.25434253784e-05
2.49679387466e-09	6.69971632306e-05
2.54880928255e-09	3.66240965377e-05
2.60082469044e-09	2.90318871521e-06
2.65284009833e-09	-2.38234715653e-05
2.70485550623e-09	-3.75541676476e-05
2.75687091412e-09	-3.76657299057e-05
2.80888632201e-09	-2.78479765257e-05
2.8609017299e-09	-1.37987954076e-05
2.91291713779e-09	-8.26153041089e-07
2.96493254569e-09	7.74934414949e-06
3.01694795358e-09	1.1038269804e-05
3.06896336147e-09	1.00616298369e-05
3.12097876936e-09	6.75506635162e-06
3.17299417725e-09	3.01402747027e-06
3.22500958515e-09	1.02840772342e-07
3.27702499304e-09	-1.4969429003e-06
3.32904040093e-09	-1.91426124729e-06
3.38105580882e-09	-1.58262719197e-06
3.43307121672e-09	-9.64054834185e-07
3.48508662461e-09	-3.87016825698e-07
3.5371020325e-09	-3.9004195429e-09
3.58911744039e-09	1.71205144284e-07
