0	0.00012341
5.77029e-013	0.000128891
1.15406e-012	0.000134601
1.73109e-012	0.000140549
2.30812e-012	0.000146745
2.88515e-012	0.000153198
3.46218e-012	0.000159918
4.03921e-012	0.000166915
4.61623e-012	0.0001742
5.19326e-012	0.000181783
5.77029e-012	0.000189677
6.34732e-012	0.000197893
6.92435e-012	0.000206443
7.50138e-012	0.000215339
8.07841e-012	0.000224596
8.65544e-012	0.000234226
9.23247e-012	0.000244243
9.8095e-012	0.000254661
1.03865e-011	0.000265496
1.09636e-011	0.000276763
1.15406e-011	0.000288478
1.21176e-011	0.000300657
1.26946e-011	0.000313317
1.32717e-011	0.000326476
1.38487e-011	0.000340152
1.44257e-011	0.000354363
1.50028e-011	0.00036913
1.55798e-011	0.000384471
1.61568e-011	0.000400408
1.67339e-011	0.000416962
1.73109e-011	0.000434154
1.78879e-011	0.000452007
1.84649e-011	0.000470546
1.9042e-011	0.000489793
1.9619e-011	0.000509773
2.0196e-011	0.000530514
2.07731e-011	0.000552039
2.13501e-011	0.000574378
2.19271e-011	0.000597558
2.25041e-011	0.000621608
2.30812e-011	0.000646558
2.36582e-011	0.000672439
2.42352e-011	0.000699282
2.48123e-011	0.00072712
2.53893e-011	0.000755987
2.59663e-011	0.000785918
2.65434e-011	0.000816947
2.71204e-011	0.000849112
2.76974e-011	0.000882451
2.82744e-011	0.000917002
2.88515e-011	0.000952806
2.94285e-011	0.000989904
3.00055e-011	0.00102834
3.05826e-011	0.00106815
3.11596e-011	0.00110939
3.17366e-011	0.0011521
3.23136e-011	0.00119633
3.28907e-011	0.00124212
3.34677e-011	0.00128954
3.40447e-011	0.00133862
3.46218e-011	0.00138942
3.51988e-011	0.001442
3.57758e-011	0.00149642
3.63529e-011	0.00155272
3.69299e-011	0.00161097
3.75069e-011	0.00167123
3.80839e-011	0.00173357
3.8661e-011	0.00179804
3.9238e-011	0.00186471
3.9815e-011	0.00193365
4.03921e-011	0.00200492
4.09691e-011	0.00207861
4.15461e-011	0.00215478
4.21231e-011	0.0022335
4.27002e-011	0.00231486
4.32772e-011	0.00239892
4.38542e-011	0.00248578
4.44313e-011	0.00257552
4.50083e-011	0.00266821
4.55853e-011	0.00276395
4.61623e-011	0.00286282
4.67394e-011	0.00296491
4.73164e-011	0.00307033
4.78934e-011	0.00317916
4.84705e-011	0.0032915
4.90475e-011	0.00340745
4.96245e-011	0.00352711
5.02016e-011	0.00365059
5.07786e-011	0.003778
5.13556e-011	0.00390945
5.19326e-011	0.00404504
5.25097e-011	0.00418489
5.30867e-011	0.00432913
5.36637e-011	0.00447786
5.42408e-011	0.00463122
5.48178e-011	0.00478933
5.53948e-011	0.00495231
5.59718e-011	0.0051203
5.65489e-011	0.00529344
5.71259e-011	0.00547185
5.77029e-011	0.00565568
5.828e-011	0.00584507
5.8857e-011	0.00604017
5.9434e-011	0.00624113
6.00111e-011	0.00644809
6.05881e-011	0.00666121
6.11651e-011	0.00688066
6.17421e-011	0.00710658
6.23192e-011	0.00733916
6.28962e-011	0.00757855
6.34732e-011	0.00782492
6.40503e-011	0.00807845
6.46273e-011	0.00833932
6.52043e-011	0.00860771
6.57813e-011	0.00888381
6.63584e-011	0.00916779
6.69354e-011	0.00945986
6.75124e-011	0.00976021
6.80895e-011	0.010069
6.86665e-011	0.0103865
6.92435e-011	0.0107129
6.98206e-011	0.0110484
7.03976e-011	0.0113932
7.09746e-011	0.0117475
7.15516e-011	0.0121116
7.21287e-011	0.0124856
7.27057e-011	0.0128698
7.32827e-011	0.0132645
7.38598e-011	0.0136698
7.44368e-011	0.014086
7.50138e-011	0.0145134
7.55908e-011	0.0149522
7.61679e-011	0.0154026
7.67449e-011	0.0158649
7.73219e-011	0.0163394
7.7899e-011	0.0168262
7.8476e-011	0.0173258
7.9053e-011	0.0178383
7.96301e-011	0.0183641
8.02071e-011	0.0189034
8.07841e-011	0.0194564
8.13611e-011	0.0200236
8.19382e-011	0.0206051
8.25152e-011	0.0212012
8.30922e-011	0.0218123
8.36693e-011	0.0224387
8.42463e-011	0.0230806
8.48233e-011	0.0237384
8.54003e-011	0.0244124
8.59774e-011	0.0251029
8.65544e-011	0.0258101
8.71314e-011	0.0265346
8.77085e-011	0.0272764
8.82855e-011	0.0280361
8.88625e-011	0.0288139
8.94396e-011	0.0296102
9.00166e-011	0.0304253
9.05936e-011	0.0312595
9.11706e-011	0.0321132
9.17477e-011	0.0329868
9.23247e-011	0.0338806
9.29017e-011	0.0347949
9.34788e-011	0.0357301
9.40558e-011	0.0366866
9.46328e-011	0.0376648
9.52098e-011	0.038665
9.57869e-011	0.0396876
9.63639e-011	0.0407329
9.69409e-011	0.0418014
9.7518e-011	0.0428933
9.8095e-011	0.0440092
9.8672e-011	0.0451494
9.92491e-011	0.0463142
9.98261e-011	0.0475041
1.00403e-010	0.0487194
1.0098e-010	0.0499606
1.01557e-010	0.051228
1.02134e-010	0.052522
1.02711e-010	0.0538431
1.03288e-010	0.0551916
1.03865e-010	0.0565679
1.04442e-010	0.0579724
1.05019e-010	0.0594055
1.05596e-010	0.0608677
1.06173e-010	0.0623593
1.0675e-010	0.0638808
1.07327e-010	0.0654325
1.07904e-010	0.0670148
1.08482e-010	0.0686282
1.09059e-010	0.070273
1.09636e-010	0.0719497
1.10213e-010	0.0736586
1.1079e-010	0.0754002
1.11367e-010	0.0771749
1.11944e-010	0.078983
1.12521e-010	0.080825
1.13098e-010	0.0827013
1.13675e-010	0.0846122
1.14252e-010	0.0865582
1.14829e-010	0.0885396
1.15406e-010	0.0905568
1.15983e-010	0.0926103
1.1656e-010	0.0947003
1.17137e-010	0.0968274
1.17714e-010	0.0989918
1.18291e-010	0.101194
1.18868e-010	0.103434
1.19445e-010	0.105713
1.20022e-010	0.108031
1.20599e-010	0.110387
1.21176e-010	0.112784
1.21753e-010	0.11522
1.2233e-010	0.117696
1.22907e-010	0.120214
1.23484e-010	0.122772
1.24061e-010	0.125371
1.24638e-010	0.128012
1.25215e-010	0.130694
1.25792e-010	0.133419
1.26369e-010	0.136187
1.26946e-010	0.138997
1.27523e-010	0.14185
1.28101e-010	0.144747
1.28678e-010	0.147687
1.29255e-010	0.150671
1.29832e-010	0.153699
1.30409e-010	0.156772
1.30986e-010	0.159889
1.31563e-010	0.163051
1.3214e-010	0.166258
1.32717e-010	0.16951
1.33294e-010	0.172808
1.33871e-010	0.176151
1.34448e-010	0.179541
1.35025e-010	0.182976
1.35602e-010	0.186457
1.36179e-010	0.189985
1.36756e-010	0.193559
1.37333e-010	0.197179
1.3791e-010	0.200846
1.38487e-010	0.20456
1.39064e-010	0.20832
1.39641e-010	0.212127
1.40218e-010	0.215982
1.40795e-010	0.219883
1.41372e-010	0.223831
1.41949e-010	0.227826
1.42526e-010	0.231867
1.43103e-010	0.235956
1.4368e-010	0.240092
1.44257e-010	0.244274
1.44834e-010	0.248503
1.45411e-010	0.252779
1.45988e-010	0.257101
1.46565e-010	0.26147
1.47142e-010	0.265885
1.4772e-010	0.270346
1.48297e-010	0.274853
1.48874e-010	0.279405
1.49451e-010	0.284004
1.50028e-010	0.288647
1.50605e-010	0.293336
1.51182e-010	0.29807
1.51759e-010	0.302848
1.52336e-010	0.30767
1.52913e-010	0.312536
1.5349e-010	0.317446
1.54067e-010	0.322399
1.54644e-010	0.327395
1.55221e-010	0.332433
1.55798e-010	0.337513
1.56375e-010	0.342635
1.56952e-010	0.347798
1.57529e-010	0.353002
1.58106e-010	0.358246
1.58683e-010	0.36353
1.5926e-010	0.368852
1.59837e-010	0.374214
1.60414e-010	0.379613
1.60991e-010	0.38505
1.61568e-010	0.390523
1.62145e-010	0.396033
1.62722e-010	0.401578
1.63299e-010	0.407158
1.63876e-010	0.412773
1.64453e-010	0.41842
1.6503e-010	0.4241
1.65607e-010	0.429813
1.66184e-010	0.435556
1.66761e-010	0.44133
1.67339e-010	0.447133
1.67916e-010	0.452964
1.68493e-010	0.458824
1.6907e-010	0.464711
1.69647e-010	0.470623
1.70224e-010	0.476561
1.70801e-010	0.482523
1.71378e-010	0.488508
1.71955e-010	0.494515
1.72532e-010	0.500544
1.73109e-010	0.506592
1.73686e-010	0.51266
1.74263e-010	0.518746
1.7484e-010	0.52485
1.75417e-010	0.530969
1.75994e-010	0.537103
1.76571e-010	0.54325
1.77148e-010	0.549411
1.77725e-010	0.555582
1.78302e-010	0.561764
1.78879e-010	0.567955
1.79456e-010	0.574154
1.80033e-010	0.580359
1.8061e-010	0.58657
1.81187e-010	0.592785
1.81764e-010	0.599003
1.82341e-010	0.605223
1.82918e-010	0.611442
1.83495e-010	0.617661
1.84072e-010	0.623877
1.84649e-010	0.63009
1.85226e-010	0.636297
1.85803e-010	0.642498
1.8638e-010	0.648692
1.86958e-010	0.654876
1.87535e-010	0.661049
1.88112e-010	0.667211
1.88689e-010	0.673359
1.89266e-010	0.679493
1.89843e-010	0.68561
1.9042e-010	0.691709
1.90997e-010	0.69779
1.91574e-010	0.70385
1.92151e-010	0.709888
1.92728e-010	0.715902
1.93305e-010	0.721891
1.93882e-010	0.727854
1.94459e-010	0.733789
1.95036e-010	0.739695
1.95613e-010	0.74557
1.9619e-010	0.751412
1.96767e-010	0.75722
1.97344e-010	0.762994
1.97921e-010	0.76873
1.98498e-010	0.774428
1.99075e-010	0.780086
1.99652e-010	0.785703
2.00229e-010	0.791277
2.00806e-010	0.796807
2.01383e-010	0.802292
2.0196e-010	0.807729
2.02537e-010	0.813117
2.03114e-010	0.818455
2.03691e-010	0.823742
2.04268e-010	0.828975
2.04845e-010	0.834154
2.05422e-010	0.839278
2.05999e-010	0.844344
2.06577e-010	0.849351
2.07154e-010	0.854298
2.07731e-010	0.859183
2.08308e-010	0.864006
2.08885e-010	0.868764
2.09462e-010	0.873457
2.10039e-010	0.878082
2.10616e-010	0.88264
2.11193e-010	0.887127
2.1177e-010	0.891544
2.12347e-010	0.895888
2.12924e-010	0.900159
2.13501e-010	0.904356
2.14078e-010	0.908476
2.14655e-010	0.912519
2.15232e-010	0.916484
2.15809e-010	0.920369
2.16386e-010	0.924173
2.16963e-010	0.927895
2.1754e-010	0.931535
2.18117e-010	0.935091
2.18694e-010	0.938561
2.19271e-010	0.941945
2.19848e-010	0.945242
2.20425e-010	0.948451
2.21002e-010	0.95157
2.21579e-010	0.9546
2.22156e-010	0.957538
2.22733e-010	0.960385
2.2331e-010	0.963138
2.23887e-010	0.965798
2.24464e-010	0.968364
2.25041e-010	0.970834
2.25618e-010	0.973208
2.26196e-010	0.975486
2.26773e-010	0.977665
2.2735e-010	0.979747
2.27927e-010	0.98173
2.28504e-010	0.983614
2.29081e-010	0.985397
2.29658e-010	0.98708
2.30235e-010	0.988662
2.30812e-010	0.990142
2.31389e-010	0.99152
2.31966e-010	0.992796
2.32543e-010	0.993968
2.3312e-010	0.995038
2.33697e-010	0.996004
2.34274e-010	0.996866
2.34851e-010	0.997624
2.35428e-010	0.998277
2.36005e-010	0.998826
2.36582e-010	0.99927
2.37159e-010	0.999609
2.37736e-010	0.999843
2.38313e-010	0.999972
2.3889e-010	0.999996
2.39467e-010	0.999915
2.40044e-010	0.999728
2.40621e-010	0.999437
2.41198e-010	0.99904
2.41775e-010	0.998539
2.42352e-010	0.997933
2.42929e-010	0.997222
2.43506e-010	0.996407
2.44083e-010	0.995489
2.4466e-010	0.994466
2.45237e-010	0.99334
2.45815e-010	0.992111
2.46392e-010	0.990779
2.46969e-010	0.989345
2.47546e-010	0.987809
2.48123e-010	0.986172
2.487e-010	0.984434
2.49277e-010	0.982596
2.49854e-010	0.980658
2.50431e-010	0.978621
2.51008e-010	0.976486
2.51585e-010	0.974252
2.52162e-010	0.971922
2.52739e-010	0.969495
2.53316e-010	0.966973
2.53893e-010	0.964356
2.5447e-010	0.961644
2.55047e-010	0.95884
2.55624e-010	0.955943
2.56201e-010	0.952955
2.56778e-010	0.949876
2.57355e-010	0.946707
2.57932e-010	0.94345
2.58509e-010	0.940106
2.59086e-010	0.936674
2.59663e-010	0.933157
2.6024e-010	0.929555
2.60817e-010	0.92587
2.61394e-010	0.922103
2.61971e-010	0.918254
2.62548e-010	0.914326
2.63125e-010	0.910318
2.63702e-010	0.906232
2.64279e-010	0.902071
2.64856e-010	0.897833
2.65434e-010	0.893522
2.66011e-010	0.889138
2.66588e-010	0.884682
2.67165e-010	0.880156
2.67742e-010	0.875562
2.68319e-010	0.870899
2.68896e-010	0.866171
2.69473e-010	0.861377
2.7005e-010	0.85652
2.70627e-010	0.851601
2.71204e-010	0.84662
2.71781e-010	0.841581
2.72358e-010	0.836484
2.72935e-010	0.83133
2.73512e-010	0.82612
2.74089e-010	0.820858
2.74666e-010	0.815543
2.75243e-010	0.810177
2.7582e-010	0.804762
2.76397e-010	0.799299
2.76974e-010	0.793789
2.77551e-010	0.788235
2.78128e-010	0.782637
2.78705e-010	0.776998
2.79282e-010	0.771317
2.79859e-010	0.765598
2.80436e-010	0.759842
2.81013e-010	0.754049
2.8159e-010	0.748222
2.82167e-010	0.742361
2.82744e-010	0.73647
2.83321e-010	0.730548
2.83898e-010	0.724597
2.84475e-010	0.71862
2.85053e-010	0.712617
2.8563e-010	0.706589
2.86207e-010	0.700539
2.86784e-010	0.694468
2.87361e-010	0.688377
2.87938e-010	0.682267
2.88515e-010	0.676141
2.89092e-010	0.669999
2.89669e-010	0.663844
2.90246e-010	0.657675
2.90823e-010	0.651496
2.914e-010	0.645306
2.91977e-010	0.639109
2.92554e-010	0.632904
2.93131e-010	0.626693
2.93708e-010	0.620479
2.94285e-010	0.614261
2.94862e-010	0.608042
2.95439e-010	0.601822
2.96016e-010	0.595603
2.96593e-010	0.589387
2.9717e-010	0.583174
2.97747e-010	0.576966
2.98324e-010	0.570764
2.98901e-010	0.564569
2.99478e-010	0.558383
3.00055e-010	0.552206
3.00632e-010	0.546041
3.01209e-010	0.539887
3.01786e-010	0.533747
3.02363e-010	0.527621
3.0294e-010	0.521511
3.03517e-010	0.515417
3.04094e-010	0.50934
3.04672e-010	0.503283
3.05249e-010	0.497245
3.05826e-010	0.491228
3.06403e-010	0.485233
3.0698e-010	0.47926
3.07557e-010	0.473311
3.08134e-010	0.467387
3.08711e-010	0.461489
3.09288e-010	0.455617
3.09865e-010	0.449772
3.10442e-010	0.443956
3.11019e-010	0.438169
3.11596e-010	0.432412
3.12173e-010	0.426686
3.1275e-010	0.420991
3.13327e-010	0.415328
3.13904e-010	0.409699
3.14481e-010	0.404103
3.15058e-010	0.398542
3.15635e-010	0.393016
3.16212e-010	0.387526
3.16789e-010	0.382073
3.17366e-010	0.376656
3.17943e-010	0.371278
3.1852e-010	0.365937
3.19097e-010	0.360636
3.19674e-010	0.355374
3.20251e-010	0.350152
3.20828e-010	0.34497
3.21405e-010	0.33983
3.21982e-010	0.33473
3.22559e-010	0.329673
3.23136e-010	0.324658
3.23713e-010	0.319685
3.24291e-010	0.314756
3.24868e-010	0.30987
3.25445e-010	0.305028
3.26022e-010	0.30023
3.26599e-010	0.295476
3.27176e-010	0.290767
3.27753e-010	0.286103
3.2833e-010	0.281484
3.28907e-010	0.276911
3.29484e-010	0.272383
3.30061e-010	0.267901
3.30638e-010	0.263465
3.31215e-010	0.259075
3.31792e-010	0.254732
3.32369e-010	0.250435
3.32946e-010	0.246185
3.33523e-010	0.241982
3.341e-010	0.237825
3.34677e-010	0.233715
3.35254e-010	0.229652
3.35831e-010	0.225635
3.36408e-010	0.221666
3.36985e-010	0.217744
3.37562e-010	0.213869
3.38139e-010	0.21004
3.38716e-010	0.206258
3.39293e-010	0.202523
3.3987e-010	0.198835
3.40447e-010	0.195194
3.41024e-010	0.191599
3.41601e-010	0.18805
3.42178e-010	0.184548
3.42755e-010	0.181092
3.43332e-010	0.177682
3.4391e-010	0.174318
3.44487e-010	0.170999
3.45064e-010	0.167726
3.45641e-010	0.164499
3.46218e-010	0.161316
3.46795e-010	0.158179
3.47372e-010	0.155086
3.47949e-010	0.152038
3.48526e-010	0.149034
3.49103e-010	0.146074
3.4968e-010	0.143157
3.50257e-010	0.140285
3.50834e-010	0.137455
3.51411e-010	0.134668
3.51988e-010	0.131924
3.52565e-010	0.129222
3.53142e-010	0.126563
3.53719e-010	0.123945
3.54296e-010	0.121368
3.54873e-010	0.118832
3.5545e-010	0.116337
3.56027e-010	0.113883
3.56604e-010	0.111469
3.57181e-010	0.109094
3.57758e-010	0.106759
3.58335e-010	0.104462
3.58912e-010	0.102205
3.59489e-010	0.0999852
3.60066e-010	0.0978038
3.60643e-010	0.0956598
3.6122e-010	0.093553
3.61797e-010	0.091483
3.62374e-010	0.0894494
3.62951e-010	0.0874518
3.63529e-010	0.0854898
3.64106e-010	0.0835631
3.64683e-010	0.0816712
3.6526e-010	0.0798137
3.65837e-010	0.0779903
3.66414e-010	0.0762005
3.66991e-010	0.074444
3.67568e-010	0.0727203
3.68145e-010	0.071029
3.68722e-010	0.0693698
3.69299e-010	0.0677422
3.69876e-010	0.0661458
3.70453e-010	0.0645803
3.7103e-010	0.0630452
3.71607e-010	0.0615401
3.72184e-010	0.0600647
3.72761e-010	0.0586184
3.73338e-010	0.0572009
3.73915e-010	0.0558119
3.74492e-010	0.0544509
3.75069e-010	0.0531174
3.75646e-010	0.0518112
3.76223e-010	0.0505318
3.768e-010	0.0492788
3.77377e-010	0.0480518
3.77954e-010	0.0468504
3.78531e-010	0.0456743
3.79108e-010	0.044523
3.79685e-010	0.0433961
3.80262e-010	0.0422934
3.80839e-010	0.0412143
3.81416e-010	0.0401585
3.81993e-010	0.0391257
3.8257e-010	0.0381154
3.83148e-010	0.0371273
3.83725e-010	0.036161
3.84302e-010	0.0352162
3.84879e-010	0.0342924
3.85456e-010	0.0333894
3.86033e-010	0.0325067
3.8661e-010	0.031644
3.87187e-010	0.030801
3.87764e-010	0.0299773
3.88341e-010	0.0291725
3.88918e-010	0.0283864
3.89495e-010	0.0276185
3.90072e-010	0.0268686
3.90649e-010	0.0261363
3.91226e-010	0.0254213
3.91803e-010	0.0247233
3.9238e-010	0.0240419
3.92957e-010	0.0233768
3.93534e-010	0.0227277
3.94111e-010	0.0220943
3.94688e-010	0.0214763
3.95265e-010	0.0208734
3.95842e-010	0.0202853
3.96419e-010	0.0197117
3.96996e-010	0.0191523
3.97573e-010	0.0186068
3.9815e-010	0.018075
3.98727e-010	0.0175565
3.99304e-010	0.0170511
3.99881e-010	0.0165585
4.00458e-010	0.0160784
4.01035e-010	0.0156106
4.01612e-010	0.0151549
4.02189e-010	0.0147108
4.02767e-010	0.0142783
4.03344e-010	0.0138571
4.03921e-010	0.0134469
4.04498e-010	0.0130474
4.05075e-010	0.0126585
4.05652e-010	0.0122798
4.06229e-010	0.0119113
4.06806e-010	0.0115526
4.07383e-010	0.0112035
4.0796e-010	0.0108638
4.08537e-010	0.0105334
4.09114e-010	0.0102119
4.09691e-010	0.00989912
4.10268e-010	0.00959496
4.10845e-010	0.00929916
4.11422e-010	0.00901153
4.11999e-010	0.00873189
4.12576e-010	0.00846003
4.13153e-010	0.00819577
4.1373e-010	0.00793894
4.14307e-010	0.00768934
4.14884e-010	0.00744681
4.15461e-010	0.00721116
4.16038e-010	0.00698224
4.16615e-010	0.00675988
4.17192e-010	0.00654391
4.17769e-010	0.00633418
4.18346e-010	0.00613052
4.18923e-010	0.00593278
4.195e-010	0.00574082
4.20077e-010	0.00555449
4.20654e-010	0.00537364
4.21231e-010	0.00519813
4.21808e-010	0.00502783
4.22386e-010	0.00486259
4.22963e-010	0.00470229
4.2354e-010	0.00454679
4.24117e-010	0.00439598
4.24694e-010	0.00424972
4.25271e-010	0.00410789
4.25848e-010	0.00397038
4.26425e-010	0.00383707
4.27002e-010	0.00370785
4.27579e-010	0.0035826
4.28156e-010	0.00346122
4.28733e-010	0.0033436
4.2931e-010	0.00322963
4.29887e-010	0.00311923
4.30464e-010	0.00301228
4.31041e-010	0.00290869
4.31618e-010	0.00280837
4.32195e-010	0.00271122
4.32772e-010	0.00261716
4.33349e-010	0.00252609
4.33926e-010	0.00243794
4.34503e-010	0.00235262
4.3508e-010	0.00227004
4.35657e-010	0.00219014
4.36234e-010	0.00211282
4.36811e-010	0.00203802
4.37388e-010	0.00196566
4.37965e-010	0.00189567
4.38542e-010	0.00182798
4.39119e-010	0.00176252
4.39696e-010	0.00169922
4.40273e-010	0.00163803
4.4085e-010	0.00157888
4.41427e-010	0.0015217
4.42005e-010	0.00146644
4.42582e-010	0.00141303
4.43159e-010	0.00136143
4.43736e-010	0.00131157
4.44313e-010	0.00126341
4.4489e-010	0.00121689
4.45467e-010	0.00117196
4.46044e-010	0.00112856
4.46621e-010	0.00108666
4.47198e-010	0.00104621
4.47775e-010	0.00100716
4.48352e-010	0.000969458
4.48929e-010	0.000933073
4.49506e-010	0.000897959
4.50083e-010	0.000864075
4.5066e-010	0.000831383
4.51237e-010	0.000799843
4.51814e-010	0.000769419
4.52391e-010	0.000740075
4.52968e-010	0.000711774
4.53545e-010	0.000684484
4.54122e-010	0.000658171
4.54699e-010	0.000632803
4.55276e-010	0.000608349
4.55853e-010	0.000584778
4.5643e-010	0.000562062
4.57007e-010	0.000540171
4.57584e-010	0.000519078
4.58161e-010	0.000498756
4.58738e-010	0.00047918
4.59315e-010	0.000460323
4.59892e-010	0.000442163
4.60469e-010	0.000424673
4.61046e-010	0.000407833
4.61623e-010	0.000391619
4.62201e-010	0.000376011
4.62778e-010	0.000360986
4.63355e-010	0.000346526
4.63932e-010	0.00033261
4.64509e-010	0.000319219
4.65086e-010	0.000306334
4.65663e-010	0.000293939
4.6624e-010	0.000282016
4.66817e-010	0.000270548
4.67394e-010	0.00025952
4.67971e-010	0.000248914
4.68548e-010	0.000238717
4.69125e-010	0.000228913
4.69702e-010	0.00021949
4.70279e-010	0.000210431
4.70856e-010	0.000201726
4.71433e-010	0.00019336
4.7201e-010	0.000185322
4.72587e-010	0.000177599
4.73164e-010	0.00017018
4.73741e-010	0.000163054
4.74318e-010	0.00015621
4.74895e-010	0.000149637
4.75472e-010	0.000143326
4.76049e-010	0.000137267
4.76626e-010	0.00013145
4.77203e-010	0.000125866
