2.88515e-013	0.000126122
8.65544e-013	0.000131717
1.44257e-012	0.000137545
2.0196e-012	0.000143616
2.59663e-012	0.000149939
3.17366e-012	0.000156524
3.75069e-012	0.000163381
4.32772e-012	0.00017052
4.90475e-012	0.000177953
5.48178e-012	0.000185691
6.05881e-012	0.000193744
6.63584e-012	0.000202125
7.21287e-012	0.000210847
7.7899e-012	0.000219922
8.36693e-012	0.000229363
8.94396e-012	0.000239185
9.52098e-012	0.000249401
1.0098e-011	0.000260026
1.0675e-011	0.000271075
1.12521e-011	0.000282564
1.18291e-011	0.000294508
1.24061e-011	0.000306926
1.29832e-011	0.000319833
1.35602e-011	0.000333248
1.41372e-011	0.00034719
1.47142e-011	0.000361676
1.52913e-011	0.000376727
1.58683e-011	0.000392364
1.64453e-011	0.000408606
1.70224e-011	0.000425476
1.75994e-011	0.000442996
1.81764e-011	0.000461189
1.87535e-011	0.000480079
1.93305e-011	0.00049969
1.99075e-011	0.000520047
2.04845e-011	0.000541177
2.10616e-011	0.000563105
2.16386e-011	0.000585861
2.22156e-011	0.000609473
2.27927e-011	0.000633969
2.33697e-011	0.00065938
2.39467e-011	0.000685738
2.45237e-011	0.000713075
2.51008e-011	0.000741423
2.56778e-011	0.000770817
2.62548e-011	0.000801293
2.68319e-011	0.000832885
2.74089e-011	0.000865632
2.79859e-011	0.000899573
2.8563e-011	0.000934745
2.914e-011	0.000971191
2.9717e-011	0.00100895
3.0294e-011	0.00104807
3.08711e-011	0.00108859
3.14481e-011	0.00113056
3.20251e-011	0.00117402
3.26022e-011	0.00121903
3.31792e-011	0.00126563
3.37562e-011	0.00131387
3.43332e-011	0.0013638
3.49103e-011	0.00141549
3.54873e-011	0.00146898
3.60643e-011	0.00152433
3.66414e-011	0.0015816
3.72184e-011	0.00164085
3.77954e-011	0.00170214
3.83725e-011	0.00176553
3.89495e-011	0.00183109
3.95265e-011	0.00189889
4.01035e-011	0.00196899
4.06806e-011	0.00204146
4.12576e-011	0.00211638
4.18346e-011	0.00219381
4.24117e-011	0.00227384
4.29887e-011	0.00235655
4.35657e-011	0.002442
4.41427e-011	0.00253029
4.47198e-011	0.00262149
4.52968e-011	0.00271569
4.58738e-011	0.00281298
4.64509e-011	0.00291346
4.70279e-011	0.0030172
4.76049e-011	0.00312431
4.8182e-011	0.00323488
4.8759e-011	0.00334901
4.9336e-011	0.00346681
4.9913e-011	0.00358837
5.04901e-011	0.0037138
5.10671e-011	0.00384321
5.16441e-011	0.00397672
5.22212e-011	0.00411443
5.27982e-011	0.00425646
5.33752e-011	0.00440293
5.39522e-011	0.00455396
5.45293e-011	0.00470967
5.51063e-011	0.0048702
5.56833e-011	0.00503567
5.62604e-011	0.00520622
5.68374e-011	0.00538197
5.74144e-011	0.00556308
5.79915e-011	0.00574967
5.85685e-011	0.0059419
5.91455e-011	0.00613991
5.97225e-011	0.00634385
6.02996e-011	0.00655387
6.08766e-011	0.00677013
6.14536e-011	0.0069928
6.20307e-011	0.00722203
6.26077e-011	0.00745799
6.31847e-011	0.00770085
6.37617e-011	0.00795078
6.43388e-011	0.00820796
6.49158e-011	0.00847257
6.54928e-011	0.00874479
6.60699e-011	0.0090248
6.66469e-011	0.0093128
6.72239e-011	0.00960899
6.7801e-011	0.00991355
6.8378e-011	0.0102267
6.8955e-011	0.0105486
6.9532e-011	0.0108795
7.01091e-011	0.0112196
7.06861e-011	0.0115691
7.12631e-011	0.0119283
7.18402e-011	0.0122973
7.24172e-011	0.0126764
7.29942e-011	0.0130658
7.35712e-011	0.0134658
7.41483e-011	0.0138765
7.47253e-011	0.0142983
7.53023e-011	0.0147313
7.58794e-011	0.0151759
7.64564e-011	0.0156322
7.70334e-011	0.0161006
7.76105e-011	0.0165812
7.81875e-011	0.0170744
7.87645e-011	0.0175804
7.93415e-011	0.0180996
7.99186e-011	0.018632
8.04956e-011	0.0191782
8.10726e-011	0.0197382
8.16497e-011	0.0203125
8.22267e-011	0.0209013
8.28037e-011	0.0215049
8.33807e-011	0.0221236
8.39578e-011	0.0227577
8.45348e-011	0.0234075
8.51118e-011	0.0240734
8.56889e-011	0.0247555
8.62659e-011	0.0254544
8.68429e-011	0.0261702
8.742e-011	0.0269033
8.7997e-011	0.027654
8.8574e-011	0.0284227
8.9151e-011	0.0292097
8.97281e-011	0.0300154
9.03051e-011	0.03084
9.08821e-011	0.0316839
9.14592e-011	0.0325475
9.20362e-011	0.0334311
9.26132e-011	0.0343351
9.31902e-011	0.0352599
9.37673e-011	0.0362057
9.43443e-011	0.037173
9.49213e-011	0.0381621
9.54984e-011	0.0391735
9.60754e-011	0.0402074
9.66524e-011	0.0412642
9.72294e-011	0.0423444
9.78065e-011	0.0434483
9.83835e-011	0.0445762
9.89605e-011	0.0457287
9.95376e-011	0.046906
1.00115e-010	0.0481086
1.00692e-010	0.0493368
1.01269e-010	0.050591
1.01846e-010	0.0518717
1.02423e-010	0.0531792
1.03e-010	0.0545139
1.03577e-010	0.0558762
1.04154e-010	0.0572666
1.04731e-010	0.0586854
1.05308e-010	0.060133
1.05885e-010	0.0616098
1.06462e-010	0.0631163
1.07039e-010	0.0646528
1.07616e-010	0.0662198
1.08193e-010	0.0678176
1.0877e-010	0.0694466
1.09347e-010	0.0711074
1.09924e-010	0.0728001
1.10501e-010	0.0745253
1.11078e-010	0.0762834
1.11655e-010	0.0780748
1.12232e-010	0.0798998
1.12809e-010	0.0817589
1.13386e-010	0.0836524
1.13963e-010	0.0855808
1.1454e-010	0.0875444
1.15117e-010	0.0895437
1.15694e-010	0.091579
1.16271e-010	0.0936507
1.16848e-010	0.0957592
1.17425e-010	0.0979049
1.18003e-010	0.100088
1.1858e-010	0.102309
1.19157e-010	0.104569
1.19734e-010	0.106867
1.20311e-010	0.109204
1.20888e-010	0.111581
1.21465e-010	0.113997
1.22042e-010	0.116453
1.22619e-010	0.11895
1.23196e-010	0.121487
1.23773e-010	0.124066
1.2435e-010	0.126686
1.24927e-010	0.129348
1.25504e-010	0.132051
1.26081e-010	0.134798
1.26658e-010	0.137586
1.27235e-010	0.140418
1.27812e-010	0.143293
1.28389e-010	0.146211
1.28966e-010	0.149173
1.29543e-010	0.152179
1.3012e-010	0.15523
1.30697e-010	0.158325
1.31274e-010	0.161464
1.31851e-010	0.164649
1.32428e-010	0.167878
1.33005e-010	0.171153
1.33582e-010	0.174474
1.34159e-010	0.17784
1.34736e-010	0.181252
1.35313e-010	0.184711
1.3589e-010	0.188215
1.36467e-010	0.191766
1.37044e-010	0.195363
1.37622e-010	0.199007
1.38199e-010	0.202697
1.38776e-010	0.206434
1.39353e-010	0.210218
1.3993e-010	0.214049
1.40507e-010	0.217926
1.41084e-010	0.221851
1.41661e-010	0.225822
1.42238e-010	0.229841
1.42815e-010	0.233906
1.43392e-010	0.238018
1.43969e-010	0.242177
1.44546e-010	0.246383
1.45123e-010	0.250635
1.457e-010	0.254934
1.46277e-010	0.25928
1.46854e-010	0.263671
1.47431e-010	0.268109
1.48008e-010	0.272593
1.48585e-010	0.277123
1.49162e-010	0.281699
1.49739e-010	0.28632
1.50316e-010	0.290986
1.50893e-010	0.295697
1.5147e-010	0.300453
1.52047e-010	0.305253
1.52624e-010	0.310097
1.53201e-010	0.314985
1.53778e-010	0.319917
1.54355e-010	0.324891
1.54932e-010	0.329908
1.55509e-010	0.334968
1.56086e-010	0.340069
1.56663e-010	0.345212
1.57241e-010	0.350395
1.57818e-010	0.355619
1.58395e-010	0.360883
1.58972e-010	0.366186
1.59549e-010	0.371528
1.60126e-010	0.376909
1.60703e-010	0.382327
1.6128e-010	0.387782
1.61857e-010	0.393274
1.62434e-010	0.398801
1.63011e-010	0.404364
1.63588e-010	0.409961
1.64165e-010	0.415592
1.64742e-010	0.421256
1.65319e-010	0.426953
1.65896e-010	0.43268
1.66473e-010	0.438439
1.6705e-010	0.444227
1.67627e-010	0.450045
1.68204e-010	0.455891
1.68781e-010	0.461764
1.69358e-010	0.467664
1.69935e-010	0.473589
1.70512e-010	0.479539
1.71089e-010	0.485512
1.71666e-010	0.491509
1.72243e-010	0.497527
1.7282e-010	0.503566
1.73397e-010	0.509624
1.73974e-010	0.515701
1.74551e-010	0.521796
1.75128e-010	0.527907
1.75705e-010	0.534034
1.76282e-010	0.540175
1.7686e-010	0.546329
1.77437e-010	0.552495
1.78014e-010	0.558672
1.78591e-010	0.564859
1.79168e-010	0.571054
1.79745e-010	0.577256
1.80322e-010	0.583464
1.80899e-010	0.589677
1.81476e-010	0.595894
1.82053e-010	0.602113
1.8263e-010	0.608332
1.83207e-010	0.614552
1.83784e-010	0.620769
1.84361e-010	0.626984
1.84938e-010	0.633194
1.85515e-010	0.639399
1.86092e-010	0.645596
1.86669e-010	0.651785
1.87246e-010	0.657964
1.87823e-010	0.664132
1.884e-010	0.670287
1.88977e-010	0.676428
1.89554e-010	0.682553
1.90131e-010	0.688662
1.90708e-010	0.694752
1.91285e-010	0.700822
1.91862e-010	0.706871
1.92439e-010	0.712898
1.93016e-010	0.7189
1.93593e-010	0.724876
1.9417e-010	0.730825
1.94747e-010	0.736746
1.95324e-010	0.742636
1.95901e-010	0.748495
1.96479e-010	0.75432
1.97056e-010	0.760112
1.97633e-010	0.765866
1.9821e-010	0.771584
1.98787e-010	0.777262
1.99364e-010	0.7829
1.99941e-010	0.788496
2.00518e-010	0.794048
2.01095e-010	0.799555
2.01672e-010	0.805016
2.02249e-010	0.810429
2.02826e-010	0.815792
2.03403e-010	0.821105
2.0398e-010	0.826365
2.04557e-010	0.831572
2.05134e-010	0.836723
2.05711e-010	0.841818
2.06288e-010	0.846855
2.06865e-010	0.851832
2.07442e-010	0.856748
2.08019e-010	0.861602
2.08596e-010	0.866393
2.09173e-010	0.871119
2.0975e-010	0.875778
2.10327e-010	0.880369
2.10904e-010	0.884892
2.11481e-010	0.889344
2.12058e-010	0.893725
2.12635e-010	0.898033
2.13212e-010	0.902267
2.13789e-010	0.906425
2.14366e-010	0.910507
2.14943e-010	0.914511
2.1552e-010	0.918436
2.16098e-010	0.922281
2.16675e-010	0.926045
2.17252e-010	0.929726
2.17829e-010	0.933323
2.18406e-010	0.936836
2.18983e-010	0.940264
2.1956e-010	0.943605
2.20137e-010	0.946858
2.20714e-010	0.950022
2.21291e-010	0.953097
2.21868e-010	0.956081
2.22445e-010	0.958973
2.23022e-010	0.961773
2.23599e-010	0.96448
2.24176e-010	0.967093
2.24753e-010	0.969611
2.2533e-010	0.972033
2.25907e-010	0.974359
2.26484e-010	0.976588
2.27061e-010	0.978719
2.27638e-010	0.980751
2.28215e-010	0.982684
2.28792e-010	0.984518
2.29369e-010	0.986251
2.29946e-010	0.987883
2.30523e-010	0.989415
2.311e-010	0.990844
2.31677e-010	0.992171
2.32254e-010	0.993395
2.32831e-010	0.994516
2.33408e-010	0.995534
2.33985e-010	0.996448
2.34562e-010	0.997258
2.35139e-010	0.997964
2.35716e-010	0.998565
2.36294e-010	0.999061
2.36871e-010	0.999453
2.37448e-010	0.999739
2.38025e-010	0.999921
2.38602e-010	0.999997
2.39179e-010	0.999969
2.39756e-010	0.999835
2.40333e-010	0.999596
2.4091e-010	0.999252
2.41487e-010	0.998803
2.42064e-010	0.998249
2.42641e-010	0.997591
2.43218e-010	0.996828
2.43795e-010	0.995961
2.44372e-010	0.99499
2.44949e-010	0.993916
2.45526e-010	0.992738
2.46103e-010	0.991458
2.4668e-010	0.990075
2.47257e-010	0.98859
2.47834e-010	0.987003
2.48411e-010	0.985316
2.48988e-010	0.983528
2.49565e-010	0.98164
2.50142e-010	0.979652
2.50719e-010	0.977566
2.51296e-010	0.975381
2.51873e-010	0.973099
2.5245e-010	0.970721
2.53027e-010	0.968246
2.53604e-010	0.965676
2.54181e-010	0.963012
2.54758e-010	0.960254
2.55335e-010	0.957403
2.55913e-010	0.95446
2.5649e-010	0.951427
2.57067e-010	0.948303
2.57644e-010	0.94509
2.58221e-010	0.941789
2.58798e-010	0.938401
2.59375e-010	0.934926
2.59952e-010	0.931367
2.60529e-010	0.927723
2.61106e-010	0.923997
2.61683e-010	0.920189
2.6226e-010	0.9163
2.62837e-010	0.912332
2.63414e-010	0.908285
2.63991e-010	0.904161
2.64568e-010	0.899961
2.65145e-010	0.895687
2.65722e-010	0.891339
2.66299e-010	0.886919
2.66876e-010	0.882428
2.67453e-010	0.877868
2.6803e-010	0.873239
2.68607e-010	0.868543
2.69184e-010	0.863782
2.69761e-010	0.858956
2.70338e-010	0.854068
2.70915e-010	0.849118
2.71492e-010	0.844108
2.72069e-010	0.839039
2.72646e-010	0.833914
2.73223e-010	0.828732
2.738e-010	0.823496
2.74377e-010	0.818207
2.74954e-010	0.812866
2.75532e-010	0.807475
2.76109e-010	0.802036
2.76686e-010	0.79655
2.77263e-010	0.791018
2.7784e-010	0.785442
2.78417e-010	0.779823
2.78994e-010	0.774162
2.79571e-010	0.768463
2.80148e-010	0.762724
2.80725e-010	0.75695
2.81302e-010	0.751139
2.81879e-010	0.745296
2.82456e-010	0.739419
2.83033e-010	0.733512
2.8361e-010	0.727576
2.84187e-010	0.721612
2.84764e-010	0.715621
2.85341e-010	0.709606
2.85918e-010	0.703567
2.86495e-010	0.697506
2.87072e-010	0.691425
2.87649e-010	0.685324
2.88226e-010	0.679206
2.88803e-010	0.673072
2.8938e-010	0.666923
2.89957e-010	0.660761
2.90534e-010	0.654587
2.91111e-010	0.648402
2.91688e-010	0.642209
2.92265e-010	0.636007
2.92842e-010	0.629799
2.93419e-010	0.623587
2.93996e-010	0.61737
2.94573e-010	0.611151
2.95151e-010	0.604932
2.95728e-010	0.598712
2.96305e-010	0.592495
2.96882e-010	0.58628
2.97459e-010	0.580069
2.98036e-010	0.573864
2.98613e-010	0.567666
2.9919e-010	0.561475
2.99767e-010	0.555293
3.00344e-010	0.549122
3.00921e-010	0.542963
3.01498e-010	0.536815
3.02075e-010	0.530682
3.02652e-010	0.524564
3.03229e-010	0.518462
3.03806e-010	0.512376
3.04383e-010	0.506309
3.0496e-010	0.500261
3.05537e-010	0.494234
3.06114e-010	0.488228
3.06691e-010	0.482244
3.07268e-010	0.476283
3.07845e-010	0.470346
3.08422e-010	0.464435
3.08999e-010	0.45855
3.09576e-010	0.452691
3.10153e-010	0.446861
3.1073e-010	0.441059
3.11307e-010	0.435287
3.11884e-010	0.429545
3.12461e-010	0.423834
3.13038e-010	0.418155
3.13615e-010	0.412509
3.14192e-010	0.406897
3.1477e-010	0.401318
3.15347e-010	0.395775
3.15924e-010	0.390267
3.16501e-010	0.384795
3.17078e-010	0.37936
3.17655e-010	0.373962
3.18232e-010	0.368603
3.18809e-010	0.363282
3.19386e-010	0.358
3.19963e-010	0.352758
3.2054e-010	0.347556
3.21117e-010	0.342395
3.21694e-010	0.337275
3.22271e-010	0.332196
3.22848e-010	0.32716
3.23425e-010	0.322166
3.24002e-010	0.317215
3.24579e-010	0.312308
3.25156e-010	0.307443
3.25733e-010	0.302623
3.2631e-010	0.297847
3.26887e-010	0.293116
3.27464e-010	0.288429
3.28041e-010	0.283788
3.28618e-010	0.279192
3.29195e-010	0.274641
3.29772e-010	0.270136
3.30349e-010	0.265677
3.30926e-010	0.261264
3.31503e-010	0.256898
3.3208e-010	0.252578
3.32657e-010	0.248304
3.33234e-010	0.244077
3.33811e-010	0.239897
3.34389e-010	0.235764
3.34966e-010	0.231677
3.35543e-010	0.227638
3.3612e-010	0.223645
3.36697e-010	0.219699
3.37274e-010	0.2158
3.37851e-010	0.211948
3.38428e-010	0.208143
3.39005e-010	0.204385
3.39582e-010	0.200673
3.40159e-010	0.197009
3.40736e-010	0.19339
3.41313e-010	0.189819
3.4189e-010	0.186293
3.42467e-010	0.182814
3.43044e-010	0.179381
3.43621e-010	0.175994
3.44198e-010	0.172653
3.44775e-010	0.169357
3.45352e-010	0.166107
3.45929e-010	0.162902
3.46506e-010	0.159742
3.47083e-010	0.156627
3.4766e-010	0.153556
3.48237e-010	0.15053
3.48814e-010	0.147548
3.49391e-010	0.14461
3.49968e-010	0.141716
3.50545e-010	0.138864
3.51122e-010	0.136056
3.51699e-010	0.133291
3.52276e-010	0.130568
3.52853e-010	0.127887
3.5343e-010	0.125248
3.54008e-010	0.122651
3.54585e-010	0.120095
3.55162e-010	0.11758
3.55739e-010	0.115105
3.56316e-010	0.112671
3.56893e-010	0.110276
3.5747e-010	0.107921
3.58047e-010	0.105606
3.58624e-010	0.103329
3.59201e-010	0.10109
3.59778e-010	0.0988898
3.60355e-010	0.0967271
3.60932e-010	0.0946018
3.61509e-010	0.0925135
3.62086e-010	0.0904617
3.62663e-010	0.0884461
3.6324e-010	0.0864664
3.63817e-010	0.0845221
3.64394e-010	0.0826128
3.64971e-010	0.0807382
3.65548e-010	0.0788978
3.66125e-010	0.0770912
3.66702e-010	0.0753181
3.67279e-010	0.073578
3.67856e-010	0.0718706
3.68433e-010	0.0701954
3.6901e-010	0.0685521
3.69587e-010	0.0669401
3.70164e-010	0.0653592
3.70741e-010	0.063809
3.71318e-010	0.0622889
3.71895e-010	0.0607987
3.72472e-010	0.0593379
3.73049e-010	0.0579061
3.73627e-010	0.0565029
3.74204e-010	0.0551279
3.74781e-010	0.0537807
3.75358e-010	0.0524609
3.75935e-010	0.0511682
3.76512e-010	0.049902
3.77089e-010	0.048662
3.77666e-010	0.0474479
3.78243e-010	0.0462592
3.7882e-010	0.0450955
3.79397e-010	0.0439565
3.79974e-010	0.0428418
3.80551e-010	0.0417509
3.81128e-010	0.0406835
3.81705e-010	0.0396392
3.82282e-010	0.0386177
3.82859e-010	0.0376186
3.83436e-010	0.0366414
3.84013e-010	0.0356859
3.8459e-010	0.0347517
3.85167e-010	0.0338383
3.85744e-010	0.0329455
3.86321e-010	0.0320729
3.86898e-010	0.0312201
3.87475e-010	0.0303867
3.88052e-010	0.0295726
3.88629e-010	0.0287772
3.89206e-010	0.0280002
3.89783e-010	0.0272414
3.9036e-010	0.0265003
3.90937e-010	0.0257767
3.91514e-010	0.0250702
3.92091e-010	0.0243805
3.92668e-010	0.0237073
3.93246e-010	0.0230503
3.93823e-010	0.0224091
3.944e-010	0.0217834
3.94977e-010	0.021173
3.95554e-010	0.0205776
3.96131e-010	0.0199967
3.96708e-010	0.0194303
3.97285e-010	0.0188779
3.97862e-010	0.0183392
3.98439e-010	0.0178141
3.99016e-010	0.0173022
3.99593e-010	0.0168032
4.0017e-010	0.0163169
4.00747e-010	0.015843
4.01324e-010	0.0153813
4.01901e-010	0.0149314
4.02478e-010	0.0144932
4.03055e-010	0.0140663
4.03632e-010	0.0136506
4.04209e-010	0.0132458
4.04786e-010	0.0128516
4.05363e-010	0.0124679
4.0594e-010	0.0120943
4.06517e-010	0.0117307
4.07094e-010	0.0113769
4.07671e-010	0.0110325
4.08248e-010	0.0106975
4.08825e-010	0.0103715
4.09402e-010	0.0100544
4.09979e-010	0.00974598
4.10556e-010	0.00944602
4.11133e-010	0.00915434
4.1171e-010	0.00887073
4.12287e-010	0.008595
4.12865e-010	0.00832696
4.13442e-010	0.00806644
4.14019e-010	0.00781324
4.14596e-010	0.0075672
4.15173e-010	0.00732813
4.1575e-010	0.00709587
4.16327e-010	0.00687025
4.16904e-010	0.00665111
4.17481e-010	0.00643827
4.18058e-010	0.0062316
4.18635e-010	0.00603092
4.19212e-010	0.00583609
4.19789e-010	0.00564696
4.20366e-010	0.00546339
4.20943e-010	0.00528523
4.2152e-010	0.00511234
4.22097e-010	0.00494458
4.22674e-010	0.00478183
4.23251e-010	0.00462395
4.23828e-010	0.00447081
4.24405e-010	0.00432229
4.24982e-010	0.00417826
4.25559e-010	0.00403861
4.26136e-010	0.00390321
4.26713e-010	0.00377196
4.2729e-010	0.00364473
4.27867e-010	0.00352143
4.28444e-010	0.00340194
4.29021e-010	0.00328616
4.29598e-010	0.00317399
4.30175e-010	0.00306532
4.30752e-010	0.00296007
4.31329e-010	0.00285812
4.31906e-010	0.0027594
4.32484e-010	0.00266381
4.33061e-010	0.00257126
4.33638e-010	0.00248166
4.34215e-010	0.00239493
4.34792e-010	0.00231099
4.35369e-010	0.00222976
4.35946e-010	0.00215116
4.36523e-010	0.00207511
4.371e-010	0.00200154
4.37677e-010	0.00193037
4.38254e-010	0.00186154
4.38831e-010	0.00179497
4.39408e-010	0.0017306
4.39985e-010	0.00166837
4.40562e-010	0.0016082
4.41139e-010	0.00155004
4.41716e-010	0.00149383
4.42293e-010	0.00143951
4.4287e-010	0.00138701
4.43447e-010	0.00133629
4.44024e-010	0.00128728
4.44601e-010	0.00123995
4.45178e-010	0.00119423
4.45755e-010	0.00115007
4.46332e-010	0.00110743
4.46909e-010	0.00106626
4.47486e-010	0.00102651
4.48063e-010	0.00098814
4.4864e-010	0.000951104
4.49217e-010	0.000915359
4.49794e-010	0.000880865
4.50371e-010	0.000847582
4.50948e-010	0.000815471
4.51525e-010	0.000784494
4.52103e-010	0.000754614
4.5268e-010	0.000725796
4.53257e-010	0.000698005
4.53834e-010	0.000671208
4.54411e-010	0.000645371
4.54988e-010	0.000620464
4.55565e-010	0.000596455
4.56142e-010	0.000573315
4.56719e-010	0.000551015
4.57296e-010	0.000529527
4.57873e-010	0.000508823
4.5845e-010	0.000488877
4.59027e-010	0.000469663
4.59604e-010	0.000451158
4.60181e-010	0.000433335
4.60758e-010	0.000416174
4.61335e-010	0.000399649
4.61912e-010	0.000383741
4.62489e-010	0.000368427
4.63066e-010	0.000353687
4.63643e-010	0.000339501
4.6422e-010	0.00032585
4.64797e-010	0.000312714
4.65374e-010	0.000300077
4.65951e-010	0.00028792
4.66528e-010	0.000276227
4.67105e-010	0.00026498
4.67682e-010	0.000254165
4.68259e-010	0.000243765
4.68836e-010	0.000233767
4.69413e-010	0.000224155
4.6999e-010	0.000214916
4.70567e-010	0.000206035
4.71144e-010	0.000197501
4.71722e-010	0.000189301
4.72299e-010	0.000181422
4.72876e-010	0.000173852
4.73453e-010	0.000166581
4.7403e-010	0.000159597
4.74607e-010	0.00015289
4.75184e-010	0.00014645
4.75761e-010	0.000140266
4.76338e-010	0.000134329
4.76915e-010	0.000128629
4.77492e-010	0.000123159
