% time-domain current integration by openEMS v0.0.35 @Tue Mar 31 03:48:30 2020
% start-coordinates: (0.0383544,-0.0469783,0.0005333) m -> [31,29,15]
% stop-coordinates: (0.04064,-0.0469783,0.0005333) m -> [33,29,15]
% t/s	current
3.45483001598e-013	-0
2.10744630975e-011	-0
4.18034431933e-011	-0
6.25324232892e-011	-0
8.32614033851e-011	-0
1.03990383481e-010	-0
1.24719363577e-010	-0
1.45448343673e-010	-0
1.66177323769e-010	-0
1.86906303864e-010	-0
2.0763528396e-010	-0
2.28364264056e-010	-0
2.49093244152e-010	-0
2.69822224248e-010	-0
2.90551204344e-010	-0
3.1128018444e-010	-0
3.32009164535e-010	-0
3.52738144631e-010	-0
3.73467124727e-010	-0
3.94196104823e-010	-0
4.14925084919e-010	-0
4.35654065015e-010	-0
4.56383045111e-010	-0
4.77112025207e-010	-0
4.97841005302e-010	-0
5.18569985398e-010	-0
5.39298965494e-010	-0
5.6002794559e-010	-0
5.80756925686e-010	-0
6.01485905782e-010	-0
6.22214885878e-010	-0
6.42943865973e-010	-0
6.63672846069e-010	-0
6.84401826165e-010	-0
7.05130806261e-010	-0
7.25859786357e-010	-0
7.46588766453e-010	-0
7.67317746549e-010	-0
7.88046726645e-010	-0
8.0877570674e-010	-0
8.29504686836e-010	-0
8.50233666932e-010	-0
8.70962647028e-010	-0
8.91691627124e-010	-0
9.1242060722e-010	-0
9.33149587316e-010	-0
9.53878567411e-010	-0
9.74607547507e-010	-0
9.95336527603e-010	-0
1.0160655077e-009	-0
1.03679448779e-009	-0
1.05752346789e-009	-0
1.07825244799e-009	-0
1.09898142808e-009	-0
1.11971040818e-009	-0
1.14043938827e-009	-0
1.16116836837e-009	-0
1.18189734847e-009	-0
1.20262632856e-009	-0
1.22335530866e-009	-0
1.24408428875e-009	-0
1.26481326885e-009	-0
1.28554224895e-009	-0
1.30627122904e-009	-0
1.32700020914e-009	-0
1.34772918923e-009	-0
1.36845816933e-009	-0
1.38918714942e-009	-0
1.40991612952e-009	-0
1.43064510962e-009	-0
1.45137408971e-009	-0
1.47210306981e-009	-0
1.4928320499e-009	-0
1.51356103e-009	-0
1.5342900101e-009	-0
1.55501899019e-009	-0
1.57574797029e-009	-0
1.59647695038e-009	-0
1.61720593048e-009	-0
1.63793491058e-009	-0
1.65866389067e-009	-0
1.67939287077e-009	-0
1.70012185086e-009	-0
1.72085083096e-009	-0
1.74157981105e-009	-0
1.76230879115e-009	-0
1.78303777125e-009	-0
1.80376675134e-009	-0
1.82449573144e-009	-0
1.84522471153e-009	-0
1.86595369163e-009	-0
1.88668267173e-009	-0
1.90741165182e-009	-0
1.92814063192e-009	-0
1.94886961201e-009	-0
1.96959859211e-009	-0
1.9903275722e-009	-0
2.0110565523e-009	-0
2.0317855324e-009	-0
2.05251451249e-009	-0
2.07324349259e-009	-0
2.09397247268e-009	-0
2.11470145278e-009	-0
2.13543043288e-009	-0
2.15615941297e-009	-0
2.17688839307e-009	-0
2.19761737316e-009	-0
2.21834635326e-009	-0
2.23907533336e-009	-0
2.25980431345e-009	-0
2.28053329355e-009	-0
2.30126227364e-009	-0
2.32199125374e-009	-0
2.34272023383e-009	-0
2.36344921393e-009	-0
2.38417819403e-009	-0
2.40490717412e-009	-0
2.42563615422e-009	-0
2.44636513431e-009	-0
2.46709411441e-009	-0
2.48782309451e-009	-0
2.5085520746e-009	-0
2.5292810547e-009	-0
2.55001003479e-009	-0
2.57073901489e-009	-0
2.59146799498e-009	-0
2.61219697508e-009	-0
2.63292595518e-009	-0
2.65365493527e-009	-0
2.67438391537e-009	-0
2.69511289546e-009	-0
2.71584187556e-009	-0
2.73657085566e-009	-0
2.75729983575e-009	-0
2.77802881585e-009	-0
2.79875779594e-009	-0
2.81948677604e-009	-0
2.84021575614e-009	-0
2.86094473623e-009	-0
2.88167371633e-009	-0
2.90240269642e-009	-0
2.92313167652e-009	-0
2.94386065661e-009	-0
2.96458963671e-009	-0
2.98531861681e-009	-0
3.0060475969e-009	-0
3.026776577e-009	-0
3.04750555709e-009	-0
3.06823453719e-009	-0
3.08896351729e-009	-0
3.10969249738e-009	-0
3.13042147748e-009	-0
3.15115045757e-009	-0
3.17187943767e-009	-0
3.19260841777e-009	-0
3.21333739786e-009	-0
3.23406637796e-009	-0
3.25479535805e-009	-0
3.27552433815e-009	-0
3.29625331824e-009	-0
3.31698229834e-009	-0
3.33771127844e-009	-0
3.35844025853e-009	-0
3.37916923863e-009	-0
3.39989821872e-009	-0
3.42062719882e-009	-0
3.44135617892e-009	-0
3.46208515901e-009	-0
3.48281413911e-009	-0
3.5035431192e-009	-0
3.5242720993e-009	-0
3.54500107939e-009	-0
3.56573005949e-009	-0
3.58645903959e-009	-0
3.60718801968e-009	-0
3.62791699978e-009	-0
3.64864597987e-009	-0
3.66937495997e-009	-0
3.69010394007e-009	-0
3.71083292016e-009	-0
3.73156190026e-009	-0
3.75229088035e-009	-0
3.77301986045e-009	-0
3.79374884055e-009	-0
3.81447782064e-009	-0
3.83520680074e-009	-0
3.85593578083e-009	-0
3.87666476093e-009	-0
3.89739374102e-009	-0
3.91812272112e-009	-0
3.93885170122e-009	-0
3.95958068131e-009	-0
3.98030966141e-009	-0
4.0010386415e-009	-0
4.0217676216e-009	-0
4.0424966017e-009	-0
4.06322558179e-009	-0
4.08395456189e-009	-0
4.10468354198e-009	-0
4.12541252208e-009	-0
4.14614150217e-009	-0
4.16687048227e-009	-0
4.18759946237e-009	-0
4.20832844246e-009	-0
4.22905742256e-009	-0
4.24978640265e-009	-0
4.27051538275e-009	-0
4.29124436285e-009	-0
4.31197334294e-009	-0
4.33270232304e-009	-0
4.35343130313e-009	-0
4.37416028323e-009	-0
4.39488926333e-009	-0
4.41561824342e-009	-0
4.43634722352e-009	-0
4.45707620361e-009	-0
4.47780518371e-009	-0
4.4985341638e-009	-0
4.5192631439e-009	-0
4.539992124e-009	-0
4.56072110409e-009	-0
4.58145008419e-009	-0
4.60217906428e-009	-0
4.62290804438e-009	-0
4.64363702448e-009	-0
4.66436600457e-009	-0
4.68509498467e-009	-0
4.70582396476e-009	-0
4.72655294486e-009	-0
4.74728192496e-009	-0
4.76801090505e-009	-0
4.78873988515e-009	-0
4.80946886524e-009	-0
4.83019784534e-009	-0
4.85092682543e-009	-0
4.87165580553e-009	-0
4.89238478563e-009	-0
4.91311376572e-009	-0
4.93384274582e-009	-0
4.95457172591e-009	-0
4.97530070601e-009	-0
4.99602968611e-009	-0
5.0167586662e-009	-0
5.0374876463e-009	-0
5.05821662639e-009	-0
5.07894560649e-009	-0
5.09967458658e-009	-0
5.12040356668e-009	-0
5.14113254678e-009	-0
5.16186152687e-009	-0
5.18259050697e-009	-0
5.20331948706e-009	-0
5.22404846716e-009	-0
5.24477744726e-009	-0
5.26550642735e-009	-0
5.28623540745e-009	-0
5.30696438754e-009	-0
5.32769336764e-009	-0
5.34842234774e-009	-0
5.36915132783e-009	-0
5.38988030793e-009	-0
5.41060928802e-009	-0
5.43133826812e-009	-0
5.45206724821e-009	-0
5.47279622831e-009	-0
5.49352520841e-009	-0
5.5142541885e-009	-0
5.5349831686e-009	-0
5.55571214869e-009	-0
5.57644112879e-009	-0
5.59717010889e-009	-0
5.61789908898e-009	-0
5.63862806908e-009	-0
5.65935704917e-009	-0
5.68008602927e-009	-0
5.70081500936e-009	-0
5.72154398946e-009	-0
5.74227296956e-009	-0
5.76300194965e-009	-0
5.78373092975e-009	-0
5.80445990984e-009	-0
5.82518888994e-009	-0
5.84591787004e-009	-0
5.86664685013e-009	-0
5.88737583023e-009	-0
5.90810481032e-009	-0
5.92883379042e-009	-0
5.94956277052e-009	-0
5.97029175061e-009	-0
5.99102073071e-009	-0
6.0117497108e-009	-0
6.0324786909e-009	-0
6.05320767099e-009	-0
6.07393665109e-009	-0
6.09466563119e-009	-0
6.11539461128e-009	-0
6.13612359138e-009	-0
6.15685257147e-009	-0
6.17758155157e-009	-0
6.19831053167e-009	-0
6.21903951176e-009	-0
6.23976849186e-009	-0
6.26049747195e-009	-0
6.28122645205e-009	-0
6.30195543214e-009	-0
6.32268441224e-009	-0
6.34341339234e-009	-0
6.36414237243e-009	-0
6.38487135253e-009	-0
6.40560033262e-009	-0
6.42632931272e-009	-0
6.44705829282e-009	-0
6.46778727291e-009	-0
6.48851625301e-009	-0
6.5092452331e-009	-0
6.5299742132e-009	-0
6.5507031933e-009	-0
6.57143217339e-009	-0
6.59216115349e-009	-0
6.61289013358e-009	-0
6.63361911368e-009	-0
6.65434809377e-009	-0
6.67507707387e-009	-0
6.69580605397e-009	-0
6.71653503406e-009	-0
6.73726401416e-009	-0
6.75799299425e-009	-0
6.77872197435e-009	-0
6.79945095445e-009	-0
6.82017993454e-009	-0
6.84090891464e-009	-0
6.86163789473e-009	-0
6.88236687483e-009	-0
6.90309585493e-009	-0
6.92382483502e-009	-0
6.94455381512e-009	-0
6.96528279521e-009	-0
6.98601177531e-009	-0
7.0067407554e-009	-0
7.0274697355e-009	-0
7.0481987156e-009	-0
7.06892769569e-009	-0
7.08965667579e-009	-0
7.11038565588e-009	-0
7.13111463598e-009	-0
7.15184361608e-009	-0
7.17257259617e-009	-0
7.19330157627e-009	-0
7.21403055636e-009	-0
7.23475953646e-009	-0
7.25548851655e-009	-0
7.27621749665e-009	-0
7.29694647675e-009	-0
7.31767545684e-009	-0
7.33840443694e-009	-0
7.35913341703e-009	-0
7.37986239713e-009	-0
7.40059137723e-009	-0
7.42132035732e-009	-0
7.44204933742e-009	-0
7.46277831751e-009	-0
7.48350729761e-009	-0
7.50423627771e-009	-0
7.5249652578e-009	-0
7.5456942379e-009	-0
7.56642321799e-009	-0
7.58715219809e-009	-0
7.60788117818e-009	-0
7.62861015828e-009	-0
7.64933913838e-009	-0
7.67006811847e-009	-0
7.69079709857e-009	-0
7.71152607866e-009	-0
7.73225505876e-009	-0
7.75298403886e-009	-0
7.77371301895e-009	-0
7.79444199905e-009	-0
7.81517097914e-009	-0
7.83589995924e-009	-0
7.85662893933e-009	-0
7.87735791943e-009	-0
7.89808689953e-009	-0
7.91881587962e-009	-0
7.93954485972e-009	-0
7.96027383981e-009	-0
7.98100281991e-009	-0
8.00173180001e-009	-0
8.0224607801e-009	-0
8.0431897602e-009	-0
8.06391874029e-009	-0
8.08464772039e-009	-0
8.10537670049e-009	-0
8.12610568058e-009	-0
8.14683466068e-009	-0
8.16756364077e-009	-0
8.18829262087e-009	-0
8.20902160096e-009	-0
8.22975058106e-009	-0
8.25047956116e-009	-0
8.27120854125e-009	-0
8.29193752135e-009	-0
8.31266650144e-009	-0
8.33339548154e-009	-0
8.35412446164e-009	-0
8.37485344173e-009	-0
8.39558242183e-009	-0
8.41631140192e-009	-0
8.43704038202e-009	-0
8.45776936212e-009	-0
8.47849834221e-009	-0
8.49922732231e-009	-0
8.5199563024e-009	-0
8.5406852825e-009	-0
8.56141426259e-009	-0
8.58214324269e-009	-0
8.60287222279e-009	-0
8.62360120288e-009	-0
8.64433018298e-009	-0
8.66505916307e-009	-0
8.68578814317e-009	-0
8.70651712327e-009	-0
8.72724610336e-009	-0
8.74797508346e-009	-0
8.76870406355e-009	-0
8.78943304365e-009	-0
8.81016202374e-009	-0
8.83089100384e-009	-0
8.85161998394e-009	-0
8.87234896403e-009	-0
8.89307794413e-009	-0
8.91380692422e-009	-0
8.93453590432e-009	-0
8.95526488442e-009	-0
8.97599386451e-009	-0
8.99672284461e-009	-0
9.0174518247e-009	-0
9.0381808048e-009	-0
9.0589097849e-009	-0
9.07963876499e-009	-0
9.10036774509e-009	-0
9.12109672518e-009	-0
9.14182570528e-009	-0
9.16255468537e-009	-0
9.18328366547e-009	-0
9.20401264557e-009	-0
9.22474162566e-009	-0
9.24547060576e-009	-0
9.26619958585e-009	-0
9.28692856595e-009	-0
9.30765754605e-009	-0
9.32838652614e-009	-0
9.34911550624e-009	-0
9.36984448633e-009	-0
9.39057346643e-009	-0
9.41130244652e-009	-0
9.43203142662e-009	-0
9.45276040672e-009	-0
9.47348938681e-009	-0
9.49421836691e-009	-0
9.514947347e-009	-0
9.5356763271e-009	-0
9.5564053072e-009	-0
9.57713428729e-009	-0
9.59786326739e-009	-0
9.61859224748e-009	-0
9.63932122758e-009	-0
9.66005020768e-009	-0
9.68077918777e-009	-0
9.70150816787e-009	-0
9.72223714796e-009	-0
9.74296612806e-009	-0
9.76369510815e-009	-0
9.78442408825e-009	-0
9.80515306835e-009	-0
9.82588204844e-009	-0
9.84661102854e-009	-0
9.86734000863e-009	-0
9.88806898873e-009	-0
9.90879796883e-009	-0
9.92952694892e-009	-0
9.95025592902e-009	-0
9.97098490911e-009	-0
9.99171388921e-009	-0
1.00124428693e-008	-0
1.00331718494e-008	-0
1.00539008295e-008	-0
1.00746298096e-008	-0
1.00953587897e-008	-0
1.01160877698e-008	-0
1.01368167499e-008	-0
1.015754573e-008	-0
1.01782747101e-008	-0
1.01990036902e-008	-0
1.02197326703e-008	-0
1.02404616504e-008	-0
1.02611906305e-008	-0
1.02819196106e-008	-0
1.03026485906e-008	-0
1.03233775707e-008	-0
1.03441065508e-008	-0
1.03648355309e-008	-0
1.0385564511e-008	-0
1.04062934911e-008	-0
1.04270224712e-008	-0
1.04477514513e-008	-0
1.04684804314e-008	-0
1.04892094115e-008	-0
1.05099383916e-008	-0
1.05306673717e-008	-0
1.05513963518e-008	-0
1.05721253319e-008	-0
1.0592854312e-008	-0
1.06135832921e-008	-0
1.06343122722e-008	-0
1.06550412523e-008	-0
1.06757702324e-008	-0
1.06964992125e-008	-0
1.07172281926e-008	-0
1.07379571727e-008	-0
1.07586861528e-008	-0
1.07794151329e-008	-0
1.08001441129e-008	-0
1.0820873093e-008	-0
1.08416020731e-008	-0
1.08623310532e-008	-0
1.08830600333e-008	-0
1.09037890134e-008	-0
1.09245179935e-008	-0
1.09452469736e-008	-0
1.09659759537e-008	-0
1.09867049338e-008	-0
1.10074339139e-008	-0
1.1028162894e-008	-0
1.10488918741e-008	-0
1.10696208542e-008	-0
1.10903498343e-008	-0
1.11110788144e-008	-0
1.11318077945e-008	-0
1.11525367746e-008	-0
1.11732657547e-008	-0
1.11939947348e-008	-0
1.12147237149e-008	-0
1.1235452695e-008	-0
1.12561816751e-008	-0
1.12769106552e-008	-0
1.12976396352e-008	-0
1.13183686153e-008	-0
1.13390975954e-008	-0
1.13598265755e-008	-0
1.13805555556e-008	-0
1.14012845357e-008	-0
1.14220135158e-008	-0
1.14427424959e-008	-0
1.1463471476e-008	-0
1.14842004561e-008	-0
1.15049294362e-008	-0
1.15256584163e-008	-0
1.15463873964e-008	-0
1.15671163765e-008	-0
1.15878453566e-008	-0
1.16085743367e-008	-0
1.16293033168e-008	-0
1.16500322969e-008	-0
1.1670761277e-008	-0
1.16914902571e-008	-0
1.17122192372e-008	-0
1.17329482173e-008	-0
1.17536771974e-008	-0
1.17744061775e-008	-0
1.17951351575e-008	-0
1.18158641376e-008	-0
1.18365931177e-008	-0
1.18573220978e-008	-0
1.18780510779e-008	-0
1.1898780058e-008	-0
1.19195090381e-008	-0
1.19402380182e-008	-0
1.19609669983e-008	-0
1.19816959784e-008	-0
1.20024249585e-008	-0
1.20231539386e-008	-0
1.20438829187e-008	-0
1.20646118988e-008	-0
1.20853408789e-008	-0
1.2106069859e-008	-0
1.21267988391e-008	-0
1.21475278192e-008	-0
1.21682567993e-008	-0
1.21889857794e-008	-0
1.22097147595e-008	-0
1.22304437396e-008	-0
1.22511727197e-008	-0
1.22719016998e-008	-0
1.22926306799e-008	-0
1.23133596599e-008	-0
1.233408864e-008	-0
1.23548176201e-008	-0
1.23755466002e-008	-0
1.23962755803e-008	-0
1.24170045604e-008	-0
1.24377335405e-008	-0
1.24584625206e-008	-0
1.24791915007e-008	-0
1.24999204808e-008	-0
1.25206494609e-008	-0
1.2541378441e-008	-0
1.25621074211e-008	-0
1.25828364012e-008	-0
1.26035653813e-008	-0
1.26242943614e-008	-0
1.26450233415e-008	-0
1.26657523216e-008	-0
1.26864813017e-008	-0
1.27072102818e-008	-0
1.27279392619e-008	-0
1.2748668242e-008	-0
1.27693972221e-008	-0
1.27901262022e-008	-0
1.28108551822e-008	-0
1.28315841623e-008	-0
1.28523131424e-008	-0
1.28730421225e-008	-0
1.28937711026e-008	-0
1.29145000827e-008	-0
1.29352290628e-008	-0
1.29559580429e-008	-0
1.2976687023e-008	-0
1.29974160031e-008	-0
1.30181449832e-008	-0
1.30388739633e-008	-0
1.30596029434e-008	-0
1.30803319235e-008	-0
1.31010609036e-008	-0
1.31217898837e-008	-0
1.31425188638e-008	-0
1.31632478439e-008	-0
1.3183976824e-008	-0
1.32047058041e-008	-0
1.32254347842e-008	-0
1.32461637643e-008	-0
1.32668927444e-008	-0
1.32876217245e-008	-0
1.33083507045e-008	-0
1.33290796846e-008	-0
1.33498086647e-008	-0
1.33705376448e-008	-0
1.33912666249e-008	-0
1.3411995605e-008	-0
1.34327245851e-008	-0
1.34534535652e-008	-0
1.34741825453e-008	-0
1.34949115254e-008	-0
1.35156405055e-008	-0
1.35363694856e-008	-0
1.35570984657e-008	-0
1.35778274458e-008	-0
1.35985564259e-008	-0
1.3619285406e-008	-0
1.36400143861e-008	-0
1.36607433662e-008	-0
1.36814723463e-008	-0
1.37022013264e-008	-0
1.37229303065e-008	-0
1.37436592866e-008	-0
1.37643882667e-008	-0
1.37851172468e-008	-0
1.38058462268e-008	-0
1.38265752069e-008	-0
1.3847304187e-008	-0
1.38680331671e-008	-0
1.38887621472e-008	-0
1.39094911273e-008	-0
1.39302201074e-008	-0
1.39509490875e-008	-0
1.39716780676e-008	-0
1.39924070477e-008	-0
1.40131360278e-008	-0
1.40338650079e-008	-0
1.4054593988e-008	-0
1.40753229681e-008	-0
1.40960519482e-008	-0
1.41167809283e-008	-0
1.41375099084e-008	-0
1.41582388885e-008	-0
1.41789678686e-008	-0
1.41996968487e-008	-0
1.42204258288e-008	-0
1.42411548089e-008	-0
1.4261883789e-008	-0
1.42826127691e-008	-0
1.43033417491e-008	-0
1.43240707292e-008	-0
1.43447997093e-008	-0
1.43655286894e-008	-0
1.43862576695e-008	-0
1.44069866496e-008	-0
1.44277156297e-008	-0
1.44484446098e-008	-0
1.44691735899e-008	-0
1.448990257e-008	-0
1.45106315501e-008	-0
1.45313605302e-008	-0
1.45520895103e-008	-0
1.45728184904e-008	-0
1.45935474705e-008	-0
1.46142764506e-008	-0
1.46350054307e-008	-0
1.46557344108e-008	-0
1.46764633909e-008	-0
1.4697192371e-008	-0
1.47179213511e-008	-0
1.47386503312e-008	-0
1.47593793113e-008	-0
1.47801082914e-008	-0
1.48008372715e-008	-0
1.48215662515e-008	-0
1.48422952316e-008	-0
1.48630242117e-008	-0
1.48837531918e-008	-0
1.49044821719e-008	-0
1.4925211152e-008	-0
1.49459401321e-008	-0
1.49666691122e-008	-0
1.49873980923e-008	-0
1.50081270724e-008	-0
1.50288560525e-008	-0
1.50495850326e-008	-0
1.50703140127e-008	-0
1.50910429928e-008	-0
1.51117719729e-008	-0
1.5132500953e-008	-0
1.51532299331e-008	-0
1.51739589132e-008	-0
1.51946878933e-008	-0
1.52154168734e-008	-0
1.52361458535e-008	-0
1.52568748336e-008	-0
1.52776038137e-008	-0
1.52983327938e-008	-0
1.53190617738e-008	-0
1.53397907539e-008	-0
1.5360519734e-008	-0
1.53812487141e-008	-0
1.54019776942e-008	-0
1.54227066743e-008	-0
1.54434356544e-008	-0
1.54641646345e-008	-0
1.54848936146e-008	-0
1.55056225947e-008	-0
1.55263515748e-008	-0
1.55470805549e-008	-0
1.5567809535e-008	-0
1.55885385151e-008	-0
1.56092674952e-008	-0
1.56299964753e-008	-0
1.56507254554e-008	-0
1.56714544355e-008	-0
1.56921834156e-008	-0
1.57129123957e-008	-0
1.57336413758e-008	-0
1.57543703559e-008	-0
1.5775099336e-008	-0
1.57958283161e-008	-0
1.58165572961e-008	-0
1.58372862762e-008	-0
1.58580152563e-008	-0
1.58787442364e-008	-0
1.58994732165e-008	-0
1.59202021966e-008	-0
1.59409311767e-008	-0
1.59616601568e-008	-0
1.59823891369e-008	-0
1.6003118117e-008	-0
1.60238470971e-008	-0
1.60445760772e-008	-0
1.60653050573e-008	-0
1.60860340374e-008	-0
1.61067630175e-008	-0
1.61274919976e-008	-0
1.61482209777e-008	-0
1.61689499578e-008	-0
1.61896789379e-008	-0
1.6210407918e-008	-0
1.62311368981e-008	-0
1.62518658782e-008	-0
1.62725948583e-008	-0
1.62933238384e-008	-0
1.63140528184e-008	-0
1.63347817985e-008	-0
1.63555107786e-008	-0
1.63762397587e-008	-0
1.63969687388e-008	-0
1.64176977189e-008	-0
1.6438426699e-008	-0
1.64591556791e-008	-0
1.64798846592e-008	-0
1.65006136393e-008	-0
1.65213426194e-008	-0
1.65420715995e-008	-0
1.65628005796e-008	-0
1.65835295597e-008	-0
1.66042585398e-008	-0
1.66249875199e-008	-0
1.66457165e-008	-0
1.66664454801e-008	-0
1.66871744602e-008	-0
1.67079034403e-008	-0
1.67286324204e-008	-0
1.67493614005e-008	-0
1.67700903806e-008	-0
1.67908193607e-008	-0
1.68115483407e-008	-0
1.68322773208e-008	-0
1.68530063009e-008	-0
1.6873735281e-008	-0
1.68944642611e-008	-0
1.69151932412e-008	-0
1.69359222213e-008	-0
1.69566512014e-008	-0
1.69773801815e-008	-0
1.69981091616e-008	-0
1.70188381417e-008	-0
1.70395671218e-008	-0
1.70602961019e-008	-0
1.7081025082e-008	-0
1.71017540621e-008	-0
1.71224830422e-008	-0
1.71432120223e-008	-0
1.71639410024e-008	-0
1.71846699825e-008	-0
1.72053989626e-008	-0
1.72261279427e-008	-0
1.72468569228e-008	-0
1.72675859029e-008	-0
1.7288314883e-008	-0
1.73090438631e-008	-0
1.73297728431e-008	-0
1.73505018232e-008	-0
1.73712308033e-008	-0
1.73919597834e-008	-0
1.74126887635e-008	-0
1.74334177436e-008	-0
1.74541467237e-008	-0
1.74748757038e-008	-0
1.74956046839e-008	-0
1.7516333664e-008	-0
1.75370626441e-008	-0
1.75577916242e-008	-0
1.75785206043e-008	-0
1.75992495844e-008	-0
1.76199785645e-008	-0
1.76407075446e-008	-0
1.76614365247e-008	-0
1.76821655048e-008	-0
1.77028944849e-008	-0
1.7723623465e-008	-0
1.77443524451e-008	-0
1.77650814252e-008	-0
1.77858104053e-008	-0
1.78065393854e-008	-0
1.78272683654e-008	-0
1.78479973455e-008	-0
1.78687263256e-008	-0
1.78894553057e-008	-0
1.79101842858e-008	-0
1.79309132659e-008	-0
1.7951642246e-008	-0
1.79723712261e-008	-0
1.79931002062e-008	-0
1.80138291863e-008	-0
1.80345581664e-008	-0
1.80552871465e-008	-0
1.80760161266e-008	-0
1.80967451067e-008	-0
1.81174740868e-008	-0
1.81382030669e-008	-0
1.8158932047e-008	-0
1.81796610271e-008	-0
1.82003900072e-008	-0
1.82211189873e-008	-0
1.82418479674e-008	-0
1.82625769475e-008	-0
1.82833059276e-008	-0
1.83040349077e-008	-0
1.83247638877e-008	-0
1.83454928678e-008	-0
1.83662218479e-008	-0
1.8386950828e-008	-0
1.84076798081e-008	-0
1.84284087882e-008	-0
1.84491377683e-008	-0
1.84698667484e-008	-0
1.84905957285e-008	-0
1.85113247086e-008	-0
1.85320536887e-008	-0
1.85527826688e-008	-0
1.85735116489e-008	-0
1.8594240629e-008	-0
1.86149696091e-008	-0
1.86356985892e-008	-0
1.86564275693e-008	-0
1.86771565494e-008	-0
1.86978855295e-008	-0
1.87186145096e-008	-0
1.87393434897e-008	-0
1.87600724698e-008	-0
1.87808014499e-008	-0
1.880153043e-008	-0
1.882225941e-008	-0
1.88429883901e-008	-0
1.88637173702e-008	-0
1.88844463503e-008	-0
1.89051753304e-008	-0
1.89259043105e-008	-0
1.89466332906e-008	-0
1.89673622707e-008	-0
1.89880912508e-008	-0
1.90088202309e-008	-0
1.9029549211e-008	-0
1.90502781911e-008	-0
1.90710071712e-008	-0
1.90917361513e-008	-0
1.91124651314e-008	-0
1.91331941115e-008	-0
1.91539230916e-008	-0
1.91746520717e-008	-0
1.91953810518e-008	-0
1.92161100319e-008	-0
1.9236839012e-008	-0
1.92575679921e-008	-0
1.92782969722e-008	-0
1.92990259523e-008	-0
1.93197549323e-008	-0
1.93404839124e-008	-0
1.93612128925e-008	-0
1.93819418726e-008	-0
1.94026708527e-008	-0
1.94233998328e-008	-0
1.94441288129e-008	-0
1.9464857793e-008	-0
1.94855867731e-008	-0
1.95063157532e-008	-0
1.95270447333e-008	-0
1.95477737134e-008	-0
1.95685026935e-008	-0
1.95892316736e-008	-0
1.96099606537e-008	-0
1.96306896338e-008	-0
1.96514186139e-008	-0
1.9672147594e-008	-0
1.96928765741e-008	-0
1.97136055542e-008	-0
1.97343345343e-008	-0
1.97550635144e-008	-0
1.97757924945e-008	-0
1.97965214746e-008	-0
1.98172504546e-008	-0
1.98379794347e-008	-0
1.98587084148e-008	-0
1.98794373949e-008	-0
1.9900166375e-008	-0
1.99208953551e-008	-0
1.99416243352e-008	-0
1.99623533153e-008	-0
1.99830822954e-008	-0
2.00038112755e-008	-0
2.00245402556e-008	-0
2.00452692357e-008	-0
2.00659982158e-008	-0
2.00867271959e-008	-0
2.0107456176e-008	-0
2.01281851561e-008	-0
2.01489141362e-008	-0
2.01696431163e-008	-0
2.01903720964e-008	-0
2.02111010765e-008	-0
2.02318300566e-008	-0
2.02525590367e-008	-0
2.02732880168e-008	-0
2.02940169969e-008	-0
2.0314745977e-008	-0
2.0335474957e-008	-0
2.03562039371e-008	-0
2.03769329172e-008	-0
2.03976618973e-008	-0
2.04183908774e-008	-0
2.04391198575e-008	-0
2.04598488376e-008	-0
2.04805778177e-008	-0
2.05013067978e-008	-0
2.05220357779e-008	-0
2.0542764758e-008	-0
2.05634937381e-008	-0
2.05842227182e-008	-0
2.06049516983e-008	-0
2.06256806784e-008	-0
2.06464096585e-008	-0
2.06671386386e-008	-0
2.06878676187e-008	-0
2.07085965988e-008	-0
2.07293255789e-008	-0
2.0750054559e-008	-0
2.07707835391e-008	-0
2.07915125192e-008	-0
2.08122414993e-008	-0
2.08329704793e-008	-0
2.08536994594e-008	-0
2.08744284395e-008	-0
2.08951574196e-008	-0
2.09158863997e-008	-0
2.09366153798e-008	-0
2.09573443599e-008	-0
2.097807334e-008	-0
2.09988023201e-008	-0
2.10195313002e-008	-0
2.10402602803e-008	-0
2.10609892604e-008	-0
2.10817182405e-008	-0
2.11024472206e-008	-0
2.11231762007e-008	-0
2.11439051808e-008	-0
2.11646341609e-008	-0
2.1185363141e-008	-0
2.12060921211e-008	-0
2.12268211012e-008	-0
2.12475500813e-008	-0
2.12682790614e-008	-0
2.12890080415e-008	-0
2.13097370216e-008	-0
2.13304660016e-008	-0
2.13511949817e-008	-0
2.13719239618e-008	-0
2.13926529419e-008	-0
2.1413381922e-008	-0
2.14341109021e-008	-0
2.14548398822e-008	-0
2.14755688623e-008	-0
2.14962978424e-008	-0
2.15170268225e-008	-0
2.15377558026e-008	-0
2.15584847827e-008	-0
2.15792137628e-008	-0
2.15999427429e-008	-0
2.1620671723e-008	-0
2.16414007031e-008	-0
2.16621296832e-008	-0
2.16828586633e-008	-0
2.17035876434e-008	-0
2.17243166235e-008	-0
2.17450456036e-008	-0
2.17657745837e-008	-0
2.17865035638e-008	-0
2.18072325439e-008	-0
2.18279615239e-008	-0
2.1848690504e-008	-0
2.18694194841e-008	-0
2.18901484642e-008	-0
2.19108774443e-008	-0
2.19316064244e-008	-0
2.19523354045e-008	-0
2.19730643846e-008	-0
2.19937933647e-008	-0
2.20145223448e-008	-0
2.20352513249e-008	-0
2.2055980305e-008	-0
2.20767092851e-008	-0
2.20974382652e-008	-0
2.21181672453e-008	-0
2.21388962254e-008	-0
2.21596252055e-008	-0
2.21803541856e-008	-0
2.22010831657e-008	-0
2.22218121458e-008	-0
2.22425411259e-008	-0
2.2263270106e-008	-0
2.22839990861e-008	-0
2.23047280662e-008	-0
2.23254570462e-008	-0
2.23461860263e-008	-0
2.23669150064e-008	-0
2.23876439865e-008	-0
2.24083729666e-008	-0
2.24291019467e-008	-0
2.24498309268e-008	-0
2.24705599069e-008	-0
2.2491288887e-008	-0
2.25120178671e-008	-0
2.25327468472e-008	-0
2.25534758273e-008	-0
2.25742048074e-008	-0
2.25949337875e-008	-0
2.26156627676e-008	-0
2.26363917477e-008	-0
2.26571207278e-008	-0
2.26778497079e-008	-0
2.2698578688e-008	-0
2.27193076681e-008	-0
2.27400366482e-008	-0
2.27607656283e-008	-0
2.27814946084e-008	-0
2.28022235885e-008	-0
2.28229525686e-008	-0
2.28436815486e-008	-0
2.28644105287e-008	-0
2.28851395088e-008	-0
2.29058684889e-008	-0
2.2926597469e-008	-0
2.29473264491e-008	-0
2.29680554292e-008	-0
2.29887844093e-008	-0
2.30095133894e-008	-0
2.30302423695e-008	-0
2.30509713496e-008	-0
2.30717003297e-008	-0
2.30924293098e-008	-0
2.31131582899e-008	-0
2.313388727e-008	-0
2.31546162501e-008	-0
2.31753452302e-008	-0
2.31960742103e-008	-0
2.32168031904e-008	-0
2.32375321705e-008	-0
2.32582611506e-008	-0
2.32789901307e-008	-0
2.32997191108e-008	-0
2.33204480909e-008	-0
2.33411770709e-008	-0
2.3361906051e-008	-0
2.33826350311e-008	-0
2.34033640112e-008	-0
2.34240929913e-008	-0
2.34448219714e-008	-0
2.34655509515e-008	-0
2.34862799316e-008	-0
2.35070089117e-008	-0
2.35277378918e-008	-0
2.35484668719e-008	-0
2.3569195852e-008	-0
2.35899248321e-008	-0
2.36106538122e-008	-0
2.36313827923e-008	-0
2.36521117724e-008	-0
2.36728407525e-008	-0
2.36935697326e-008	-0
2.37142987127e-008	-0
2.37350276928e-008	-0
2.37557566729e-008	-0
2.3776485653e-008	-0
2.37972146331e-008	-0
2.38179436132e-008	-0
2.38386725932e-008	-0
2.38594015733e-008	-0
2.38801305534e-008	-0
2.39008595335e-008	-0
2.39215885136e-008	-0
2.39423174937e-008	-0
2.39630464738e-008	-0
2.39837754539e-008	-0
2.4004504434e-008	-0
2.40252334141e-008	-0
2.40459623942e-008	-0
2.40666913743e-008	-0
2.40874203544e-008	-0
2.41081493345e-008	-0
2.41288783146e-008	-0
2.41496072947e-008	-0
2.41703362748e-008	-0
2.41910652549e-008	-0
2.4211794235e-008	-0
2.42325232151e-008	-0
2.42532521952e-008	-0
2.42739811753e-008	-0
2.42947101554e-008	-0
2.43154391355e-008	-0
2.43361681155e-008	-0
2.43568970956e-008	-0
2.43776260757e-008	-0
2.43983550558e-008	-0
2.44190840359e-008	-0
2.4439813016e-008	-0
2.44605419961e-008	-0
2.44812709762e-008	-0
2.45019999563e-008	-0
2.45227289364e-008	-0
2.45434579165e-008	-0
2.45641868966e-008	-0
2.45849158767e-008	-0
2.46056448568e-008	-0
2.46263738369e-008	-0
2.4647102817e-008	-0
2.46678317971e-008	-0
2.46885607772e-008	-0
2.47092897573e-008	-0
2.47300187374e-008	-0
2.47507477175e-008	-0
2.47714766976e-008	-0
2.47922056777e-008	-0
2.48129346578e-008	-0
2.48336636378e-008	-0
2.48543926179e-008	-0
2.4875121598e-008	-0
2.48958505781e-008	-0
2.49165795582e-008	-0
2.49373085383e-008	-0
2.49580375184e-008	-0
2.49787664985e-008	-0
2.49994954786e-008	-0
2.50202244587e-008	-0
2.50409534388e-008	-0
2.50616824189e-008	-0
2.5082411399e-008	-0
2.51031403791e-008	-0
2.51238693592e-008	-0
2.51445983393e-008	-0
2.51653273194e-008	-0
2.51860562995e-008	-0
2.52067852796e-008	-0
2.52275142597e-008	-0
2.52482432398e-008	-0
2.52689722199e-008	-0
2.52897012e-008	-0
2.53104301801e-008	-0
2.53311591602e-008	-0
2.53518881402e-008	-0
2.53726171203e-008	-0
2.53933461004e-008	-0
2.54140750805e-008	-0
2.54348040606e-008	-0
2.54555330407e-008	-0
2.54762620208e-008	-0
2.54969910009e-008	-0
2.5517719981e-008	-0
2.55384489611e-008	-0
2.55591779412e-008	-0
2.55799069213e-008	-0
2.56006359014e-008	-0
2.56213648815e-008	-0
2.56420938616e-008	-0
2.56628228417e-008	-0
2.56835518218e-008	-0
2.57042808019e-008	-0
2.5725009782e-008	-0
2.57457387621e-008	-0
2.57664677422e-008	-0
2.57871967223e-008	-0
2.58079257024e-008	-0
2.58286546825e-008	-0
2.58493836625e-008	-0
2.58701126426e-008	-0
2.58908416227e-008	-0
2.59115706028e-008	-0
2.59322995829e-008	-0
2.5953028563e-008	-0
2.59737575431e-008	-0
2.59944865232e-008	-0
2.60152155033e-008	-0
2.60359444834e-008	-0
2.60566734635e-008	-0
2.60774024436e-008	-0
2.60981314237e-008	-0
2.61188604038e-008	-0
2.61395893839e-008	-0
2.6160318364e-008	-0
2.61810473441e-008	-0
2.62017763242e-008	-0
2.62225053043e-008	-0
2.62432342844e-008	-0
2.62639632645e-008	-0
2.62846922446e-008	-0
2.63054212247e-008	-0
2.63261502048e-008	-0
2.63468791848e-008	-0
2.63676081649e-008	-0
2.6388337145e-008	-0
2.64090661251e-008	-0
2.64297951052e-008	-0
2.64505240853e-008	-0
2.64712530654e-008	-0
2.64919820455e-008	-0
2.65127110256e-008	-0
2.65334400057e-008	-0
2.65541689858e-008	-0
2.65748979659e-008	-0
2.6595626946e-008	-0
2.66163559261e-008	-0
2.66370849062e-008	-0
2.66578138863e-008	-0
2.66785428664e-008	-0
2.66992718465e-008	-0
2.67200008266e-008	-0
2.67407298067e-008	-0
2.67614587868e-008	-0
2.67821877669e-008	-0
2.6802916747e-008	-0
2.68236457271e-008	-0
2.68443747071e-008	-0
2.68651036872e-008	-0
2.68858326673e-008	-0
2.69065616474e-008	-0
2.69272906275e-008	-0
2.69480196076e-008	-0
2.69687485877e-008	-0
2.69894775678e-008	-0
2.70102065479e-008	-0
2.7030935528e-008	-0
2.70516645081e-008	-0
2.70723934882e-008	-0
2.70931224683e-008	-0
2.71138514484e-008	-0
2.71345804285e-008	-0
2.71553094086e-008	-0
2.71760383887e-008	-0
2.71967673688e-008	-0
2.72174963489e-008	-0
2.7238225329e-008	-0
2.72589543091e-008	-0
2.72796832892e-008	-0
2.73004122693e-008	-0
2.73211412494e-008	-0
2.73418702294e-008	-0
2.73625992095e-008	-0
2.73833281896e-008	-0
2.74040571697e-008	-0
2.74247861498e-008	-0
2.74455151299e-008	-0
2.746624411e-008	-0
2.74869730901e-008	-0
2.75077020702e-008	-0
2.75284310503e-008	-0
2.75491600304e-008	-0
2.75698890105e-008	-0
2.75906179906e-008	-0
2.76113469707e-008	-0
2.76320759508e-008	-0
2.76528049309e-008	-0
2.7673533911e-008	-0
2.76942628911e-008	-0
2.77149918712e-008	-0
2.77357208513e-008	-0
2.77564498314e-008	-0
2.77771788115e-008	-0
2.77979077916e-008	-0
2.78186367717e-008	-0
2.78393657518e-008	-0
2.78600947318e-008	-0
2.78808237119e-008	-0
2.7901552692e-008	-0
2.79222816721e-008	-0
2.79430106522e-008	-0
2.79637396323e-008	-0
2.79844686124e-008	-0
2.80051975925e-008	-0
2.80259265726e-008	-0
2.80466555527e-008	-0
2.80673845328e-008	-0
2.80881135129e-008	-0
2.8108842493e-008	-0
2.81295714731e-008	-0
2.81503004532e-008	-0
2.81710294333e-008	-0
2.81917584134e-008	-0
2.82124873935e-008	-0
2.82332163736e-008	-0
2.82539453537e-008	-0
2.82746743338e-008	-0
2.82954033139e-008	-0
2.8316132294e-008	-0
2.83368612741e-008	-0
2.83575902541e-008	-0
2.83783192342e-008	-0
2.83990482143e-008	-0
2.84197771944e-008	-0
2.84405061745e-008	-0
2.84612351546e-008	-0
2.84819641347e-008	-0
2.85026931148e-008	-0
2.85234220949e-008	-0
2.8544151075e-008	-0
2.85648800551e-008	-0
2.85856090352e-008	-0
2.86063380153e-008	-0
2.86270669954e-008	-0
2.86477959755e-008	-0
2.86685249556e-008	-0
2.86892539357e-008	-0
2.87099829158e-008	-0
2.87307118959e-008	-0
2.8751440876e-008	-0
2.87721698561e-008	-0
2.87928988362e-008	-0
2.88136278163e-008	-0
2.88343567964e-008	-0
2.88550857764e-008	-0
2.88758147565e-008	-0
2.88965437366e-008	-0
2.89172727167e-008	-0
2.89380016968e-008	-0
2.89587306769e-008	-0
2.8979459657e-008	-0
2.90001886371e-008	-0
2.90209176172e-008	-0
2.90416465973e-008	-0
2.90623755774e-008	-0
2.90831045575e-008	-0
2.91038335376e-008	-0
2.91245625177e-008	-0
2.91452914978e-008	-0
2.91660204779e-008	-0
2.9186749458e-008	-0
2.92074784381e-008	-0
2.92282074182e-008	-0
2.92489363983e-008	-0
2.92696653784e-008	-0
2.92903943585e-008	-0
2.93111233386e-008	-0
2.93318523187e-008	-0
2.93525812987e-008	-0
2.93733102788e-008	-0
2.93940392589e-008	-0
2.9414768239e-008	-0
2.94354972191e-008	-0
2.94562261992e-008	-0
2.94769551793e-008	-0
2.94976841594e-008	-0
2.95184131395e-008	-0
2.95391421196e-008	-0
2.95598710997e-008	-0
2.95806000798e-008	-0
2.96013290599e-008	-0
2.962205804e-008	-0
2.96427870201e-008	-0
2.96635160002e-008	-0
2.96842449803e-008	-0
2.97049739604e-008	-0
2.97257029405e-008	-0
2.97464319206e-008	-0
2.97671609007e-008	-0
2.97878898808e-008	-0
2.98086188609e-008	-0
2.9829347841e-008	-0
2.9850076821e-008	-0
2.98708058011e-008	-0
2.98915347812e-008	-0
2.99122637613e-008	-0
2.99329927414e-008	-0
2.99537217215e-008	-0
2.99744507016e-008	-0
2.99951796817e-008	-0
3.00159086618e-008	-0
3.00366376419e-008	-0
3.0057366622e-008	-0
3.00780956021e-008	-0
3.00988245822e-008	-0
3.01195535623e-008	-0
3.01402825424e-008	-0
3.01610115225e-008	-0
3.01817405026e-008	-0
3.02024694827e-008	-0
3.02231984628e-008	-0
3.02439274429e-008	-0
3.0264656423e-008	-0
3.02853854031e-008	-0
3.03061143832e-008	-0
3.03268433633e-008	-0
3.03475723434e-008	-0
3.03683013234e-008	-0
3.03890303035e-008	-0
3.04097592836e-008	-0
3.04304882637e-008	-0
3.04512172438e-008	-0
3.04719462239e-008	-0
3.0492675204e-008	-0
3.05134041841e-008	-0
3.05341331642e-008	-0
3.05548621443e-008	-0
3.05755911244e-008	-0
3.05963201045e-008	-0
3.06170490846e-008	-0
3.06377780647e-008	-0
3.06585070448e-008	-0
3.06792360249e-008	-0
3.0699965005e-008	-0
3.07206939851e-008	-0
3.07414229652e-008	-0
3.07621519453e-008	-0
3.07828809254e-008	-0
3.08036099055e-008	-0
3.08243388856e-008	-0
3.08450678657e-008	-0
3.08657968457e-008	-0
3.08865258258e-008	-0
3.09072548059e-008	-0
3.0927983786e-008	-0
3.09487127661e-008	-0
3.09694417462e-008	-0
3.09901707263e-008	-0
3.10108997064e-008	-0
3.10316286865e-008	-0
3.10523576666e-008	-0
3.10730866467e-008	-0
3.10938156268e-008	-0
3.11145446069e-008	-0
3.1135273587e-008	-0
3.11560025671e-008	-0
3.11767315472e-008	-0
3.11974605273e-008	-0
3.12181895074e-008	-0
3.12389184875e-008	-0
3.12596474676e-008	-0
3.12803764477e-008	-0
3.13011054278e-008	-0
3.13218344079e-008	-0
3.1342563388e-008	-0
3.1363292368e-008	-0
3.13840213481e-008	-0
3.14047503282e-008	-0
3.14254793083e-008	-0
3.14462082884e-008	-0
3.14669372685e-008	-0
3.14876662486e-008	-0
3.15083952287e-008	-0
3.15291242088e-008	-0
3.15498531889e-008	-0
3.1570582169e-008	-0
3.15913111491e-008	-0
3.16120401292e-008	-0
3.16327691093e-008	-0
3.16534980894e-008	-0
3.16742270695e-008	-0
3.16949560496e-008	-0
3.17156850297e-008	-0
3.17364140098e-008	-0
3.17571429899e-008	-0
3.177787197e-008	-0
3.17986009501e-008	-0
3.18193299302e-008	-0
3.18400589103e-008	-0
3.18607878903e-008	-0
3.18815168704e-008	-0
3.19022458505e-008	-0
3.19229748306e-008	-0
3.19437038107e-008	-0
3.19644327908e-008	-0
3.19851617709e-008	-0
3.2005890751e-008	-0
3.20266197311e-008	-0
3.20473487112e-008	-0
3.20680776913e-008	-0
3.20888066714e-008	-0
3.21095356515e-008	-0
3.21302646316e-008	-0
3.21509936117e-008	-0
3.21717225918e-008	-0
3.21924515719e-008	-0
3.2213180552e-008	-0
3.22339095321e-008	-0
3.22546385122e-008	-0
3.22753674923e-008	-0
3.22960964724e-008	-0
3.23168254525e-008	-0
3.23375544326e-008	-0
3.23582834126e-008	-0
3.23790123927e-008	-0
3.23997413728e-008	-0
3.24204703529e-008	-0
3.2441199333e-008	-0
3.24619283131e-008	-0
3.24826572932e-008	-0
3.25033862733e-008	-0
3.25241152534e-008	-0
3.25448442335e-008	-0
3.25655732136e-008	-0
3.25863021937e-008	-0
3.26070311738e-008	-0
3.26277601539e-008	-0
3.2648489134e-008	-0
3.26692181141e-008	-0
3.26899470942e-008	-0
3.27106760743e-008	-0
3.27314050544e-008	-0
3.27521340345e-008	-0
3.27728630146e-008	-0
3.27935919947e-008	-0
3.28143209748e-008	-0
3.28350499549e-008	-0
3.28557789349e-008	-0
3.2876507915e-008	-0
3.28972368951e-008	-0
3.29179658752e-008	-0
3.29386948553e-008	-0
3.29594238354e-008	-0
3.29801528155e-008	-0
3.30008817956e-008	-0
3.30216107757e-008	-0
3.30423397558e-008	-0
3.30630687359e-008	-0
3.3083797716e-008	-0
3.31045266961e-008	-0
3.31252556762e-008	-0
3.31459846563e-008	-0
3.31667136364e-008	-0
3.31874426165e-008	-0
3.32081715966e-008	-0
3.32289005767e-008	-0
3.32496295568e-008	-0
3.32703585369e-008	-0
3.3291087517e-008	-0
3.33118164971e-008	-0
3.33325454772e-008	-0
3.33532744573e-008	-0
3.33740034373e-008	-0
3.33947324174e-008	-0
3.34154613975e-008	-0
3.34361903776e-008	-0
3.34569193577e-008	-0
3.34776483378e-008	-0
3.34983773179e-008	-0
3.3519106298e-008	-0
3.35398352781e-008	-0
3.35605642582e-008	-0
3.35812932383e-008	-0
3.36020222184e-008	-0
3.36227511985e-008	-0
3.36434801786e-008	-0
3.36642091587e-008	-0
3.36849381388e-008	-0
3.37056671189e-008	-0
3.3726396099e-008	-0
3.37471250791e-008	-0
3.37678540592e-008	-0
3.37885830393e-008	-0
3.38093120194e-008	-0
3.38300409995e-008	-0
3.38507699796e-008	-0
3.38714989596e-008	-0
3.38922279397e-008	-0
3.39129569198e-008	-0
3.39336858999e-008	-0
3.395441488e-008	-0
3.39751438601e-008	-0
3.39958728402e-008	-0
3.40166018203e-008	-0
3.40373308004e-008	-0
3.40580597805e-008	-0
3.40787887606e-008	-0
3.40995177407e-008	-0
3.41202467208e-008	-0
3.41409757009e-008	-0
3.4161704681e-008	-0
3.41824336611e-008	-0
3.42031626412e-008	-0
3.42238916213e-008	-0
3.42446206014e-008	-0
3.42653495815e-008	-0
3.42860785616e-008	-0
3.43068075417e-008	-0
3.43275365218e-008	-0
3.43482655019e-008	-0
3.43689944819e-008	-0
3.4389723462e-008	-0
3.44104524421e-008	-0
3.44311814222e-008	-0
3.44519104023e-008	-0
3.44726393824e-008	-0
3.44933683625e-008	-0
3.45140973426e-008	-0
3.45348263227e-008	-0
3.45555553028e-008	-0
3.45762842829e-008	-0
3.4597013263e-008	-0
3.46177422431e-008	-0
3.46384712232e-008	-0
3.46592002033e-008	-0
3.46799291834e-008	-0
3.47006581635e-008	-0
3.47213871436e-008	-0
3.47421161237e-008	-0
3.47628451038e-008	-0
3.47835740839e-008	-0
3.4804303064e-008	-0
3.48250320441e-008	-0
3.48457610242e-008	-0
3.48664900042e-008	-0
3.48872189843e-008	-0
3.49079479644e-008	-0
3.49286769445e-008	-0
3.49494059246e-008	-0
3.49701349047e-008	-0
3.49908638848e-008	-0
3.50115928649e-008	-0
3.5032321845e-008	-0
3.50530508251e-008	-0
3.50737798052e-008	-0
3.50945087853e-008	-0
3.51152377654e-008	-0
3.51359667455e-008	-0
3.51566957256e-008	-0
3.51774247057e-008	-0
3.51981536858e-008	-0
3.52188826659e-008	-0
3.5239611646e-008	-0
3.52603406261e-008	-0
3.52810696062e-008	-0
3.53017985863e-008	-0
3.53225275664e-008	-0
3.53432565465e-008	-0
3.53639855265e-008	-0
3.53847145066e-008	-0
3.54054434867e-008	-0
3.54261724668e-008	-0
3.54469014469e-008	-0
3.5467630427e-008	-0
3.54883594071e-008	-0
3.55090883872e-008	-0
3.55298173673e-008	-0
3.55505463474e-008	-0
3.55712753275e-008	-0
3.55920043076e-008	-0
3.56127332877e-008	-0
3.56334622678e-008	-0
3.56541912479e-008	-0
3.5674920228e-008	-0
3.56956492081e-008	-0
3.57163781882e-008	-0
3.57371071683e-008	-0
3.57578361484e-008	-0
3.57785651285e-008	-0
3.57992941086e-008	-0
3.58200230887e-008	-0
3.58407520688e-008	-0
3.58614810489e-008	-0
3.58822100289e-008	-0
3.5902939009e-008	-0
3.59236679891e-008	-0
3.59443969692e-008	-0
3.59651259493e-008	-0
3.59858549294e-008	-0
3.60065839095e-008	-0
3.60273128896e-008	-0
3.60480418697e-008	-0
3.60687708498e-008	-0
3.60894998299e-008	-0
3.611022881e-008	-0
3.61309577901e-008	-0
3.61516867702e-008	-0
3.61724157503e-008	-0
3.61931447304e-008	-0
3.62138737105e-008	-0
3.62346026906e-008	-0
3.62553316707e-008	-0
3.62760606508e-008	-0
3.62967896309e-008	-0
3.6317518611e-008	-0
3.63382475911e-008	-0
3.63589765712e-008	-0
3.63797055512e-008	-0
3.64004345313e-008	-0
3.64211635114e-008	-0
3.64418924915e-008	-0
3.64626214716e-008	-0
3.64833504517e-008	-0
3.65040794318e-008	-0
3.65248084119e-008	-0
3.6545537392e-008	-0
3.65662663721e-008	-0
3.65869953522e-008	-0
3.66077243323e-008	-0
3.66284533124e-008	-0
3.66491822925e-008	-0
3.66699112726e-008	-0
3.66906402527e-008	-0
3.67113692328e-008	-0
3.67320982129e-008	-0
3.6752827193e-008	-0
3.67735561731e-008	-0
3.67942851532e-008	-0
3.68150141333e-008	-0
3.68357431134e-008	-0
3.68564720935e-008	-0
3.68772010735e-008	-0
3.68979300536e-008	-0
3.69186590337e-008	-0
3.69393880138e-008	-0
3.69601169939e-008	-0
3.6980845974e-008	-0
3.70015749541e-008	-0
3.70223039342e-008	-0
3.70430329143e-008	-0
3.70637618944e-008	-0
3.70844908745e-008	-0
3.71052198546e-008	-0
3.71259488347e-008	-0
3.71466778148e-008	-0
3.71674067949e-008	-0
3.7188135775e-008	-0
3.72088647551e-008	-0
3.72295937352e-008	-0
3.72503227153e-008	-0
3.72710516954e-008	-0
3.72917806755e-008	-0
3.73125096556e-008	-0
3.73332386357e-008	-0
3.73539676158e-008	-0
3.73746965958e-008	-0
3.73954255759e-008	-0
3.7416154556e-008	-0
3.74368835361e-008	-0
3.74576125162e-008	-0
3.74783414963e-008	-0
3.74990704764e-008	-0
3.75197994565e-008	-0
3.75405284366e-008	-0
3.75612574167e-008	-0
3.75819863968e-008	-0
3.76027153769e-008	-0
3.7623444357e-008	-0
3.76441733371e-008	-0
3.76649023172e-008	-0
3.76856312973e-008	-0
3.77063602774e-008	-0
3.77270892575e-008	-0
3.77478182376e-008	-0
3.77685472177e-008	-0
3.77892761978e-008	-0
3.78100051779e-008	-0
3.7830734158e-008	-0
3.78514631381e-008	-0
3.78721921181e-008	-0
3.78929210982e-008	-0
3.79136500783e-008	-0
3.79343790584e-008	-0
3.79551080385e-008	-0
3.79758370186e-008	-0
3.79965659987e-008	-0
3.80172949788e-008	-0
3.80380239589e-008	-0
3.8058752939e-008	-0
3.80794819191e-008	-0
3.81002108992e-008	-0
3.81209398793e-008	-0
3.81416688594e-008	-0
3.81623978395e-008	-0
3.81831268196e-008	-0
3.82038557997e-008	-0
3.82245847798e-008	-0
3.82453137599e-008	-0
3.826604274e-008	-0
3.82867717201e-008	-0
3.83075007002e-008	-0
3.83282296803e-008	-0
3.83489586604e-008	-0
3.83696876405e-008	-0
3.83904166205e-008	-0
3.84111456006e-008	-0
3.84318745807e-008	-0
3.84526035608e-008	-0
3.84733325409e-008	-0
3.8494061521e-008	-0
3.85147905011e-008	-0
3.85355194812e-008	-0
3.85562484613e-008	-0
3.85769774414e-008	-0
3.85977064215e-008	-0
3.86184354016e-008	-0
3.86391643817e-008	-0
3.86598933618e-008	-0
3.86806223419e-008	-0
3.8701351322e-008	-0
3.87220803021e-008	-0
3.87428092822e-008	-0
3.87635382623e-008	-0
3.87842672424e-008	-0
3.88049962225e-008	-0
3.88257252026e-008	-0
3.88464541827e-008	-0
3.88671831628e-008	-0
3.88879121428e-008	-0
3.89086411229e-008	-0
3.8929370103e-008	-0
3.89500990831e-008	-0
3.89708280632e-008	-0
3.89915570433e-008	-0
3.90122860234e-008	-0
3.90330150035e-008	-0
3.90537439836e-008	-0
3.90744729637e-008	-0
3.90952019438e-008	-0
3.91159309239e-008	-0
3.9136659904e-008	-0
3.91573888841e-008	-0
3.91781178642e-008	-0
3.91988468443e-008	-0
3.92195758244e-008	-0
3.92403048045e-008	-0
3.92610337846e-008	-0
3.92817627647e-008	-0
3.93024917448e-008	-0
3.93232207249e-008	-0
3.9343949705e-008	-0
3.93646786851e-008	-0
3.93854076651e-008	-0
3.94061366452e-008	-0
3.94268656253e-008	-0
3.94475946054e-008	-0
3.94683235855e-008	-0
3.94890525656e-008	-0
3.95097815457e-008	-0
3.95305105258e-008	-0
3.95512395059e-008	-0
3.9571968486e-008	-0
3.95926974661e-008	-0
3.96134264462e-008	-0
3.96341554263e-008	-0
3.96548844064e-008	-0
3.96756133865e-008	-0
3.96963423666e-008	-0
3.97170713467e-008	-0
3.97378003268e-008	-0
3.97585293069e-008	-0
3.9779258287e-008	-0
3.97999872671e-008	-0
3.98207162472e-008	-0
3.98414452273e-008	-0
3.98621742074e-008	-0
3.98829031874e-008	-0
3.99036321675e-008	-0
3.99243611476e-008	-0
3.99450901277e-008	-0
3.99658191078e-008	-0
3.99865480879e-008	-0
4.0007277068e-008	-0
4.00280060481e-008	-0
4.00487350282e-008	-0
4.00694640083e-008	-0
4.00901929884e-008	-0
4.01109219685e-008	-0
4.01316509486e-008	-0
4.01523799287e-008	-0
4.01731089088e-008	-0
4.01938378889e-008	-0
4.0214566869e-008	-0
4.02352958491e-008	-0
4.02560248292e-008	-0
4.02767538093e-008	-0
4.02974827894e-008	-0
4.03182117695e-008	-0
4.03389407496e-008	-0
4.03596697297e-008	-0
4.03803987097e-008	-0
4.04011276898e-008	-0
4.04218566699e-008	-0
4.044258565e-008	-0
4.04633146301e-008	-0
4.04840436102e-008	-0
4.05047725903e-008	-0
4.05255015704e-008	-0
4.05462305505e-008	-0
4.05669595306e-008	-0
4.05876885107e-008	-0
4.06084174908e-008	-0
4.06291464709e-008	-0
4.0649875451e-008	-0
4.06706044311e-008	-0
4.06913334112e-008	-0
4.07120623913e-008	-0
4.07327913714e-008	-0
4.07535203515e-008	-0
4.07742493316e-008	-0
4.07949783117e-008	-0
4.08157072918e-008	-0
4.08364362719e-008	-0
4.0857165252e-008	-0
4.08778942321e-008	-0
4.08986232121e-008	-0
4.09193521922e-008	-0
4.09400811723e-008	-0
4.09608101524e-008	-0
4.09815391325e-008	-0
4.10022681126e-008	-0
4.10229970927e-008	-0
4.10437260728e-008	-0
4.10644550529e-008	-0
4.1085184033e-008	-0
4.11059130131e-008	-0
4.11266419932e-008	-0
4.11473709733e-008	-0
4.11680999534e-008	-0
4.11888289335e-008	-0
4.12095579136e-008	-0
4.12302868937e-008	-0
4.12510158738e-008	-0
4.12717448539e-008	-0
4.1292473834e-008	-0
4.13132028141e-008	-0
4.13339317942e-008	-0
4.13546607743e-008	-0
4.13753897544e-008	-0
4.13961187344e-008	-0
4.14168477145e-008	-0
4.14375766946e-008	-0
4.14583056747e-008	-0
