% time-domain voltage integration by openEMS v0.0.35 @Tue Mar 31 04:37:39 2020
% start-coordinates: (0.0396462,-0.0574517,0) m -> [32,17,13]
% stop-coordinates: (0.0396462,-0.0574517,0.0016) m -> [32,17,19]
% t/s	voltage
0	-0
2.07730574905e-011	2.35060317877e-008
4.1546114981e-011	1.34363790494e-006
6.23191724715e-011	4.90229882644e-006
8.30922299621e-011	1.69297047705e-005
1.03865287453e-010	5.1951455589e-005
1.24638344943e-010	0.000138902871186
1.45411402434e-010	0.000323672407831
1.66184459924e-010	0.000656821328448
1.86957517415e-010	0.00115978416579
2.07730574905e-010	0.00178144281381
2.28503632396e-010	0.0023800637573
2.49276689886e-010	0.00277176010422
2.70049747377e-010	0.00283718845458
2.90822804867e-010	0.00262157301768
3.11595862358e-010	0.00234899620409
3.32368919848e-010	0.002315936581
3.53141977339e-010	0.00272082723677
3.73915034829e-010	0.00352630123962
3.9468809232e-010	0.00444706325652
4.1546114981e-010	0.00508663512301
4.36234207301e-010	0.00515556131722
4.57007264791e-010	0.00463902787305
4.77780322282e-010	0.00380420871079
4.98553379772e-010	0.00305594722158
5.19326437263e-010	0.00273728583124
5.40099494753e-010	0.00297983095516
5.60872552244e-010	0.00365832925308
5.81645609734e-010	0.00445052160649
6.02418667225e-010	0.00498517829692
6.23191724715e-010	0.00502201757627
6.43964782206e-010	0.00456817488885
6.64737839697e-010	0.00386072974652
6.85510897187e-010	0.00323099872912
7.06283954678e-010	0.0029459594225
7.27057012168e-010	0.00310886531952
7.47830069659e-010	0.00363639433635
7.68603127149e-010	0.00429116288433
7.8937618464e-010	0.00477035535732
8.1014924213e-010	0.00484174699523
8.30922299621e-010	0.00447334948694
8.51695357111e-010	0.00385819294024
8.72468414602e-010	0.00330552458763
8.93241472092e-010	0.00307326758048
9.14014529583e-010	0.00324978344725
9.34787587073e-010	0.00373756542103
9.55560644564e-010	0.00430897122715
9.76333702054e-010	0.00470276799751
9.97106759545e-010	0.00473493104801
1.01787981704e-009	0.00439322832972
1.03865287453e-009	0.00385329936398
1.05942593202e-009	0.00338538974756
1.08019898951e-009	0.00320596425445
1.100972047e-009	0.00337394655799
1.12174510449e-009	0.0037854264956
1.14251816198e-009	0.00424359331373
1.16329121947e-009	0.00454447208904
1.18406427696e-009	0.00455510854954
1.20483733445e-009	0.00427193049109
1.22561039194e-009	0.00383155338932
1.24638344943e-009	0.00345111140632
1.26715650692e-009	0.00331555466983
1.28792956441e-009	0.00348233888508
1.3087026219e-009	0.00386104168138
1.32947567939e-009	0.004268515273
1.35024873688e-009	0.00451729440829
1.37102179437e-009	0.00449681049213
1.39179485186e-009	0.00422042928403
1.41256790936e-009	0.00382304581581
1.43334096685e-009	0.00349767506123
1.45411402434e-009	0.0033974366961
1.47488708183e-009	0.00355816469528
1.49566013932e-009	0.00388861418469
1.51643319681e-009	0.00422498042462
1.5372062543e-009	0.00441136141308
1.55797931179e-009	0.00436768186046
1.57875236928e-009	0.00412134506041
1.59952542677e-009	0.00379405886633
1.62029848426e-009	0.00354379712371
1.64107154175e-009	0.0034878035658
1.66184459924e-009	0.00364688667469
1.68261765673e-009	0.00394205376506
1.70339071422e-009	0.00423577346373
1.72416377171e-009	0.00439371017274
1.7449368292e-009	0.00434270576807
1.76570988669e-009	0.00410615396686
1.78648294418e-009	0.00379927683389
1.80725600167e-009	0.00357336754678
1.82802905917e-009	0.00353485817323
1.84880211666e-009	0.00369042216334
1.86957517415e-009	0.00395293353358
1.89034823164e-009	0.00419473386137
1.91112128913e-009	0.00430773320841
1.93189434662e-009	0.0042447266751
1.95266740411e-009	0.00403690547682
1.9734404616e-009	0.00378415244631
1.99421351909e-009	0.00361105363118
2.01498657658e-009	0.00360250752419
2.03575963407e-009	0.00375762983458
2.05653269156e-009	0.00399522937369
2.07730574905e-009	0.00420353532536
2.09807880654e-009	0.00429316755617
2.11885186403e-009	0.0042283225921
2.13962492152e-009	0.00403698818991
2.16039797901e-009	0.00380461802706
2.1811710365e-009	0.00364263087977
2.20194409399e-009	0.00363177445251
2.22271715149e-009	0.00377351412317
2.24349020898e-009	0.00398826232413
2.26426326647e-009	0.00416566786589
2.28503632396e-009	0.00422597897705
2.30580938145e-009	0.00415139546385
2.32658243894e-009	0.00398241647054
2.34735549643e-009	0.00379663106287
2.36812855392e-009	0.00368012394756
2.38890161141e-009	0.00369057251373
2.4096746689e-009	0.00382487982279
2.43044772639e-009	0.00401642266661
2.45122078388e-009	0.00417136889882
2.47199384137e-009	0.00421963329427
2.49276689886e-009	0.00414564396488
2.51353995635e-009	0.00398740830133
2.53431301384e-009	0.00381608045427
2.55508607133e-009	0.00370840670075
2.57585912882e-009	0.00371458160225
2.59663218631e-009	0.00383123237407
2.61740524381e-009	0.0039981767186
2.6381783013e-009	0.00412984343711
2.65895135879e-009	0.004163137055
2.67972441628e-009	0.00408860621974
2.70049747377e-009	0.00394829484867
2.72127053126e-009	0.0038102818653
2.74204358875e-009	0.00373793492327
2.76281664624e-009	0.00376430916367
2.78358970373e-009	0.00387715245597
2.80436276122e-009	0.00402283552103
2.82513581871e-009	0.004132662958
2.8459088762e-009	0.00415727612562
2.86668193369e-009	0.00408872024855
2.88745499118e-009	0.00396061060019
2.90822804867e-009	0.00383127533132
2.92900110616e-009	0.0037592377048
2.94977416365e-009	0.0037775944802
2.97054722114e-009	0.00387605436845
2.99132027863e-009	0.00400353851728
3.01209333612e-009	0.00409515225329
3.03286639362e-009	0.00410800933605
3.05363945111e-009	0.00404139870079
3.0744125086e-009	0.00393159291707
3.09518556609e-009	0.00383089209208
3.11595862358e-009	0.00378542073304
3.13673168107e-009	0.00381710217334
3.15750473856e-009	0.00391231040703
3.17827779605e-009	0.00402546167606
3.19905085354e-009	0.00410174980061
3.21982391103e-009	0.00410694838502
3.24059696852e-009	0.00404323887778
3.26137002601e-009	0.00394304224756
3.2821430835e-009	0.00385046569863
3.30291614099e-009	0.00380438496359
3.32368919848e-009	0.00382524594897
3.34446225597e-009	0.00390415469883
3.36523531346e-009	0.0040021770983
3.38600837095e-009	0.00406801543431
3.40678142844e-009	0.00406816939358
3.42755448594e-009	0.00400691316463
3.44832754343e-009	0.00391979026608
3.46910060092e-009	0.00384981336538
3.48987365841e-009	0.00382704666117
3.5106467159e-009	0.00386019074358
3.53141977339e-009	0.00393542012898
3.55219283088e-009	0.00401995144784
3.57296588837e-009	0.00407391996123
3.59373894586e-009	0.00407080526929
3.61451200335e-009	0.00401366496226
3.63528506084e-009	0.00393236760283
3.65605811833e-009	0.00386520521715
3.67683117582e-009	0.00383976806188
3.69760423331e-009	0.00386405782774
3.7183772908e-009	0.00392591120908
3.73915034829e-009	0.00399675872177
3.75992340578e-009	0.00404166150838
3.78069646327e-009	0.00403706764337
3.80146952076e-009	0.00398608169053
3.82224257825e-009	0.00391712371493
3.84301563575e-009	0.00386625324609
3.86378869324e-009	0.0038571053301
3.88456175073e-009	0.00389170076232
3.90533480822e-009	0.0039534328389
3.92610786571e-009	0.00401514332043
3.9468809232e-009	0.00404935586266
3.96765398069e-009	0.00404034456005
3.98842703818e-009	0.00399284460582
4.00920009567e-009	0.00392997445306
4.02997315316e-009	0.00388102181023
4.05074621065e-009	0.00386654934846
4.07151926814e-009	0.00389046390774
4.09229232563e-009	0.00394042063272
4.11306538312e-009	0.00399272004142
4.13383844061e-009	0.00402168720029
4.1546114981e-009	0.00401247589616
4.17538455559e-009	0.00397028541192
4.19615761308e-009	0.00391820311779
4.21693067057e-009	0.00388347631088
4.23770372807e-009	0.00388233212288
4.25847678556e-009	0.00391384557588
4.27924984305e-009	0.00396323989844
4.30002290054e-009	0.00400896271458
4.32079595803e-009	0.00403084850404
4.34156901552e-009	0.00401861296268
4.36234207301e-009	0.00397808442358
4.3831151305e-009	0.003929189872
4.40388818799e-009	0.00389498163713
4.42466124548e-009	0.0038890860742
4.44543430297e-009	0.0039110329235
4.46620736046e-009	0.00394933618372
4.48698041795e-009	0.00398665503599
4.50775347544e-009	0.00400543218711
4.52852653293e-009	0.00399553345051
4.54929959042e-009	0.00396123563405
4.57007264791e-009	0.00392111187102
4.5908457054e-009	0.00389740482206
4.61161876289e-009	0.00390203221468
4.63239182039e-009	0.00393104692921
4.65316487788e-009	0.00396992627066
4.67393793537e-009	0.00400212203385
4.69471099286e-009	0.00401475676335
4.71548405035e-009	0.00400219467701
4.73625710784e-009	0.00396937935147
4.75703016533e-009	0.00393148261355
4.77780322282e-009	0.00390666630119
4.79857628031e-009	0.003905564663
4.8193493378e-009	0.00392592482967
4.84012239529e-009	0.00395603472134
4.86089545278e-009	0.00398179929471
4.88166851027e-009	0.00399215210928
4.90244156776e-009	0.00398217834299
4.92321462525e-009	0.00395590061089
4.94398768274e-009	0.00392656610347
4.96476074023e-009	0.00391044735443
4.98553379772e-009	0.0039168583462
5.00630685521e-009	0.0039423382259
5.0270799127e-009	0.00397378054913
5.0478529702e-009	0.00399687193567
5.06862602769e-009	0.00400268635713
5.08939908518e-009	0.00398959720042
5.11017214267e-009	0.00396319030551
5.13094520016e-009	0.00393501791405
5.15171825765e-009	0.0039178270963
5.17249131514e-009	0.00391887594014
5.19326437263e-009	0.00393603619887
5.21403743012e-009	0.00395944347838
5.23481048761e-009	0.00397763238288
5.2555835451e-009	0.00398281123489
5.27635660259e-009	0.00397297862219
5.29712966008e-009	0.00395255011972
5.31790271757e-009	0.00393163214903
5.33867577506e-009	0.00392175279558
5.35944883255e-009	0.00392919307342
5.38022189004e-009	0.00395063642645
5.40099494753e-009	0.00397523655556
5.42176800502e-009	0.00399162597023
5.44254106252e-009	0.00399353366811
5.46331412001e-009	0.00398107641377
5.4840871775e-009	0.00395973899867
5.50486023499e-009	0.0039385742275
5.52563329248e-009	0.00392686622217
5.54640634997e-009	0.00392948958324
5.56717940746e-009	0.00394386495464
5.58795246495e-009	0.00396161427489
5.60872552244e-009	0.00397388229612
5.62949857993e-009	0.00397568789776
5.65027163742e-009	0.00396688061301
5.67104469491e-009	0.0039515432436
5.6918177524e-009	0.00393690739293
5.71259080989e-009	0.00393108511344
5.73336386738e-009	0.00393862079363
5.75413692487e-009	0.0039565647603
5.77490998236e-009	0.00397583504673
5.79568303985e-009	0.00398720847443
5.81645609734e-009	0.0039863952552
5.83722915484e-009	0.00397491682088
5.85800221233e-009	0.00395803846186
5.87877526982e-009	0.0039425023715
5.89954832731e-009	0.00393462530337
5.9203213848e-009	0.00393761205487
5.94109444229e-009	0.00394928484457
5.96186749978e-009	0.00396287860349
5.98264055727e-009	0.00397123105358
6.00341361476e-009	0.00397083506687
6.02418667225e-009	0.00396287435433
6.04495972974e-009	0.00395147275412
6.06573278723e-009	0.00394189724466
6.08650584472e-009	0.00393925351091
6.10727890221e-009	0.00394621922169
6.1280519597e-009	0.00396057020407
6.14882501719e-009	0.00397549133049
6.16959807468e-009	0.00398358621169
6.19037113217e-009	0.00398145540385
6.21114418966e-009	0.00397103006253
6.23191724715e-009	0.00395739410305
6.25269030465e-009	0.00394602358574
6.27346336214e-009	0.00394112960203
6.29423641963e-009	0.00394427415449
6.31500947712e-009	0.00395337300142
6.33578253461e-009	0.00396334740799
6.3565555921e-009	0.00396886316594
6.37732864959e-009	0.00396754278336
6.39810170708e-009	0.00396081188228
6.41887476457e-009	0.00395240361104
6.43964782206e-009	0.00394631514791
6.46042087955e-009	0.00394580332795
6.48119393704e-009	0.00395224400563
6.50196699453e-009	0.00396370817907
6.52274005202e-009	0.00397502060514
6.54351310951e-009	0.00398049980868
6.564286167e-009	0.00397770153359
6.58505922449e-009	0.00396862870548
6.60583228198e-009	0.00395778595703
6.62660533947e-009	0.00394950056216
6.64737839697e-009	0.00394644559128
6.66815145446e-009	0.00394931813935
6.68892451195e-009	0.00395640893839
6.70969756944e-009	0.00396381772589
6.73047062693e-009	0.00396740576252
6.75124368442e-009	0.00396552920574
6.77201674191e-009	0.00395986693911
6.7927897994e-009	0.00395379099064
6.81356285689e-009	0.00395037210546
6.83433591438e-009	0.00395134370774
6.85510897187e-009	0.0039570062072
6.87588202936e-009	0.00396585476119
6.89665508685e-009	0.00397427042481
6.91742814434e-009	0.00397806550609
6.93820120183e-009	0.00397522590356
6.95897425932e-009	0.00396739348071
6.97974731681e-009	0.00395854766248
7.0005203743e-009	0.00395245203981
7.02129343179e-009	0.00395087595098
7.04206648928e-009	0.00395361258416
7.06283954678e-009	0.00395892880624
7.08361260427e-009	0.00396406120853
7.10438566176e-009	0.0039662582567
7.12515871925e-009	0.00396445969818
7.14593177674e-009	0.00395999086322
7.16670483423e-009	0.00395565154031
7.18747789172e-009	0.00395386217861
7.20825094921e-009	0.00395567947999
7.2290240067e-009	0.00396079209168
7.24979706419e-009	0.00396774179535
7.27057012168e-009	0.00397384952521
7.29134317917e-009	0.00397618685383
7.31211623666e-009	0.00397341925418
7.33288929415e-009	0.0039669140242
7.35366235164e-009	0.00395990296965
7.37443540913e-009	0.00395535718417
7.39520846662e-009	0.00395445578033
7.41598152411e-009	0.00395680341171
7.4367545816e-009	0.00396089913556
7.4575276391e-009	0.00396457983879
7.47830069659e-009	0.00396584888222
7.49907375408e-009	0.00396405725041
7.51984681157e-009	0.00396050000563
7.54061986906e-009	0.00395762192784
7.56139292655e-009	0.00395720422966
7.58216598404e-009	0.00395949813537
7.60293904153e-009	0.00396382634062
7.62371209902e-009	0.00396905560046
7.64448515651e-009	0.0039734619204
7.665258214e-009	0.00397501315456
7.68603127149e-009	0.00397250498645
7.70680432898e-009	0.00396694784286
7.72757738647e-009	0.00396118446952
7.74835044396e-009	0.00395783886779
7.76912350145e-009	0.00395761133404
7.78989655894e-009	0.0039596693241
7.81066961643e-009	0.00396258063847
7.83144267392e-009	0.00396493275184
7.85221573142e-009	0.00396565441042
7.87298878891e-009	0.00396432314301
7.8937618464e-009	0.00396171555622
7.91453490389e-009	0.00395971088437
7.93530796138e-009	0.00395988032687
7.95608101887e-009	0.00396244839067
7.97685407636e-009	0.00396639946848
7.99762713385e-009	0.00397040089592
8.01840019134e-009	0.00397329137195
8.03917324883e-009	0.0039739892818
8.05994630632e-009	0.00397185428301
8.08071936381e-009	0.00396754033864
8.1014924213e-009	0.00396297354018
8.12226547879e-009	0.00396020332118
8.14303853628e-009	0.00396008405369
8.16381159377e-009	0.00396190240281
8.18458465126e-009	0.00396418210585
8.20535770875e-009	0.00396575842751
8.22613076624e-009	0.00396593805635
8.24690382373e-009	0.00396471959539
8.26767688123e-009	0.00396294909297
8.28844993872e-009	0.00396191066829
8.30922299621e-009	0.00396258337423
8.3299960537e-009	0.00396499707131
8.35076911119e-009	0.00396831380203
8.37154216868e-009	0.00397141603753
8.39231522617e-009	0.00397342798533
8.41308828366e-009	0.00397365354002
8.43386134115e-009	0.0039716924075
8.45463439864e-009	0.00396812014515
8.47540745613e-009	0.00396451767301
8.49618051362e-009	0.00396246800665
8.51695357111e-009	0.00396248616744
8.5377266286e-009	0.00396385759814
8.55849968609e-009	0.00396545109106
8.57927274358e-009	0.00396647019079
8.60004580107e-009	0.00396654161159
8.62081885856e-009	0.00396568281576
8.64159191605e-009	0.00396444264334
8.66236497355e-009	0.00396386283683
8.68313803104e-009	0.00396483665099
8.70391108853e-009	0.00396727357293
8.72468414602e-009	0.00397014222108
8.74545720351e-009	0.00397241918836
8.766230261e-009	0.0039735979517
8.78700331849e-009	0.00397345493548
8.80777637598e-009	0.0039718793123
8.82854943347e-009	0.00396910484415
8.84932249096e-009	0.00396613666089
8.87009554845e-009	0.00396435137372
8.89086860594e-009	0.00396440125769
8.91164166343e-009	0.00396560929948
8.93241472092e-009	0.00396682677092
8.95318777841e-009	0.00396739260759
8.9739608359e-009	0.00396724481834
8.99473389339e-009	0.00396667560562
9.01550695088e-009	0.00396607833682
9.03628000837e-009	0.00396598718362
9.05705306587e-009	0.00396698404802
9.07782612336e-009	0.00396911875578
9.09859918085e-009	0.00397161446745
9.11937223834e-009	0.00397345528472
9.14014529583e-009	0.00397412240272
9.16091835332e-009	0.0039736427716
9.18169141081e-009	0.00397221843014
9.2024644683e-009	0.00397008121945
9.22323752579e-009	0.00396779965376
9.24401058328e-009	0.00396631465992
9.26478364077e-009	0.00396620080573
9.28555669826e-009	0.00396712357178
9.30632975575e-009	0.00396812520921
9.32710281324e-009	0.00396849808749
9.34787587073e-009	0.00396827358054
9.36864892822e-009	0.00396786513738
9.38942198571e-009	0.00396761868615
9.4101950432e-009	0.0039678850444
9.43096810069e-009	0.00396898126928
9.45174115818e-009	0.00397083803546
9.47251421568e-009	0.00397287326632
9.49328727317e-009	0.00397432665341
9.51406033066e-009	0.00397470965981
9.53483338815e-009	0.00397411786253
9.55560644564e-009	0.00397283327766
9.57637950313e-009	0.00397109647747
9.59715256062e-009	0.00396931072464
9.61792561811e-009	0.00396812707186
9.6386986756e-009	0.00396794889821
9.65947173309e-009	0.00396859174361
9.68024479058e-009	0.00396934332093
9.70101784807e-009	0.00396960694343
9.72179090556e-009	0.00396942219231
9.74256396305e-009	0.00396918901242
9.76333702054e-009	0.00396921025822
9.78411007803e-009	0.00396967690904
9.80488313552e-009	0.00397076079389
9.82565619301e-009	0.00397239776794
9.8464292505e-009	0.00397413020255
9.867202308e-009	0.00397525896551
9.88797536549e-009	0.00397538399557
9.90874842298e-009	0.00397466932191
9.92952148047e-009	0.00397351715947
9.95029453796e-009	0.00397217919817
9.97106759545e-009	0.0039708254626
9.99184065294e-009	0.0039697944303
1.00126137104e-008	0.00396951491712
1.00333867679e-008	0.00397000677185
1.00541598254e-008	0.00397065561265
1.00749328829e-008	0.00397084269207
1.00957059404e-008	0.00397062976845
1.01164789979e-008	0.00397048849845
1.01372520554e-008	0.00397076754598
1.01580251129e-008	0.00397149380296
1.01787981704e-008	0.00397252413677
1.01995712278e-008	0.00397384091048
1.02203442853e-008	0.00397524231812
1.02411173428e-008	0.00397621275624
1.02618904003e-008	0.00397627311759
1.02826634578e-008	0.0039754852769
1.03034365153e-008	0.00397434725892
1.03242095728e-008	0.00397325016093
1.03449826303e-008	0.00397226953646
1.03657556878e-008	0.00397147197509
1.03865287453e-008	0.00397113023791
1.04073018027e-008	0.00397135259118
1.04280748602e-008	0.003971840546
1.04488479177e-008	0.00397212430835
1.04696209752e-008	0.00397205399349
1.04903940327e-008	0.00397194555262
1.05111670902e-008	0.00397225504275
1.05319401477e-008	0.00397306575906
1.05527132052e-008	0.00397415674524
1.05734862627e-008	0.00397532561328
1.05942593202e-008	0.00397637672722
1.06150323777e-008	0.00397702748887
1.06358054351e-008	0.00397704861825
1.06565784926e-008	0.00397638784489
1.06773515501e-008	0.00397534697549
1.06981246076e-008	0.00397436413914
1.07188976651e-008	0.00397358939517
1.07396707226e-008	0.00397298968164
1.07604437801e-008	0.00397266150685
1.07812168376e-008	0.00397274305578
1.08019898951e-008	0.0039730828139
1.08227629526e-008	0.00397334934678
1.084353601e-008	0.00397338793846
1.08643090675e-008	0.00397342658835
1.0885082125e-008	0.00397381949006
1.09058551825e-008	0.00397462345427
1.092662824e-008	0.00397564470768
1.09474012975e-008	0.00397662672913
1.0968174355e-008	0.00397747178795
1.09889474125e-008	0.00397800712381
1.100972047e-008	0.00397796748439
1.10304935275e-008	0.00397731503472
1.1051266585e-008	0.00397639058065
1.10720396424e-008	0.00397556793178
1.10928126999e-008	0.00397496664664
1.11135857574e-008	0.00397449161392
1.11343588149e-008	0.00397414766485
1.11551318724e-008	0.00397409312427
1.11759049299e-008	0.00397437583888
1.11966779874e-008	0.00397469854215
1.12174510449e-008	0.00397482072003
1.12382241024e-008	0.0039749108837
1.12589971599e-008	0.00397531670751
1.12797702174e-008	0.00397612183588
1.13005432748e-008	0.0039771271986
1.13213163323e-008	0.00397798366612
1.13420893898e-008	0.00397857453208
1.13628624473e-008	0.0039789249422
1.13836355048e-008	0.00397892086767
1.14044085623e-008	0.00397840107325
1.14251816198e-008	0.00397754617734
1.14459546773e-008	0.00397673982661
1.14667277348e-008	0.00397621328011
1.14875007923e-008	0.00397588085616
1.15082738497e-008	0.00397561356658
1.15290469072e-008	0.00397548207548
1.15498199647e-008	0.00397562241415
1.15705930222e-008	0.00397596205585
1.15913660797e-008	0.00397625367623
1.16121391372e-008	0.00397644547047
1.16329121947e-008	0.0039768127026
1.16536852522e-008	0.00397755031008
1.16744583097e-008	0.00397848384455
1.16952313672e-008	0.00397927110316
1.17160044247e-008	0.00397974910447
1.17367774821e-008	0.00397995184176
1.17575505396e-008	0.00397987139877
1.17783235971e-008	0.00397944712313
1.17990966546e-008	0.00397871440509
1.18198697121e-008	0.00397795706522
1.18406427696e-008	0.00397747330135
1.18614158271e-008	0.00397723494098
1.18821888846e-008	0.00397705985233
1.19029619421e-008	0.00397692213301
1.19237349996e-008	0.00397697853623
1.1944508057e-008	0.00397727044765
1.19652811145e-008	0.0039776408812
1.1986054172e-008	0.00397794140736
1.20068272295e-008	0.00397830147995
1.2027600287e-008	0.00397893186891
1.20483733445e-008	0.00397979043191
1.2069146402e-008	0.00398054695688
1.20899194595e-008	0.00398095592391
1.2110692517e-008	0.00398102734471
1.21314655745e-008	0.00398087484064
1.2152238632e-008	0.00398051080992
1.21730116894e-008	0.00397990993224
1.21937847469e-008	0.00397924962454
1.22145578044e-008	0.00397876929492
1.22353308619e-008	0.0039785427507
1.22561039194e-008	0.00397844670806
1.22768769769e-008	0.0039783641696
1.22976500344e-008	0.00397837243509
1.23184230919e-008	0.00397860270459
1.23391961494e-008	0.00397900858661
1.23599692069e-008	0.00397939822869
1.23807422643e-008	0.00397979799891
1.24015153218e-008	0.00398034980753
1.24222883793e-008	0.00398106884677
1.24430614368e-008	0.00398173113354
1.24638344943e-008	0.00398210680578
1.24846075518e-008	0.00398212968139
1.25053806093e-008	0.00398192857392
1.25261536668e-008	0.00398158066673
1.25469267243e-008	0.00398108531954
1.25676997818e-008	0.00398052018136
1.25884728393e-008	0.00398007722106
1.26092458967e-008	0.00397987425094
1.26300189542e-008	0.00397981132846
1.26507920117e-008	0.00397973880172
1.26715650692e-008	0.00397972989595
1.26923381267e-008	0.00397994625382
1.27131111842e-008	0.00398036278784
1.27338842417e-008	0.00398083194159
1.27546572992e-008	0.00398125813808
1.27754303567e-008	0.00398171663983
1.27962034142e-008	0.00398233172018
1.28169764716e-008	0.00398296298226
1.28377495291e-008	0.00398329913151
1.28585225866e-008	0.00398323463742
1.28792956441e-008	0.00398297893116
1.29000687016e-008	0.00398266653065
1.29208417591e-008	0.00398231064901
1.29416148166e-008	0.00398184824735
1.29623878741e-008	0.00398139754543
1.29831609316e-008	0.00398116139695
1.30039339891e-008	0.00398115464486
1.30247070466e-008	0.0039811777533
1.3045480104e-008	0.00398119381862
1.30662531615e-008	0.00398132071132
1.3087026219e-008	0.00398169399705
1.31077992765e-008	0.00398222234799
1.3128572334e-008	0.00398270832375
1.31493453915e-008	0.00398312561447
1.3170118449e-008	0.00398359895917
1.31908915065e-008	0.00398410152411
1.3211664564e-008	0.0039844312123
1.32324376215e-008	0.00398442940786
1.32532106789e-008	0.00398414483061
1.32739837364e-008	0.00398378260434
1.32947567939e-008	0.00398345041322
1.33155298514e-008	0.0039831061149
1.33363029089e-008	0.00398275651969
1.33570759664e-008	0.00398249737918
1.33778490239e-008	0.003982415481
1.33986220814e-008	0.00398246746045
1.34193951389e-008	0.00398258661153
1.34401681964e-008	0.00398275326006
1.34609412539e-008	0.00398308411241
1.34817143113e-008	0.00398357544327
1.35024873688e-008	0.00398409116315
1.35232604263e-008	0.00398451893125
1.35440334838e-008	0.00398490787484
1.35648065413e-008	0.00398527627112
1.35855795988e-008	0.00398555101128
1.36063526563e-008	0.00398557161679
1.36271257138e-008	0.00398533255793
1.36478987713e-008	0.0039849896566
1.36686718288e-008	0.00398469337961
1.36894448863e-008	0.00398438598495
1.37102179437e-008	0.00398406357272
1.37309910012e-008	0.00398384546861
1.37517640587e-008	0.0039838028606
1.37725371162e-008	0.00398387439782
1.37933101737e-008	0.00398397946265
1.38140832312e-008	0.00398412655341
1.38348562887e-008	0.00398444704479
1.38556293462e-008	0.00398493534885
1.38764024037e-008	0.00398543506162
1.38971754612e-008	0.00398582854541
1.39179485186e-008	0.00398614135338
1.39387215761e-008	0.00398645474343
1.39594946336e-008	0.00398671650328
1.39802676911e-008	0.00398675119504
1.40010407486e-008	0.00398650916759
1.40218138061e-008	0.00398617319297
1.40425868636e-008	0.00398588000098
1.40633599211e-008	0.00398563832277
1.40841329786e-008	0.00398540007882
1.41049060361e-008	0.00398517941358
1.41256790936e-008	0.00398509594379
1.4146452151e-008	0.0039852092159
1.41672252085e-008	0.00398539192975
1.4187998266e-008	0.00398556672735
1.42087713235e-008	0.00398582994239
1.4229544381e-008	0.00398625130765
1.42503174385e-008	0.00398675428005
1.4271090496e-008	0.00398718263023
1.42918635535e-008	0.00398745661369
1.4312636611e-008	0.00398765446153
1.43334096685e-008	0.00398784433492
1.43541827259e-008	0.00398791674525
1.43749557834e-008	0.00398773537017
1.43957288409e-008	0.00398737506475
1.44165018984e-008	0.00398704985855
1.44372749559e-008	0.00398685829714
1.44580480134e-008	0.00398671731818
1.44788210709e-008	0.00398655654863
1.44995941284e-008	0.00398645515088
1.45203671859e-008	0.00398652057629
1.45411402434e-008	0.00398672313895
1.45619133009e-008	0.00398697407218
1.45826863583e-008	0.00398723757826
1.46034594158e-008	0.003987577511
1.46242324733e-008	0.00398802175187
1.46450055308e-008	0.00398845522432
1.46657785883e-008	0.00398875231622
1.46865516458e-008	0.00398891803343
1.47073247033e-008	0.00398901361041
1.47280977608e-008	0.00398905843031
1.47488708183e-008	0.00398894265527
1.47696438758e-008	0.00398866320029
1.47904169332e-008	0.00398834672524
1.48111899907e-008	0.00398811837658
1.48319630482e-008	0.00398798898095
1.48527361057e-008	0.00398789445171
1.48735091632e-008	0.00398783676792
1.48942822207e-008	0.00398786715232
1.49150552782e-008	0.00398804183351
1.49358283357e-008	0.00398831750499
1.49566013932e-008	0.00398863462033
1.49773744507e-008	0.00398898357525
1.49981475082e-008	0.003989363031
1.50189205656e-008	0.0039897331153
1.50396936231e-008	0.00399000995094
1.50604666806e-008	0.00399016588926
1.50812397381e-008	0.00399022409692
1.51020127956e-008	0.00399021944031
1.51227858531e-008	0.00399010779802
1.51435589106e-008	0.00398987322114
1.51643319681e-008	0.00398959714221
1.51851050256e-008	0.00398940197192
1.52058780831e-008	0.0039892969653
1.52266511405e-008	0.00398922519526
1.5247424198e-008	0.00398917513667
1.52681972555e-008	0.00398922897875
1.5288970313e-008	0.00398942671018
1.53097433705e-008	0.00398971338291
1.5330516428e-008	0.00398999085883
1.53512894855e-008	0.00399028148968
1.5372062543e-008	0.00399063609075
1.53928356005e-008	0.00399100873619
1.5413608658e-008	0.00399127422133
1.54343817155e-008	0.00399138062494
1.54551547729e-008	0.0039913909859
1.54759278304e-008	0.003991371952
1.54967008879e-008	0.00399131147424
1.55174739454e-008	0.00399114034371
1.55382470029e-008	0.00399087974802
1.55590200604e-008	0.00399065751117
1.55797931179e-008	0.0039905749145
1.56005661754e-008	0.00399057986215
1.56213392329e-008	0.00399057380855
1.56421122904e-008	0.00399059365736
1.56628853478e-008	0.00399073405424
1.56836584053e-008	0.00399102870142
1.57044314628e-008	0.00399137468776
1.57252045203e-008	0.00399167177966
1.57459775778e-008	0.00399192300392
1.57667506353e-008	0.00399222213309
1.57875236928e-008	0.00399250403279
1.58082967503e-008	0.00399266445311
1.58290698078e-008	0.00399266229942
1.58498428653e-008	0.00399258261314
1.58706159228e-008	0.00399249210022
1.58913889802e-008	0.00399237836245
1.59121620377e-008	0.00399219791871
1.59329350952e-008	0.00399196660146
1.59537081527e-008	0.00399181706598
1.59744812102e-008	0.00399180973182
1.59952542677e-008	0.00399189529708
1.60160273252e-008	0.00399199686944
1.60368003827e-008	0.00399213162018
1.60575734402e-008	0.00399235379882
1.60783464977e-008	0.00399267737521
1.60991195552e-008	0.0039930245257
1.61198926126e-008	0.00399330165237
1.61406656701e-008	0.0039935214445
1.61614387276e-008	0.00399371125968
1.61822117851e-008	0.00399385829223
1.62029848426e-008	0.00399389554514
1.62237579001e-008	0.00399382330943
1.62445309576e-008	0.00399370992091
1.62653040151e-008	0.00399358640425
1.62860770726e-008	0.00399342231685
1.63068501301e-008	0.00399327627383
1.63276231875e-008	0.003993186343
1.6348396245e-008	0.00399317493429
1.63691693025e-008	0.00399322522571
1.638994236e-008	0.00399333093083
1.64107154175e-008	0.00399348320207
1.6431488475e-008	0.00399371859385
1.64522615325e-008	0.00399401440518
1.647303459e-008	0.00399431609549
1.64938076475e-008	0.00399456877494
1.6514580705e-008	0.00399479107
1.65353537625e-008	0.00399498612387
1.65561268199e-008	0.0039951124927
1.65768998774e-008	0.00399511872092
1.65976729349e-008	0.00399504130473
1.66184459924e-008	0.00399494357407
1.66392190499e-008	0.00399484677473
1.66599921074e-008	0.00399472139543
1.66807651649e-008	0.00399457768071
1.67015382224e-008	0.00399446790107
1.67223112799e-008	0.00399448204553
1.67430843374e-008	0.00399457995081
1.67638573948e-008	0.00399470230332
1.67846304523e-008	0.00399483152432
1.68054035098e-008	0.00399502669461
1.68261765673e-008	0.00399531325093
1.68469496248e-008	0.00399563263636
1.68677226823e-008	0.00399589008885
1.68884957398e-008	0.00399605976418
1.69092687973e-008	0.00399619509699
1.69300418548e-008	0.00399631628534
1.69508149123e-008	0.00399636774091
1.69715879698e-008	0.00399629282765
1.69923610272e-008	0.00399615539936
1.70131340847e-008	0.00399604981067
1.70339071422e-008	0.00399599317461
1.70546801997e-008	0.00399591744645
1.70754532572e-008	0.00399581209058
1.70962263147e-008	0.00399576913333
1.71169993722e-008	0.00399585656123
1.71377724297e-008	0.00399603007827
1.71585454872e-008	0.00399620539974
1.71793185447e-008	0.00399638374802
1.72000916021e-008	0.00399661657866
1.72208646596e-008	0.00399690616177
1.72416377171e-008	0.00399716862012
1.72624107746e-008	0.00399735372048
1.72831838321e-008	0.00399746216135
1.73039568896e-008	0.00399753911188
