% time-domain current integration by openEMS v0.0.35 @Sat Apr 11 04:01:25 2020
% start-coordinates: (-0.00666667,-0.00102564,-0.001524) m -> [23,32,6]
% stop-coordinates: (-0.0058,0.001,-0.001524) m -> [33,38,6]
% t/s	current
3.2772901311e-015	-0
1.04185053268e-011	3.94712770913e-007
2.08337333634e-011	1.57300382853e-006
3.12489614001e-011	5.01599424751e-006
4.16641894367e-011	1.35303698698e-005
5.20794174734e-011	3.17304402415e-005
6.249464551e-011	6.54777468299e-005
7.29098735467e-011	0.000118797994219
8.33251015833e-011	0.000187621160876
9.374032962e-011	0.000250800367212
1.04155557657e-010	0.000262685265625
1.14570785693e-010	0.000154638619279
1.2498601373e-010	-0.00014781903883
1.35401241767e-010	-0.000691912602633
1.45816469803e-010	-0.00146033952478
1.5623169784e-010	-0.00235067890026
1.66646925877e-010	-0.0031902526971
1.77062153913e-010	-0.00378842791542
1.8747738195e-010	-0.00400530546904
1.97892609986e-010	-0.00380283314735
2.08307838023e-010	-0.00325234467164
2.1872306606e-010	-0.00249743345194
2.29138294096e-010	-0.00169571687002
2.39553522133e-010	-0.000970480672549
2.4996875017e-010	-0.0003907768114
2.60383978206e-010	2.23004008149e-005
2.70799206243e-010	0.00027875523665
2.8121443428e-010	0.000407017330872
2.91629662316e-010	0.000449358747574
3.02044890353e-010	0.000459647009848
3.1246011839e-010	0.000495447893627
3.22875346426e-010	0.000602354179136
3.33290574463e-010	0.000796330685262
3.437058025e-010	0.00105384818744
3.54121030536e-010	0.00131732807495
3.64536258573e-010	0.00151595531497
3.7495148661e-010	0.00159332936164
3.85366714646e-010	0.00152952654753
3.95781942683e-010	0.00134638382588
4.06197170719e-010	0.00109361181967
4.16612398756e-010	0.000823955459055
4.27027626793e-010	0.000571925833356
4.37442854829e-010	0.000348063796991
4.47858082866e-010	0.000150662686792
4.58273310903e-010	-1.50160722114e-005
4.68688538939e-010	-0.000125311198644
4.79103766976e-010	-0.000144282021211
4.89518995013e-010	-4.49392500741e-005
4.99934223049e-010	0.000168168669916
5.10349451086e-010	0.000450183200883
5.20764679123e-010	0.000727828941308
5.31179907159e-010	0.000926322187297
5.41595135196e-010	0.000997123075649
5.52010363233e-010	0.000932992203161
5.62425591269e-010	0.000764968455769
5.72840819306e-010	0.000545607355889
5.83256047342e-010	0.000328628491843
5.93671275379e-010	0.000153987974045
6.04086503416e-010	4.20743672294e-005
6.14501731452e-010	-4.83218627778e-006
6.24916959489e-010	2.27911255024e-006
6.35332187526e-010	4.47746242571e-005
6.45747415562e-010	0.00010212950292
6.56162643599e-010	0.000157670277986
6.66577871636e-010	0.000202816576348
6.76993099672e-010	0.00023786946258
6.87408327709e-010	0.000268455740297
6.97823555746e-010	0.000299515319057
7.08238783782e-010	0.000330356531776
7.18654011819e-010	0.000353715877282
7.29069239856e-010	0.00035912002204
7.39484467892e-010	0.000338134530466
7.49899695929e-010	0.000288519222522
7.60314923966e-010	0.000215490537812
7.70730152002e-010	0.000130318265292
7.81145380039e-010	4.76117020298e-005
7.91560608075e-010	-1.75617406057e-005
8.01975836112e-010	-5.25023897353e-005
8.12391064149e-010	-4.97292203363e-005
8.22806292185e-010	-9.59023873293e-006
8.33221520222e-010	5.84917106607e-005
8.43636748259e-010	0.000137416966027
8.54051976295e-010	0.00020684816991
8.64467204332e-010	0.000249405915383
8.74882432369e-010	0.000256065628491
8.85297660405e-010	0.000228501623496
8.95712888442e-010	0.000177411478944
9.06128116479e-010	0.000117978124763
9.16543344515e-010	6.46914631943e-005
9.26958572552e-010	2.7542368116e-005
9.37373800589e-010	1.04390428532e-005
9.47789028625e-010	1.14981112347e-005
9.58204256662e-010	2.4511180527e-005
9.68619484699e-010	4.11910405091e-005
9.79034712735e-010	5.39186075912e-005
9.89449940772e-010	5.84409026487e-005
9.99865168808e-010	5.54578728043e-005
1.01028039685e-009	5.00337082485e-005
1.02069562488e-009	4.87606375827e-005
1.03111085292e-009	5.60294029128e-005
1.04152608096e-009	7.14092893759e-005
1.05194130899e-009	8.9639230282e-005
1.06235653703e-009	0.000103053323983
1.07277176506e-009	0.000105053550215
1.0831869931e-009	9.27817745833e-005
1.09360222114e-009	6.80340672261e-005
1.10401744917e-009	3.64583684132e-005
1.11443267721e-009	5.72372255192e-006
1.12484790525e-009	-1.66583013197e-005
1.13526313328e-009	-2.53950511251e-005
1.14567836132e-009	-1.89323782251e-005
1.15609358936e-009	-1.42876572795e-008
1.16650881739e-009	2.51258661592e-005
1.17692404543e-009	4.87991746922e-005
1.18733927347e-009	6.44493993605e-005
1.1977545015e-009	6.87431092956e-005
1.20816972954e-009	6.22812149231e-005
1.21858495758e-009	4.87899997097e-005
1.22900018561e-009	3.33053685608e-005
1.23941541365e-009	2.02552764677e-005
1.24983064169e-009	1.22298306451e-005
1.26024586972e-009	9.66781226452e-006
1.27066109776e-009	1.12982161227e-005
1.2810763258e-009	1.49065790538e-005
1.29149155383e-009	1.81464474736e-005
1.30190678187e-009	1.92356637854e-005
1.31232200991e-009	1.74848391907e-005
1.32273723794e-009	1.35055706778e-005
1.33315246598e-009	9.00957820704e-006
1.34356769402e-009	6.12703024672e-006
1.35398292205e-009	6.51725667922e-006
1.36439815009e-009	1.06044763015e-005
1.37481337813e-009	1.73296321009e-005
1.38522860616e-009	2.45190385613e-005
1.3956438342e-009	2.96802718367e-005
1.40605906224e-009	3.08635026158e-005
1.41647429027e-009	2.73038476735e-005
1.42688951831e-009	1.96127966774e-005
1.43730474635e-009	9.62138983596e-006
1.44771997438e-009	-1.30055923364e-007
1.45813520242e-009	-7.0613459684e-006
1.46855043046e-009	-9.3064891189e-006
1.47896565849e-009	-6.34931848253e-006
1.48938088653e-009	7.24456072021e-007
1.49979611457e-009	9.5055802376e-006
1.5102113426e-009	1.70757903106e-005
1.52062657064e-009	2.1073528842e-005
1.53104179868e-009	2.05248852581e-005
1.54145702671e-009	1.61222469615e-005
1.55187225475e-009	9.80688582786e-006
1.56228748279e-009	3.93205482396e-006
1.57270271082e-009	3.75676336262e-007
1.58311793886e-009	-6.61248833467e-008
1.5935331669e-009	2.18017544285e-006
1.60394839493e-009	5.74158184463e-006
1.61436362297e-009	8.86066754902e-006
1.62477885101e-009	1.00805254988e-005
1.63519407904e-009	8.77672300703e-006
1.64560930708e-009	5.40080100109e-006
1.65602453512e-009	1.27971350139e-006
1.66643976315e-009	-1.93633945855e-006
1.67685499119e-009	-2.95587437904e-006
1.68727021923e-009	-1.36919356919e-006
1.69768544726e-009	2.22021026275e-006
1.7081006753e-009	6.4674954956e-006
1.71851590334e-009	9.84828602668e-006
1.72893113137e-009	1.12268462544e-005
1.73934635941e-009	1.02321746454e-005
1.74976158745e-009	7.30339434085e-006
1.76017681548e-009	3.45274520441e-006
1.77059204352e-009	-1.35332882678e-007
1.78100727156e-009	-2.49089839599e-006
1.79142249959e-009	-3.1200563626e-006
1.80183772763e-009	-2.08981327887e-006
1.81225295567e-009	6.33436556541e-008
1.8226681837e-009	2.53896132563e-006
1.83308341174e-009	4.54466271549e-006
1.84349863978e-009	5.53630252398e-006
1.85391386781e-009	5.35592334927e-006
1.86432909585e-009	4.22888751928e-006
1.87474432389e-009	2.6367342798e-006
1.88515955192e-009	1.1195809293e-006
1.89557477996e-009	1.16848923426e-007
1.905990008e-009	-1.50532557086e-007
1.91640523603e-009	3.01845403783e-007
1.92682046407e-009	1.24492339637e-006
1.93723569211e-009	2.31003241424e-006
1.94765092014e-009	3.08823405248e-006
1.95806614818e-009	3.25292080561e-006
