% time-domain voltage integration by openEMS v0.0.35 @Sat Apr 11 04:01:25 2020
% start-coordinates: (-0.00591111,-0.000333333,-0.001559) m -> [28,35,4]
% stop-coordinates: (-0.00591111,-0.000333333,3.5e-005) m -> [28,35,10]
% t/s	voltage
0	0
1.04152280366e-011	2.40719228444e-005
2.08304560733e-011	8.99953319049e-005
3.12456841099e-011	0.000270253570363
4.16609121466e-011	0.000691234073486
5.20761401832e-011	0.00153863745777
6.24913682199e-011	0.00299056734434
7.29065962565e-011	0.00504468002555
8.33218242932e-011	0.0072107955848
9.37370523298e-011	0.00818558971969
1.04152280366e-010	0.00575632662094
1.14567508403e-010	-0.00273916463493
1.2498273644e-010	-0.0192326975375
1.35397964476e-010	-0.043331856803
1.45813192513e-010	-0.0711472673574
1.5622842055e-010	-0.0955534154382
1.66643648586e-010	-0.108344889697
1.77058876623e-010	-0.103619029606
1.8747410466e-010	-0.0807301646455
1.97889332696e-010	-0.0451069729861
2.08304560733e-010	-0.00631938371043
2.1871978877e-010	0.0256585603238
2.29135016806e-010	0.0440870811181
2.39550244843e-010	0.0473340538429
2.4996547288e-010	0.038458797474
2.60380700916e-010	0.0231530129577
2.70795928953e-010	0.00723319853705
2.8121115699e-010	-0.00530875987261
2.91626385026e-010	-0.013192921665
3.02041613063e-010	-0.0176573178753
3.12456841099e-010	-0.0214345188318
3.22872069136e-010	-0.027318428464
3.33287297173e-010	-0.0368278024489
3.43702525209e-010	-0.0494487565938
3.54117753246e-010	-0.0627601976841
3.64532981283e-010	-0.0733959906993
3.74948209319e-010	-0.0784495074745
3.85363437356e-010	-0.0766342255523
3.95778665393e-010	-0.0687006806696
4.06193893429e-010	-0.0568985606226
4.16609121466e-010	-0.0438175394304
4.27024349503e-010	-0.0312870552773
4.37439577539e-010	-0.0199737344886
4.47854805576e-010	-0.00984505809566
4.58270033613e-010	-0.00109325402951
4.68685261649e-010	0.00521375796569
4.79100489686e-010	0.0072985663025
4.89515717723e-010	0.00363984455515
4.99930945759e-010	-0.00586824594785
5.10346173796e-010	-0.0193360961242
5.20761401832e-010	-0.0332974937995
5.31176629869e-010	-0.0439605641444
5.41591857906e-010	-0.048621539718
5.52007085942e-010	-0.0465535084152
5.62422313979e-010	-0.0390085623733
5.72837542016e-010	-0.0284769586036
5.83252770052e-010	-0.0176712727592
5.93667998089e-010	-0.0087189865556
6.04083226126e-010	-0.00278963966076
6.14498454162e-010	-0.000116429355583
6.24913682199e-010	-0.000219475032479
6.35328910236e-010	-0.00219097210521
6.45744138272e-010	-0.00498924652612
6.56159366309e-010	-0.00773645020428
6.66574594346e-010	-0.00995128534333
6.76989822382e-010	-0.0116168393509
6.87405050419e-010	-0.0130251568756
6.97820278455e-010	-0.0144753320749
7.08235506492e-010	-0.0159974789061
7.18650734529e-010	-0.0172690914772
7.29065962565e-010	-0.0177578092628
7.39481190602e-010	-0.01698821989
7.49896418639e-010	-0.0147730834745
7.60311646675e-010	-0.0113064780165
7.70726874712e-010	-0.00711131643521
7.81142102749e-010	-0.00290713066016
7.91557330785e-010	0.000539311739262
8.01972558822e-010	0.00256010444236
8.12387786859e-010	0.00273150880111
8.22803014895e-010	0.00100737782549
8.33218242932e-010	-0.00220818587405
8.43633470969e-010	-0.00611170152689
8.54048699005e-010	-0.00970123354665
8.64463927042e-010	-0.0120756650634
8.74879155079e-010	-0.0127135444457
8.85294383115e-010	-0.0116151388286
8.95709611152e-010	-0.00924922521909
9.06124839188e-010	-0.00634553040191
9.16540067225e-010	-0.00363824050401
9.26955295262e-010	-0.00166338349714
9.37370523298e-010	-0.000663302038502
9.47785751335e-010	-0.000587499884372
9.58200979372e-010	-0.00115756024303
9.68616207408e-010	-0.00197113116365
9.79031435445e-010	-0.00263536642325
9.89446663482e-010	-0.00290437475297
9.99861891518e-010	-0.00277226400868
1.01027711955e-009	-0.00246465441597
1.02069234759e-009	-0.00231423160386
1.03110757563e-009	-0.00257505363589
1.04152280366e-009	-0.00327543729855
1.0519380317e-009	-0.00419148689462
1.06235325974e-009	-0.00494938251023
1.07276848777e-009	-0.0051946265533
1.08318371581e-009	-0.00473837637247
1.09359894385e-009	-0.00362270441184
1.10401417188e-009	-0.0020962782317
1.11442939992e-009	-0.000532327748428
1.12484462796e-009	0.000680455400756
1.13525985599e-009	0.00124633893978
1.14567508403e-009	0.00104803580979
1.15609031207e-009	0.000186731779737
1.1665055401e-009	-0.0010469464126
1.17692076814e-009	-0.00226775790617
1.18733599618e-009	-0.00312707161794
1.19775122421e-009	-0.00342635466114
1.20816645225e-009	-0.00316711434271
1.21858168029e-009	-0.0025200980952
1.22899690832e-009	-0.00173831649596
1.23941213636e-009	-0.0010561037771
1.2498273644e-009	-0.000619818220511
1.26024259243e-009	-0.000464309177571
1.27065782047e-009	-0.000531986985774
1.28107304851e-009	-0.000712167447372
1.29148827654e-009	-0.000883617841792
1.30190350458e-009	-0.000951967337809
1.31231873262e-009	-0.000876584178114
1.32273396065e-009	-0.000682371176536
1.33314918869e-009	-0.000451092928696
1.34356441673e-009	-0.000289151678258
1.35397964476e-009	-0.000284297392053
1.3643948728e-009	-0.000466217365496
1.37481010084e-009	-0.000791327456964
1.38522532887e-009	-0.00115693246795
1.39564055691e-009	-0.00143884575055
1.40605578495e-009	-0.00153395182161
1.41647101298e-009	-0.00139470326718
1.42688624102e-009	-0.0010413180176
1.43730146906e-009	-0.000556729102126
1.44771669709e-009	-6.30018842979e-005
1.45813192513e-009	0.000310465700183
1.46854715317e-009	0.000463562258634
1.4789623812e-009	0.000358728441428
1.48937760924e-009	3.65368886823e-005
1.49979283728e-009	-0.000392573859412
1.51020806531e-009	-0.000785299299023
1.52062329335e-009	-0.00101684895122
1.53103852139e-009	-0.00102565336493
1.54145374942e-009	-0.000832483118811
1.55186897746e-009	-0.000525345358309
1.5622842055e-009	-0.000220817560317
1.57269943353e-009	-1.93531741533e-005
1.58311466157e-009	2.84467877695e-005
1.59352988961e-009	-6.70733056846e-005
1.60394511764e-009	-0.000243684605604
1.61436034568e-009	-0.000414023872222
1.62477557372e-009	-0.000499223140933
1.63519080175e-009	-0.000458093323854
1.64560602979e-009	-0.000303374404153
1.65602125783e-009	-9.52240210775e-005
1.66643648586e-009	8.32451227983e-005
1.6768517139e-009	0.000160675832833
1.68726694194e-009	0.000106120811811
1.69768216997e-009	-5.95802145166e-005
1.70809739801e-009	-0.000273936502593
1.71851262605e-009	-0.000459061193905
1.72892785408e-009	-0.000551292254441
1.73934308212e-009	-0.000523360308474
1.74975831016e-009	-0.000389894348242
1.76017353819e-009	-0.000198484879688
1.77058876623e-009	-9.78048292338e-006
1.78100399427e-009	0.000122980919558
1.7914192223e-009	0.000169522575991
1.80183445034e-009	0.000128473584571
1.81224967838e-009	2.46391405821e-005
1.82266490641e-009	-0.000101565675362
1.83308013445e-009	-0.000208197020923
1.84349536249e-009	-0.000265255650673
1.85391059052e-009	-0.000262460540111
1.86432581856e-009	-0.000209906926583
1.8747410466e-009	-0.000131392214197
1.88515627463e-009	-5.46286077746e-005
1.89557150267e-009	-2.18591224976e-006
1.90598673071e-009	1.41264863537e-005
1.91640195874e-009	-5.37201009532e-006
1.92681718678e-009	-4.98219874866e-005
1.93723241482e-009	-0.000101720167617
1.94764764285e-009	-0.000141444616132
1.95806287089e-009	-0.00015309318982
